object={
	name="african_dynamic_forestry_objects_generator_2_0"
	clamp_to_water_level=no
	render_under_water=no
	generated_content=yes
	layer="forestry_dynamic"
	pdxmesh="generic_forestry_lumberpile_02_mesh"
	count=7
	transform="5012.569336 0.000000 1473.980225 0.000000 0.023341 0.000000 -0.999728 0.500000 0.500000 0.500000
5029.432617 0.000000 1479.620850 0.000000 0.952131 0.000000 -0.305689 0.500000 0.500000 0.500000
5033.385742 0.000000 1501.511841 0.000000 0.965729 0.000000 0.259554 0.500000 0.500000 0.500000
5023.826172 0.000000 1476.716187 0.000000 0.542431 0.000000 0.840100 0.500000 0.500000 0.500000
5027.765137 0.000000 1494.441040 0.000000 0.727362 0.000000 -0.686254 0.500000 0.500000 0.500000
5036.083496 0.000000 1488.654785 0.000000 0.265571 0.000000 0.964091 0.500000 0.500000 0.500000
5032.763184 0.000000 1483.715942 0.000000 0.359232 0.000000 -0.933248 0.500000 0.500000 0.500000
"}
