object={
	name="arabic_dynamic_forestry_objects_generator_1_0"
	clamp_to_water_level=no
	render_under_water=no
	generated_content=yes
	layer="forestry_dynamic"
	pdxmesh="arabic_forestry_scatter_01_mesh"
	count=15
	transform="3967.487305 0.000000 2346.087158 0.000000 0.512633 0.000000 0.858608 0.000000 0.000000 0.000000
4821.705078 0.000000 2455.695801 0.000000 0.137485 0.000000 0.990504 0.000000 0.000000 0.000000
4996.458496 0.000000 2483.294189 0.000000 0.831661 0.000000 0.555283 0.000000 0.000000 0.000000
5805.516602 0.000000 1935.202026 0.000000 0.821907 0.000000 0.569622 0.000000 0.000000 0.000000
5973.705078 0.000000 2003.820801 0.000000 0.945845 0.000000 0.324617 0.000000 0.000000 0.000000
5818.544434 0.000000 2186.829346 0.000000 0.598428 0.000000 0.801177 0.000000 0.000000 0.000000
5140.968750 0.000000 2650.406250 0.000000 0.208141 0.000000 0.978099 0.000000 0.000000 0.000000
5157.982422 0.000000 2705.027344 0.000000 0.949516 0.000000 0.313718 0.000000 0.000000 0.000000
5096.832520 0.000000 2714.751221 0.000000 0.395406 0.000000 0.918507 0.000000 0.000000 0.000000
5138.127930 0.000000 2724.526123 0.000000 0.727054 0.000000 0.686580 0.000000 0.000000 0.000000
5397.705078 0.000000 2794.602051 0.000000 0.990737 0.000000 0.135797 0.000000 0.000000 0.000000
6145.451172 0.000000 2045.613159 0.000000 0.323452 0.000000 0.946244 0.000000 0.000000 0.000000
6189.516602 0.000000 2104.655273 0.000000 0.393259 0.000000 0.919428 0.000000 0.000000 0.000000
6172.793945 0.000000 2092.763672 0.000000 0.777963 0.000000 0.628311 0.000000 0.000000 0.000000
6364.793945 0.000000 2770.576172 0.000000 0.919173 0.000000 0.393854 0.000000 0.000000 0.000000
"}
object={
	name="arabic_dynamic_forestry_objects_generator_1_1"
	clamp_to_water_level=no
	render_under_water=no
	generated_content=yes
	layer="forestry_dynamic"
	pdxmesh="arabic_forestry_scatter_02_mesh"
	count=22
	transform="4730.368164 0.000000 2424.269775 0.000000 0.996333 0.000000 -0.085559 0.000000 0.000000 0.000000
4912.205566 0.000000 2428.802490 0.000000 0.523861 0.000000 -0.851804 0.000000 0.000000 0.000000
5050.807129 0.000000 2661.420166 0.000000 0.906270 0.000000 -0.422699 0.000000 0.000000 0.000000
5068.978516 0.000000 2655.501709 0.000000 0.107787 0.000000 -0.994174 0.000000 0.000000 0.000000
5105.272949 0.000000 2688.390625 0.000000 0.952714 0.000000 -0.303868 0.000000 0.000000 0.000000
5972.968750 0.000000 2029.078247 0.000000 0.639457 0.000000 -0.768827 0.000000 0.000000 0.000000
5956.458496 0.000000 2087.903564 0.000000 0.460840 0.000000 -0.887483 0.000000 0.000000 0.000000
5953.318848 0.000000 2128.810303 0.000000 0.802153 0.000000 -0.597119 0.000000 0.000000 0.000000
6081.451172 0.000000 2045.613159 0.000000 0.890101 0.000000 -0.455763 0.000000 0.000000 0.000000
6044.793945 0.000000 2092.763672 0.000000 0.999863 0.000000 -0.016528 0.000000 0.000000 0.000000
5151.453613 0.000000 2615.011475 0.000000 0.987765 0.000000 -0.155947 0.000000 0.000000 0.000000
5146.979980 0.000000 2640.114014 0.000000 0.998853 0.000000 -0.047881 0.000000 0.000000 0.000000
5176.065918 0.000000 2680.128174 0.000000 0.686751 0.000000 -0.726893 0.000000 0.000000 0.000000
5191.671387 0.000000 2679.622070 0.000000 0.219966 0.000000 -0.975508 0.000000 0.000000 0.000000
5761.451172 0.000000 2497.488037 0.000000 0.417568 0.000000 -0.908645 0.000000 0.000000 0.000000
5781.705078 0.000000 2568.664551 0.000000 0.613333 0.000000 -0.789825 0.000000 0.000000 0.000000
5825.451172 0.000000 2610.456787 0.000000 0.359053 0.000000 -0.933317 0.000000 0.000000 0.000000
6036.968750 0.000000 2706.890625 0.000000 0.999867 0.000000 -0.016327 0.000000 0.000000 0.000000
5101.516602 0.000000 2725.983398 0.000000 0.988726 0.000000 -0.149736 0.000000 0.000000 0.000000
5370.544434 0.000000 2808.157471 0.000000 0.936849 0.000000 -0.349733 0.000000 0.000000 0.000000
6164.968750 0.000000 2085.562500 0.000000 0.893683 0.000000 -0.448698 0.000000 0.000000 0.000000
6182.230957 0.000000 2071.966553 0.000000 0.806504 0.000000 -0.591229 0.000000 0.000000 0.000000
"}
