object={
	name="arabic_dynamic_forestry_objects_generator_2_0"
	clamp_to_water_level=no
	render_under_water=no
	generated_content=yes
	layer="forestry_dynamic"
	pdxmesh="generic_forestry_lumberpile_02_mesh"
	count=369
	transform="3872.032227 0.000000 2183.344238 0.000000 0.650380 0.000000 0.759609 0.500000 0.500000 0.500000
3873.099609 0.000000 2180.355957 0.000000 0.578741 0.000000 0.815512 0.500000 0.500000 0.500000
3868.793701 0.000000 2205.732422 0.000000 0.132948 0.000000 0.991123 0.500000 0.500000 0.500000
3872.617920 0.000000 2206.256348 0.000000 0.996979 0.000000 0.077666 0.500000 0.500000 0.500000
3875.104248 0.000000 2211.432617 0.000000 0.369263 0.000000 0.929325 0.500000 0.500000 0.500000
3948.063232 0.000000 2324.848389 0.000000 0.312882 0.000000 0.949792 0.500000 0.500000 0.500000
3963.211426 0.000000 2345.477539 0.000000 0.884572 0.000000 0.466403 1.000000 1.000000 1.000000
3951.663086 0.000000 2325.871338 0.000000 0.745642 0.000000 -0.666346 0.500000 0.500000 0.500000
3964.832764 0.000000 2348.181152 0.000000 0.401145 0.000000 0.916014 0.500000 0.500000 0.500000
3962.637451 0.000000 2342.792969 0.000000 0.883506 0.000000 -0.468420 0.500000 0.500000 0.500000
3965.738281 0.000000 2344.108643 0.000000 0.315885 0.000000 0.948798 0.725490 0.725490 0.725490
3960.742188 0.000000 2345.753174 0.000000 0.971873 0.000000 -0.235505 0.500000 0.500000 0.500000
3951.645996 0.000000 2323.557373 0.000000 0.539682 0.000000 0.841869 0.500000 0.500000 0.500000
3962.561523 0.000000 2347.618652 0.000000 0.750229 0.000000 -0.661178 0.640523 0.640523 0.640523
3965.382568 0.000000 2346.161621 0.000000 0.550261 0.000000 0.834992 1.000000 1.000000 1.000000
3949.587646 0.000000 2323.631592 0.000000 0.553911 0.000000 -0.832576 0.673203 0.673203 0.673203
5050.368164 0.000000 1520.519653 0.000000 0.550695 0.000000 0.834706 0.500000 0.500000 0.500000
5047.107910 0.000000 1513.795044 0.000000 0.995485 0.000000 -0.094923 0.500000 0.500000 0.500000
5850.979980 0.000000 1736.364014 0.000000 0.802328 0.000000 -0.596884 0.500000 0.500000 0.500000
4849.272949 0.000000 2236.515625 0.000000 0.889210 0.000000 0.457500 0.500000 0.500000 0.500000
4856.315430 0.000000 2239.899658 0.000000 0.176075 0.000000 0.984377 0.500000 0.500000 0.500000
4265.260742 0.000000 2360.081543 0.000000 0.907056 0.000000 -0.421010 0.500000 0.500000 0.500000
4271.868652 0.000000 2364.270264 0.000000 0.971658 0.000000 -0.236391 0.500000 0.500000 0.500000
4263.167969 0.000000 2364.329346 0.000000 0.477510 0.000000 0.878626 0.588235 0.588235 0.588235
4288.254883 0.000000 2363.000244 0.000000 0.984335 0.000000 -0.176309 0.500000 0.500000 0.500000
4322.932617 0.000000 2369.936279 0.000000 0.990947 0.000000 0.134253 0.500000 0.500000 0.500000
4321.947754 0.000000 2365.333008 0.000000 0.060142 0.000000 0.998190 0.500000 0.500000 0.500000
4324.620605 0.000000 2362.567871 0.000000 0.219048 0.000000 -0.975714 0.500000 0.500000 0.500000
4306.579102 0.000000 2371.048340 0.000000 0.376282 0.000000 -0.926505 0.500000 0.500000 0.500000
4309.934570 0.000000 2370.671387 0.000000 0.073247 0.000000 0.997314 0.500000 0.500000 0.500000
4289.118652 0.000000 2360.589600 0.000000 0.345926 0.000000 -0.938262 0.549020 0.549020 0.549020
4308.569336 0.000000 2377.730225 0.000000 0.979357 0.000000 -0.202138 0.500000 0.500000 0.500000
4311.491699 0.000000 2372.975342 0.000000 0.969382 0.000000 -0.245558 0.500000 0.500000 0.500000
4306.283691 0.000000 2373.476562 0.000000 0.999966 0.000000 -0.008271 0.529412 0.529412 0.529412
4303.831543 0.000000 2376.515625 0.000000 0.773180 0.000000 0.634186 0.500000 0.500000 0.500000
4308.994629 0.000000 2374.896484 0.000000 0.984146 0.000000 -0.177362 0.500000 0.500000 0.500000
4308.805176 0.000000 2372.411377 0.000000 0.975967 0.000000 -0.217919 0.529412 0.529412 0.529412
4314.245605 0.000000 2390.855713 0.000000 0.937859 0.000000 0.347017 0.500000 0.500000 0.500000
4780.662598 0.000000 2422.923828 0.000000 0.997077 0.000000 0.076404 0.500000 0.500000 0.500000
4841.385742 0.000000 2405.261963 0.000000 0.151938 0.000000 0.988390 0.500000 0.500000 0.500000
4845.434082 0.000000 2402.072998 0.000000 0.370992 0.000000 -0.928636 0.500000 0.500000 0.500000
4783.868652 0.000000 2477.239014 0.000000 0.967282 0.000000 -0.253705 0.500000 0.500000 0.500000
4797.507812 0.000000 2478.604980 0.000000 0.984729 0.000000 -0.174093 0.500000 0.500000 0.500000
4783.537109 0.000000 2455.956543 0.000000 0.973206 0.000000 -0.229936 0.500000 0.500000 0.500000
4811.959473 0.000000 2477.319092 0.000000 0.668736 0.000000 -0.743500 0.500000 0.500000 0.500000
4820.569336 0.000000 2434.214600 0.000000 0.992052 0.000000 0.125828 0.500000 0.500000 0.500000
4800.254883 0.000000 2475.968994 0.000000 0.916597 0.000000 0.399812 0.500000 0.500000 0.500000
4815.272949 0.000000 2450.746582 0.000000 0.582188 0.000000 -0.813054 0.500000 0.500000 0.500000
4822.478027 0.000000 2463.721436 0.000000 0.195847 0.000000 -0.980634 0.500000 0.500000 0.500000
4814.875488 0.000000 2473.590088 0.000000 0.481085 0.000000 0.876674 0.500000 0.500000 0.500000
4817.260254 0.000000 2455.285156 0.000000 0.562234 0.000000 0.826978 0.500000 0.500000 0.500000
4801.884766 0.000000 2479.880615 0.000000 0.952739 0.000000 -0.303789 0.500000 0.500000 0.500000
4800.163086 0.000000 2463.574707 0.000000 0.552566 0.000000 -0.833469 0.500000 0.500000 0.500000
4803.510742 0.000000 2475.756104 0.000000 0.995912 0.000000 -0.090328 0.500000 0.500000 0.500000
4916.365234 0.000000 2411.610107 0.000000 0.111877 0.000000 -0.993722 0.500000 0.500000 0.500000
4885.208496 0.000000 2412.222900 0.000000 0.934852 0.000000 -0.355036 0.500000 0.500000 0.500000
4882.230469 0.000000 2410.379395 0.000000 0.887314 0.000000 0.461165 0.500000 0.500000 0.500000
4935.671387 0.000000 2397.200195 0.000000 0.498337 0.000000 -0.866984 0.500000 0.500000 0.500000
4930.396484 0.000000 2374.205811 0.000000 0.839977 0.000000 -0.542622 0.500000 0.500000 0.500000
4935.914551 0.000000 2374.180664 0.000000 0.604653 0.000000 0.796489 0.500000 0.500000 0.500000
4939.929688 0.000000 2384.349609 0.000000 0.122882 0.000000 0.992421 0.500000 0.500000 0.500000
4934.330566 0.000000 2384.440674 0.000000 0.995295 0.000000 0.096888 0.500000 0.500000 0.500000
4932.047852 0.000000 2380.693848 0.000000 0.527240 0.000000 -0.849716 0.500000 0.500000 0.500000
4941.506836 0.000000 2408.158203 0.000000 0.701789 0.000000 0.712385 0.500000 0.500000 0.500000
4933.464844 0.000000 2377.125732 0.000000 0.152186 0.000000 -0.988352 0.500000 0.500000 0.500000
4909.943359 0.000000 2431.183105 0.000000 0.542651 0.000000 -0.839958 0.500000 0.500000 0.500000
4904.763184 0.000000 2443.950195 0.000000 0.977724 0.000000 -0.209897 0.500000 0.500000 0.500000
4889.661133 0.000000 2431.894287 0.000000 0.764732 0.000000 0.644348 0.500000 0.500000 0.500000
4959.758301 0.000000 2458.987793 0.000000 0.855622 0.000000 0.517600 0.500000 0.500000 0.500000
4958.236816 0.000000 2481.357910 0.000000 0.689552 0.000000 0.724236 0.500000 0.500000 0.500000
4976.541992 0.000000 2451.413330 0.000000 0.929396 0.000000 -0.369085 0.500000 0.500000 0.500000
4998.215332 0.000000 2477.765869 0.000000 0.877044 0.000000 0.480410 0.500000 0.500000 0.500000
4993.884766 0.000000 2479.880615 0.000000 0.911246 0.000000 -0.411861 0.500000 0.500000 0.500000
4791.638184 0.000000 2501.055908 0.000000 0.984103 0.000000 0.177598 0.500000 0.500000 0.500000
4761.237793 0.000000 2491.471436 0.000000 0.998769 0.000000 0.049612 0.500000 0.500000 0.500000
4862.270020 0.000000 2489.743896 0.000000 0.512251 0.000000 0.858836 0.500000 0.500000 0.500000
4866.396484 0.000000 2487.174561 0.000000 0.272588 0.000000 0.962131 0.500000 0.500000 0.500000
4878.007324 0.000000 2516.202637 0.000000 0.537422 0.000000 0.843314 0.500000 0.500000 0.500000
4908.062988 0.000000 2494.301514 0.000000 0.822786 0.000000 0.568351 0.500000 0.500000 0.500000
4896.426758 0.000000 2497.750244 0.000000 0.004575 0.000000 -0.999990 0.500000 0.500000 0.500000
4904.015625 0.000000 2492.941162 0.000000 0.655807 0.000000 0.754928 0.500000 0.500000 0.500000
4902.889160 0.000000 2508.752197 0.000000 0.178092 0.000000 -0.984014 0.500000 0.500000 0.500000
4868.755371 0.000000 2513.185059 0.000000 0.479349 0.000000 -0.877624 0.500000 0.500000 0.500000
4916.003906 0.000000 2488.640137 0.000000 0.919089 0.000000 -0.394050 0.500000 0.500000 0.500000
4893.020508 0.000000 2498.142822 0.000000 0.944334 0.000000 0.328988 0.500000 0.500000 0.500000
4866.356934 0.000000 2490.210693 0.000000 0.949230 0.000000 -0.314584 0.500000 0.500000 0.500000
4999.914551 0.000000 2487.149414 0.000000 0.768425 0.000000 0.639940 0.500000 0.500000 0.500000
5060.032715 0.000000 2516.924072 0.000000 0.919176 0.000000 -0.393848 0.500000 0.500000 0.500000
5056.156738 0.000000 2540.212646 0.000000 0.874687 0.000000 0.484689 0.500000 0.500000 0.500000
5036.662598 0.000000 2592.376953 0.000000 0.429823 0.000000 0.902913 0.500000 0.500000 0.500000
5055.586426 0.000000 2595.231445 0.000000 0.999122 0.000000 0.041891 0.500000 0.500000 0.500000
5017.505859 0.000000 2595.568604 0.000000 0.569897 0.000000 -0.821716 0.500000 0.500000 0.500000
5037.386719 0.000000 2596.503906 0.000000 0.480173 0.000000 -0.877174 0.500000 0.500000 0.500000
5015.836426 0.000000 2592.409668 0.000000 0.914438 0.000000 0.404726 0.500000 0.500000 0.500000
5058.396484 0.000000 2543.658936 0.000000 0.262087 0.000000 -0.965044 0.500000 0.500000 0.500000
5115.211426 0.000000 2571.415039 0.000000 0.984998 0.000000 -0.172566 0.500000 0.500000 0.500000
5056.156738 0.000000 2596.697021 0.000000 0.762542 0.000000 -0.646939 0.500000 0.500000 0.500000
5032.832520 0.000000 2601.782471 0.000000 0.805356 0.000000 0.592791 0.500000 0.500000 0.500000
5000.407715 0.000000 2606.093506 0.000000 0.878412 0.000000 0.477904 0.500000 0.500000 0.500000
5012.089355 0.000000 2643.098145 0.000000 0.922706 0.000000 0.385503 0.500000 0.500000 0.500000
5024.426758 0.000000 2610.718994 0.000000 0.183891 0.000000 -0.982947 0.500000 0.500000 0.500000
5032.015625 0.000000 2605.909912 0.000000 0.142134 0.000000 -0.989847 0.500000 0.500000 0.500000
5005.506836 0.000000 2634.095703 0.000000 0.430207 0.000000 0.902730 0.500000 0.500000 0.500000
5034.673340 0.000000 2598.425049 0.000000 0.219427 0.000000 0.975629 0.500000 0.500000 0.500000
5044.003906 0.000000 2601.608887 0.000000 0.802451 0.000000 0.596718 0.500000 0.500000 0.500000
5003.486816 0.000000 2606.840820 0.000000 0.425725 0.000000 0.904853 0.500000 0.500000 0.500000
5079.491699 0.000000 2598.912842 0.000000 0.976368 0.000000 0.216113 0.500000 0.500000 0.500000
5074.283691 0.000000 2599.414062 0.000000 0.212907 0.000000 -0.977072 0.500000 0.500000 0.500000
5071.831543 0.000000 2602.453125 0.000000 0.172777 0.000000 -0.984961 0.500000 0.500000 0.500000
5050.511719 0.000000 2675.275635 0.000000 0.706982 0.000000 -0.707232 0.500000 0.500000 0.500000
5003.786133 0.000000 2659.818604 0.000000 0.906863 0.000000 -0.421427 0.500000 0.500000 0.500000
5000.667480 0.000000 2659.544922 0.000000 0.545137 0.000000 -0.838347 0.500000 0.500000 0.500000
5009.664551 0.000000 2661.421631 0.000000 0.947846 0.000000 -0.318727 0.500000 0.500000 0.500000
5058.396484 0.000000 2656.627686 0.000000 0.984338 0.000000 -0.176292 0.500000 0.500000 0.500000
5111.638184 0.000000 2670.509033 0.000000 0.997264 0.000000 0.073928 0.500000 0.500000 0.500000
5064.407715 0.000000 2662.577881 0.000000 0.029723 0.000000 0.999558 0.500000 0.500000 0.500000
5079.890625 0.000000 2673.823242 0.000000 0.936589 0.000000 0.350430 0.500000 0.500000 0.500000
5112.550781 0.000000 2687.624756 0.000000 0.984972 0.000000 0.172713 0.500000 0.500000 0.500000
5106.584961 0.000000 2682.659912 0.000000 0.735782 0.000000 -0.677219 0.500000 0.500000 0.500000
5117.212891 0.000000 2680.157471 0.000000 0.227363 0.000000 -0.973810 0.500000 0.500000 0.500000
5098.009766 0.000000 2709.702393 0.000000 0.392451 0.000000 0.919773 0.500000 0.500000 0.500000
5074.283691 0.000000 2655.898438 0.000000 0.874381 0.000000 -0.485239 0.500000 0.500000 0.500000
5075.007324 0.000000 2672.843994 0.000000 0.616484 0.000000 -0.787368 0.500000 0.500000 0.500000
5078.937012 0.000000 2669.192871 0.000000 0.988292 0.000000 -0.152571 0.500000 0.500000 0.500000
5081.237793 0.000000 2660.924561 0.000000 0.266381 0.000000 -0.963868 0.500000 0.500000 0.500000
5067.786133 0.000000 2659.818604 0.000000 0.811587 0.000000 -0.584231 0.500000 0.500000 0.500000
5093.098633 0.000000 2697.636719 0.000000 0.740272 0.000000 -0.672308 0.500000 0.500000 0.500000
5115.211426 0.000000 2684.383789 0.000000 0.125041 0.000000 -0.992152 0.500000 0.500000 0.500000
5110.381836 0.000000 2684.093262 0.000000 0.560496 0.000000 0.828157 0.500000 0.500000 0.500000
5109.013672 0.000000 2689.411865 0.000000 0.576256 0.000000 0.817270 0.500000 0.500000 0.500000
5092.620605 0.000000 2701.474121 0.000000 0.849070 0.000000 0.528280 0.500000 0.500000 0.500000
5090.735840 0.000000 2694.418701 0.000000 0.298795 0.000000 0.954317 0.500000 0.500000 0.500000
5107.863281 0.000000 2679.138428 0.000000 0.230344 0.000000 -0.973109 0.500000 0.500000 0.500000
5111.060547 0.000000 2696.365234 0.000000 0.513814 0.000000 -0.857902 0.500000 0.500000 0.500000
5103.145508 0.000000 2672.913574 0.000000 0.408697 0.000000 -0.912670 0.500000 0.500000 0.500000
5107.634277 0.000000 2697.493408 0.000000 0.840261 0.000000 -0.542182 0.500000 0.500000 0.500000
5104.918945 0.000000 2669.751709 0.000000 0.124862 0.000000 0.992174 0.500000 0.500000 0.500000
5108.463867 0.000000 2669.847412 0.000000 0.156201 0.000000 -0.987725 0.500000 0.500000 0.500000
5104.580566 0.000000 2685.206299 0.000000 0.627553 0.000000 0.778573 0.500000 0.500000 0.500000
5098.835938 0.000000 2660.771973 0.000000 0.805380 0.000000 0.592759 0.500000 0.500000 0.500000
5056.936035 0.000000 2677.375244 0.000000 0.992230 0.000000 -0.124420 0.500000 0.500000 0.500000
5809.519043 0.000000 1870.313965 0.000000 0.979682 0.000000 0.200557 0.500000 0.500000 0.500000
5832.407715 0.000000 1871.796753 0.000000 0.920675 0.000000 0.390331 0.500000 0.500000 0.500000
5889.318848 0.000000 1959.357178 0.000000 0.547970 0.000000 -0.836498 0.500000 0.500000 0.500000
5918.236816 0.000000 1972.998657 0.000000 0.686694 0.000000 -0.726947 0.500000 0.500000 0.500000
5929.260742 0.000000 1964.690918 0.000000 0.986193 0.000000 -0.165602 0.500000 0.500000 0.500000
6000.205566 0.000000 1976.927490 0.000000 0.968655 0.000000 -0.248411 0.500000 0.500000 0.500000
5954.500488 0.000000 1940.212769 0.000000 0.999441 0.000000 0.033444 0.500000 0.500000 0.500000
5926.230957 0.000000 2015.482178 0.000000 0.938267 0.000000 0.345911 0.500000 0.500000 0.500000
5925.432617 0.000000 1987.980225 0.000000 0.985651 0.000000 0.168798 0.500000 0.500000 0.500000
5919.826172 0.000000 1985.075562 0.000000 0.819913 0.000000 -0.572488 0.500000 0.500000 0.500000
5933.943359 0.000000 1979.308105 0.000000 0.328011 0.000000 -0.944674 0.500000 0.500000 0.500000
6038.478027 0.000000 2011.846436 0.000000 0.601399 0.000000 0.798949 0.500000 0.500000 0.500000
5669.432617 0.000000 2100.948975 0.000000 0.990471 0.000000 0.137721 0.500000 0.500000 0.500000
5761.451172 0.000000 2045.613159 0.000000 0.930914 0.000000 0.365239 0.500000 0.500000 0.500000
5855.453613 0.000000 2050.167725 0.000000 0.984938 0.000000 0.172910 0.500000 0.500000 0.500000
5865.563477 0.000000 2059.928467 0.000000 0.893598 0.000000 -0.448869 0.500000 0.500000 0.500000
5838.007324 0.000000 2064.327637 0.000000 0.560674 0.000000 -0.828037 0.500000 0.500000 0.500000
5854.236816 0.000000 2085.967285 0.000000 0.989492 0.000000 0.144591 0.500000 0.500000 0.500000
5847.890625 0.000000 2052.495117 0.000000 0.632877 0.000000 0.774253 0.500000 0.500000 0.500000
5862.893555 0.000000 2052.884766 0.000000 0.927942 0.000000 -0.372725 0.500000 0.500000 0.500000
5857.210449 0.000000 2078.310791 0.000000 0.763844 0.000000 -0.645401 0.500000 0.500000 0.500000
5854.530273 0.000000 2056.897461 0.000000 0.576742 0.000000 -0.816927 0.500000 0.500000 0.500000
5850.074219 0.000000 2063.953857 0.000000 0.284078 0.000000 -0.958801 0.500000 0.500000 0.500000
5858.900879 0.000000 2089.986572 0.000000 0.192212 0.000000 0.981353 0.500000 0.500000 0.500000
5647.130859 0.000000 2185.778076 0.000000 0.783963 0.000000 0.620808 0.500000 0.500000 0.500000
5882.544434 0.000000 2186.829346 0.000000 0.092027 0.000000 -0.995757 0.500000 0.500000 0.500000
5862.230957 0.000000 2184.935303 0.000000 0.323695 0.000000 -0.946161 0.500000 0.500000 0.500000
5828.458496 0.000000 2200.872314 0.000000 0.256356 0.000000 -0.966582 0.500000 0.500000 0.500000
5882.807129 0.000000 2153.060791 0.000000 0.816604 0.000000 -0.577199 0.500000 0.500000 0.500000
5865.563477 0.000000 2172.897217 0.000000 0.386657 0.000000 0.922224 0.500000 0.500000 0.500000
5831.979980 0.000000 2188.541504 0.000000 0.897903 0.000000 -0.440193 0.500000 0.500000 0.500000
5836.978516 0.000000 2203.626709 0.000000 0.967398 0.000000 -0.253261 0.500000 0.500000 0.500000
5832.407715 0.000000 2210.702881 0.000000 0.987295 0.000000 0.158901 0.500000 0.500000 0.500000
5940.365234 0.000000 2129.188232 0.000000 0.262007 0.000000 0.965066 0.500000 0.500000 0.500000
6001.272949 0.000000 2123.546875 0.000000 0.372481 0.000000 -0.928040 0.500000 0.500000 0.500000
5956.032715 0.000000 2121.533447 0.000000 0.166879 0.000000 -0.985977 0.500000 0.500000 0.500000
6004.365234 0.000000 2129.188232 0.000000 0.120395 0.000000 -0.992726 0.500000 0.500000 0.500000
6054.893555 0.000000 2052.884766 0.000000 0.949185 0.000000 0.314719 0.500000 0.500000 0.500000
6138.807129 0.000000 2040.092041 0.000000 0.633060 0.000000 0.774103 0.500000 0.500000 0.500000
6121.563477 0.000000 2059.928467 0.000000 0.117339 0.000000 0.993092 0.500000 0.500000 0.500000
6136.550781 0.000000 2066.296631 0.000000 0.991171 0.000000 -0.132587 0.500000 0.500000 0.500000
6131.456055 0.000000 2083.725830 0.000000 0.881508 0.000000 -0.472168 0.500000 0.500000 0.500000
6089.641113 0.000000 2086.625244 0.000000 0.276197 0.000000 0.961101 0.500000 0.500000 0.500000
6036.569336 0.000000 2095.308350 0.000000 0.709843 0.000000 0.704360 0.500000 0.500000 0.500000
6020.032715 0.000000 2121.533447 0.000000 0.854590 0.000000 -0.519303 0.500000 0.500000 0.500000
6061.434082 0.000000 2119.651123 0.000000 0.855245 0.000000 0.518225 0.500000 0.500000 0.500000
6111.453613 0.000000 2106.652100 0.000000 0.585778 0.000000 -0.810472 0.500000 0.500000 0.500000
6117.432617 0.000000 2100.948975 0.000000 0.027394 0.000000 -0.999625 0.500000 0.500000 0.500000
6095.272949 0.000000 2111.840332 0.000000 0.390314 0.000000 0.920682 0.500000 0.500000 0.500000
6118.893555 0.000000 2109.369141 0.000000 0.414012 0.000000 -0.910272 0.500000 0.500000 0.500000
6115.991211 0.000000 2105.648438 0.000000 0.065388 0.000000 0.997860 0.500000 0.500000 0.500000
5992.832520 0.000000 2149.907471 0.000000 0.996901 0.000000 -0.078671 0.500000 0.500000 0.500000
5164.662598 0.000000 2479.408203 0.000000 0.689228 0.000000 -0.724544 0.500000 0.500000 0.500000
5361.272949 0.000000 2405.968750 0.000000 0.992507 0.000000 -0.122185 0.500000 0.500000 0.500000
5375.958008 0.000000 2393.242676 0.000000 0.085858 0.000000 0.996307 0.500000 0.500000 0.500000
5362.789551 0.000000 2384.431152 0.000000 0.257980 0.000000 0.966150 0.500000 0.500000 0.500000
5391.272949 0.000000 2394.262207 0.000000 0.964465 0.000000 -0.264209 0.500000 0.500000 0.500000
5186.396484 0.000000 2487.174561 0.000000 0.303613 0.000000 0.952796 0.500000 0.500000 0.500000
5161.563477 0.000000 2568.287842 0.000000 0.956439 0.000000 -0.291932 0.500000 0.500000 0.500000
5161.385742 0.000000 2574.715088 0.000000 0.715515 0.000000 -0.698598 0.500000 0.500000 0.500000
5165.434082 0.000000 2571.526123 0.000000 0.405684 0.000000 -0.914013 0.500000 0.500000 0.500000
5158.535645 0.000000 2571.304932 0.000000 0.993154 0.000000 0.116816 0.500000 0.500000 0.500000
5161.563477 0.000000 2624.772217 0.000000 0.978678 0.000000 -0.205400 0.500000 0.500000 0.500000
5143.890625 0.000000 2617.338867 0.000000 0.545992 0.000000 -0.837791 0.500000 0.500000 0.500000
5146.122559 0.000000 2609.089600 0.000000 0.994811 0.000000 0.101742 0.500000 0.500000 0.500000
5140.089355 0.000000 2643.098145 0.000000 0.968192 0.000000 0.250209 0.500000 0.500000 0.500000
5127.979980 0.000000 2640.416504 0.000000 0.662729 0.000000 -0.748859 0.500000 0.500000 0.500000
5150.530273 0.000000 2621.741211 0.000000 0.729545 0.000000 0.683933 0.500000 0.500000 0.500000
5156.276367 0.000000 2631.528076 0.000000 0.986621 0.000000 -0.163029 0.500000 0.500000 0.500000
5134.875488 0.000000 2643.043213 0.000000 0.019388 0.000000 -0.999812 0.500000 0.500000 0.500000
5139.771973 0.000000 2620.906738 0.000000 0.997560 0.000000 0.069818 0.500000 0.500000 0.500000
5147.131348 0.000000 2614.402344 0.000000 0.179508 0.000000 -0.983757 0.500000 0.500000 0.500000
5147.932617 0.000000 2618.550781 0.000000 0.991580 0.000000 0.129497 0.500000 0.500000 0.500000
5158.889160 0.000000 2621.720947 0.000000 0.650547 0.000000 0.759466 0.500000 0.500000 0.500000
5128.908691 0.000000 2644.181152 0.000000 0.225744 0.000000 0.974187 0.500000 0.500000 0.500000
5143.371094 0.000000 2641.295166 0.000000 0.997581 0.000000 -0.069519 0.500000 0.500000 0.500000
5141.502930 0.000000 2646.600342 0.000000 0.989581 0.000000 -0.143976 0.500000 0.500000 0.500000
5137.939453 0.000000 2640.076904 0.000000 0.014338 0.000000 -0.999897 0.500000 0.500000 0.500000
5154.735840 0.000000 2637.934326 0.000000 0.992469 0.000000 0.122496 0.500000 0.500000 0.500000
5167.722656 0.000000 2699.085205 0.000000 0.666146 0.000000 0.745822 0.500000 0.500000 0.500000
5157.432617 0.000000 2665.792725 0.000000 0.650322 0.000000 -0.759659 0.500000 0.500000 0.500000
5164.662598 0.000000 2705.345703 0.000000 0.684361 0.000000 0.729144 0.500000 0.500000 0.500000
5151.826172 0.000000 2662.887939 0.000000 0.996755 0.000000 -0.080499 0.500000 0.500000 0.500000
5164.062988 0.000000 2663.754639 0.000000 0.916951 0.000000 -0.398999 0.500000 0.500000 0.500000
5146.074219 0.000000 2685.281982 0.000000 0.791607 0.000000 0.611031 0.500000 0.500000 0.500000
5143.491699 0.000000 2655.397217 0.000000 0.537343 0.000000 0.843364 0.500000 0.500000 0.500000
5181.212891 0.000000 2680.157471 0.000000 0.117657 0.000000 -0.993054 0.500000 0.500000 0.500000
5129.063965 0.000000 2685.227539 0.000000 0.427446 0.000000 0.904041 0.500000 0.500000 0.500000
5160.763184 0.000000 2669.887695 0.000000 0.747011 0.000000 0.664812 0.500000 0.500000 0.500000
5160.015625 0.000000 2662.394287 0.000000 0.985710 0.000000 0.168453 0.500000 0.500000 0.500000
5174.381836 0.000000 2684.093262 0.000000 0.990425 0.000000 -0.138054 0.500000 0.500000 0.500000
5168.647949 0.000000 2695.241455 0.000000 0.946894 0.000000 -0.321545 0.500000 0.500000 0.500000
5161.322754 0.000000 2703.041260 0.000000 0.621754 0.000000 -0.783213 0.500000 0.500000 0.500000
5152.618164 0.000000 2658.131348 0.000000 0.399262 0.000000 -0.916837 0.500000 0.500000 0.500000
5167.663086 0.000000 2664.777588 0.000000 0.061112 0.000000 -0.998131 0.500000 0.500000 0.500000
5160.974609 0.000000 2666.287109 0.000000 0.669300 0.000000 -0.742992 0.500000 0.500000 0.500000
5171.634277 0.000000 2697.493408 0.000000 0.999825 0.000000 0.018701 0.500000 0.500000 0.500000
5131.406250 0.000000 2687.836426 0.000000 0.632427 0.000000 0.774620 0.500000 0.500000 0.500000
5142.628418 0.000000 2684.792725 0.000000 0.695850 0.000000 0.718187 0.500000 0.500000 0.500000
5145.681152 0.000000 2688.543213 0.000000 0.991016 0.000000 0.133742 0.500000 0.500000 0.500000
5185.017578 0.000000 2681.458740 0.000000 0.968951 0.000000 -0.247254 0.500000 0.500000 0.500000
5187.837402 0.000000 2678.327637 0.000000 0.908662 0.000000 0.417531 0.500000 0.500000 0.500000
5320.407715 0.000000 2606.093506 0.000000 0.997478 0.000000 -0.070973 0.500000 0.500000 0.500000
5407.453613 0.000000 2615.011475 0.000000 0.925732 0.000000 0.378181 0.500000 0.500000 0.500000
5385.400879 0.000000 2614.400391 0.000000 0.769692 0.000000 -0.638415 0.500000 0.500000 0.500000
5519.272949 0.000000 2620.199707 0.000000 0.843736 0.000000 -0.536758 0.500000 0.500000 0.500000
5537.210449 0.000000 2643.154541 0.000000 0.101463 0.000000 -0.994839 0.500000 0.500000 0.500000
5613.943359 0.000000 2600.636230 0.000000 0.708306 0.000000 -0.705905 0.500000 0.500000 0.500000
5646.953125 0.000000 2482.799805 0.000000 0.788783 0.000000 -0.614672 0.500000 0.500000 0.500000
5676.662598 0.000000 2535.892578 0.000000 0.777336 0.000000 0.629086 0.500000 0.500000 0.500000
5687.107910 0.000000 2530.513916 0.000000 0.336839 0.000000 -0.941562 0.500000 0.500000 0.500000
5754.807129 0.000000 2491.967041 0.000000 0.932897 0.000000 -0.360144 0.500000 0.500000 0.500000
5714.127930 0.000000 2498.588623 0.000000 0.040105 0.000000 -0.999196 0.500000 0.500000 0.500000
5719.890625 0.000000 2504.370117 0.000000 0.873911 0.000000 -0.486086 0.500000 0.500000 0.500000
5726.530273 0.000000 2508.772461 0.000000 0.408986 0.000000 0.912541 0.500000 0.500000 0.500000
5636.032715 0.000000 2573.408447 0.000000 0.966250 0.000000 -0.257604 0.500000 0.500000 0.500000
5658.122559 0.000000 2552.605225 0.000000 0.992443 0.000000 -0.122706 0.500000 0.500000 0.500000
5670.893555 0.000000 2561.244141 0.000000 0.533123 0.000000 0.846038 0.500000 0.500000 0.500000
5641.063965 0.000000 2572.258789 0.000000 0.011740 0.000000 -0.999931 0.500000 0.500000 0.500000
5672.763184 0.000000 2556.918945 0.000000 0.076600 0.000000 0.997062 0.500000 0.500000 0.500000
5635.505371 0.000000 2585.223145 0.000000 0.511282 0.000000 -0.859413 0.500000 0.500000 0.500000
5754.368164 0.000000 2593.722900 0.000000 0.985088 0.000000 0.172050 0.500000 0.500000 0.500000
5719.890625 0.000000 2560.854492 0.000000 0.817626 0.000000 0.575750 0.500000 0.500000 0.500000
5804.062988 0.000000 2494.301514 0.000000 0.302531 0.000000 0.953140 0.500000 0.500000 0.500000
5786.074219 0.000000 2515.828857 0.000000 0.703840 0.000000 0.710359 0.500000 0.500000 0.500000
5795.765137 0.000000 2567.644043 0.000000 0.970170 0.000000 -0.242426 0.500000 0.500000 0.500000
5718.478027 0.000000 2689.658936 0.000000 0.999997 0.000000 -0.002312 0.500000 0.500000 0.500000
5726.530273 0.000000 2678.225586 0.000000 0.076605 0.000000 -0.997062 0.500000 0.500000 0.500000
5811.456055 0.000000 2705.053955 0.000000 0.338101 0.000000 0.941110 0.500000 0.500000 0.500000
5914.979980 0.000000 2583.629639 0.000000 0.791351 0.000000 0.611361 0.500000 0.500000 0.500000
5982.236816 0.000000 2594.326660 0.000000 0.678766 0.000000 -0.734355 0.500000 0.500000 0.500000
6017.451172 0.000000 2553.972412 0.000000 0.966649 0.000000 -0.256106 0.500000 0.500000 0.500000
6010.807129 0.000000 2661.420166 0.000000 0.138871 0.000000 -0.990310 0.500000 0.500000 0.500000
5992.832520 0.000000 2658.266846 0.000000 0.603625 0.000000 0.797268 0.500000 0.500000 0.500000
5978.122559 0.000000 2665.573975 0.000000 0.506893 0.000000 -0.862009 0.500000 0.500000 0.500000
6006.816895 0.000000 2656.016357 0.000000 0.565713 0.000000 -0.824602 0.500000 0.500000 0.500000
5988.045898 0.000000 2660.040527 0.000000 0.946093 0.000000 -0.323894 0.500000 0.500000 0.500000
6007.531250 0.000000 2665.369385 0.000000 0.608223 0.000000 0.793766 0.500000 0.500000 0.500000
5963.929688 0.000000 2666.771484 0.000000 0.999862 0.000000 0.016584 0.500000 0.500000 0.500000
6038.478027 0.000000 2633.174561 0.000000 0.891938 0.000000 -0.452158 0.500000 0.500000 0.500000
6084.458496 0.000000 2652.747314 0.000000 0.939744 0.000000 -0.341880 0.500000 0.500000 0.500000
6086.215332 0.000000 2647.218994 0.000000 0.996236 0.000000 -0.086679 0.500000 0.500000 0.500000
6060.662598 0.000000 2705.345703 0.000000 0.701800 0.000000 0.712374 0.500000 0.500000 0.500000
6080.254883 0.000000 2701.906494 0.000000 0.439211 0.000000 -0.898384 0.500000 0.500000 0.500000
5100.062988 0.000000 2720.239014 0.000000 0.982814 0.000000 -0.184600 0.500000 0.500000 0.500000
5101.943359 0.000000 2713.604980 0.000000 0.628007 0.000000 0.778208 0.500000 0.500000 0.500000
5096.015625 0.000000 2718.878662 0.000000 0.087243 0.000000 0.996187 0.500000 0.500000 0.500000
5094.686523 0.000000 2711.555664 0.000000 0.103137 0.000000 -0.994667 0.500000 0.500000 0.500000
5098.673340 0.000000 2711.393799 0.000000 0.987202 0.000000 0.159472 0.500000 0.500000 0.500000
5103.663086 0.000000 2721.261963 0.000000 0.887720 0.000000 0.460384 0.500000 0.500000 0.500000
5102.042969 0.000000 2717.104736 0.000000 0.020270 0.000000 -0.999795 0.500000 0.500000 0.500000
5098.835938 0.000000 2717.256348 0.000000 0.929102 0.000000 -0.369823 0.500000 0.500000 0.500000
5100.194824 0.000000 2723.327393 0.000000 0.690333 0.000000 -0.723491 0.500000 0.500000 0.500000
5126.330566 0.000000 2723.346924 0.000000 0.252196 0.000000 0.967676 0.500000 0.500000 0.500000
5139.007324 0.000000 2729.328369 0.000000 0.339921 0.000000 -0.940454 0.500000 0.500000 0.500000
5145.237793 0.000000 2717.408936 0.000000 0.999999 0.000000 0.001559 0.500000 0.500000 0.500000
5124.047852 0.000000 2719.600098 0.000000 0.675115 0.000000 0.737712 0.500000 0.500000 0.500000
5138.190430 0.000000 2720.772217 0.000000 0.630683 0.000000 -0.776041 0.500000 0.500000 0.500000
5135.197266 0.000000 2722.882812 0.000000 0.999628 0.000000 -0.027283 0.500000 0.500000 0.500000
5129.084961 0.000000 2722.067871 0.000000 0.213261 0.000000 -0.976995 0.500000 0.500000 0.500000
5296.541992 0.000000 2733.835205 0.000000 0.697238 0.000000 0.716840 0.500000 0.500000 0.500000
5374.419434 0.000000 2809.881592 0.000000 0.033672 0.000000 0.999433 0.500000 0.500000 0.500000
5420.760254 0.000000 2749.755127 0.000000 0.666352 0.000000 -0.745638 0.500000 0.500000 0.500000
5439.586426 0.000000 2764.684570 0.000000 0.444439 0.000000 -0.895809 0.500000 0.500000 0.500000
5418.009766 0.000000 2766.186768 0.000000 0.959076 0.000000 -0.283149 0.500000 0.500000 0.500000
5444.458496 0.000000 2765.716064 0.000000 0.941333 0.000000 -0.337480 0.500000 0.500000 0.500000
5402.979980 0.000000 2809.567139 0.000000 0.971762 0.000000 -0.235963 0.500000 0.500000 0.500000
5416.832520 0.000000 2771.235596 0.000000 0.402425 0.000000 0.915453 0.500000 0.500000 0.500000
5407.758301 0.000000 2797.894043 0.000000 0.632928 0.000000 0.774211 0.500000 0.500000 0.500000
5390.007324 0.000000 2798.624512 0.000000 0.273617 0.000000 0.961839 0.500000 0.500000 0.500000
5391.272949 0.000000 2789.652832 0.000000 0.759534 0.000000 -0.650468 0.500000 0.500000 0.500000
5398.478027 0.000000 2802.627686 0.000000 0.373879 0.000000 0.927477 0.500000 0.500000 0.500000
5399.890625 0.000000 2786.791992 0.000000 0.977115 0.000000 -0.212713 0.500000 0.500000 0.500000
5402.074219 0.000000 2798.250732 0.000000 0.322747 0.000000 -0.946485 0.500000 0.500000 0.500000
5393.256836 0.000000 2802.449219 0.000000 0.985356 0.000000 -0.170508 0.500000 0.500000 0.500000
5397.208496 0.000000 2807.613525 0.000000 0.071672 0.000000 0.997428 0.500000 0.500000 0.500000
5388.552734 0.000000 2793.928467 0.000000 0.658386 0.000000 -0.752680 0.500000 0.500000 0.500000
5390.220703 0.000000 2784.815186 0.000000 0.290320 0.000000 -0.956930 0.500000 0.500000 0.500000
5386.351562 0.000000 2788.613281 0.000000 0.098975 0.000000 -0.995090 0.500000 0.500000 0.500000
5394.817383 0.000000 2798.178223 0.000000 0.500138 0.000000 0.865946 0.500000 0.500000 0.500000
5395.771973 0.000000 2790.359863 0.000000 0.894895 0.000000 -0.446278 0.500000 0.500000 0.500000
5447.671387 0.000000 2792.590820 0.000000 0.989208 0.000000 -0.146519 0.500000 0.500000 0.500000
5442.396484 0.000000 2769.596436 0.000000 0.999850 0.000000 0.017346 0.500000 0.500000 0.500000
5444.032715 0.000000 2799.345947 0.000000 0.430082 0.000000 -0.902790 0.500000 0.500000 0.500000
5441.017578 0.000000 2794.427490 0.000000 0.050566 0.000000 -0.998721 0.500000 0.500000 0.500000
5440.098633 0.000000 2774.683350 0.000000 0.936226 0.000000 -0.351399 0.500000 0.500000 0.500000
5519.272949 0.000000 2789.652832 0.000000 0.909425 0.000000 -0.415867 0.500000 0.500000 0.500000
5565.292480 0.000000 2780.293457 0.000000 0.881530 0.000000 -0.472129 0.500000 0.500000 0.500000
5639.671387 0.000000 2792.590820 0.000000 0.018518 0.000000 -0.999829 0.500000 0.500000 0.500000
5914.122559 0.000000 2722.058350 0.000000 0.848874 0.000000 0.528595 0.500000 0.500000 0.500000
5909.705078 0.000000 2794.602051 0.000000 0.289970 0.000000 -0.957036 0.500000 0.500000 0.500000
5910.478027 0.000000 2802.627686 0.000000 0.766009 0.000000 -0.642830 0.500000 0.500000 0.500000
6028.978516 0.000000 2711.986084 0.000000 0.899732 0.000000 -0.436444 0.500000 0.500000 0.500000
6030.007324 0.000000 2798.624512 0.000000 0.718877 0.000000 -0.695138 0.500000 0.500000 0.500000
6209.318848 0.000000 2015.841553 0.000000 0.390824 0.000000 -0.920466 0.500000 0.500000 0.500000
6212.458496 0.000000 2031.419067 0.000000 0.873848 0.000000 0.486199 0.500000 0.500000 0.500000
6170.979980 0.000000 2075.270264 0.000000 0.752993 0.000000 -0.658029 0.500000 0.500000 0.500000
6181.982422 0.000000 2083.699219 0.000000 0.273235 0.000000 -0.961947 0.500000 0.500000 0.500000
6193.272949 0.000000 2067.062500 0.000000 0.899374 0.000000 -0.437181 0.500000 0.500000 0.500000
6174.236816 0.000000 2085.967285 0.000000 0.355271 0.000000 -0.934763 0.500000 0.500000 0.500000
6164.089355 0.000000 2078.254395 0.000000 0.312991 0.000000 0.949756 0.500000 0.500000 0.500000
6151.979980 0.000000 2075.572754 0.000000 0.798301 0.000000 0.602258 0.500000 0.500000 0.500000
6185.385742 0.000000 2066.355713 0.000000 0.729755 0.000000 -0.683708 0.500000 0.500000 0.500000
6158.953125 0.000000 2087.409180 0.000000 0.933598 0.000000 0.358323 0.500000 0.500000 0.500000
6165.208496 0.000000 2073.316650 0.000000 0.579377 0.000000 0.815059 0.500000 0.500000 0.500000
6160.971680 0.000000 2082.614502 0.000000 0.077001 0.000000 0.997031 0.500000 0.500000 0.500000
6156.978516 0.000000 2090.657959 0.000000 0.923853 0.000000 -0.382748 0.500000 0.500000 0.500000
6153.400879 0.000000 2106.041016 0.000000 0.070273 0.000000 -0.997528 0.500000 0.500000 0.500000
6164.569336 0.000000 2095.308350 0.000000 0.627449 0.000000 -0.778658 0.500000 0.500000 0.500000
6152.407715 0.000000 2097.734131 0.000000 0.127007 0.000000 0.991902 0.500000 0.500000 0.500000
6159.272949 0.000000 2111.840332 0.000000 0.799744 0.000000 -0.600341 0.500000 0.500000 0.500000
6178.900879 0.000000 2089.986572 0.000000 0.977092 0.000000 0.212815 0.500000 0.500000 0.500000
6158.873047 0.000000 2097.968994 0.000000 0.897765 0.000000 -0.440474 0.500000 0.500000 0.500000
6188.062988 0.000000 2098.910889 0.000000 0.029578 0.000000 0.999563 0.500000 0.500000 0.500000
6167.491699 0.000000 2090.553467 0.000000 0.263409 0.000000 -0.964684 0.500000 0.500000 0.500000
6189.943359 0.000000 2092.276855 0.000000 0.983540 0.000000 -0.180688 0.500000 0.500000 0.500000
6158.220703 0.000000 2107.002686 0.000000 0.787448 0.000000 0.616381 0.500000 0.500000 0.500000
6155.929688 0.000000 2101.927734 0.000000 0.447241 0.000000 0.894414 0.500000 0.500000 0.500000
6150.330566 0.000000 2102.018799 0.000000 0.101640 0.000000 -0.994821 0.500000 0.500000 0.500000
6154.351562 0.000000 2110.800781 0.000000 0.999785 0.000000 -0.020724 0.500000 0.500000 0.500000
6210.500488 0.000000 2109.666016 0.000000 0.959996 0.000000 -0.280012 0.500000 0.500000 0.500000
6217.063965 0.000000 2120.383789 0.000000 0.878375 0.000000 -0.477972 0.500000 0.500000 0.500000
6159.272949 0.000000 2733.168457 0.000000 0.968069 0.000000 -0.250685 0.500000 0.500000 0.500000
6266.368164 0.000000 2763.176025 0.000000 0.791280 0.000000 -0.611454 0.500000 0.500000 0.500000
6321.272949 0.000000 2744.875000 0.000000 0.999611 0.000000 0.027879 0.500000 0.500000 0.500000
6304.032227 0.000000 2748.187988 0.000000 0.947979 0.000000 0.318333 0.500000 0.500000 0.500000
6281.641113 0.000000 2764.437744 0.000000 0.955142 0.000000 -0.296147 0.500000 0.500000 0.500000
6366.236816 0.000000 2763.779785 0.000000 0.427238 0.000000 0.904139 0.500000 0.500000 0.500000
"}
