object={
	name="asian_dynamic_forestry_objects_generator_1_0"
	clamp_to_water_level=no
	render_under_water=no
	generated_content=yes
	layer="forestry_dynamic"
	pdxmesh="asian_forestry_camp_01_mesh"
	count=46
	transform="6484.968750 0.000000 1407.750122 0.000000 0.543490 0.000000 0.839415 0.000000 0.000000 0.000000
6957.516602 0.000000 1709.264526 0.000000 0.894536 0.000000 0.446997 0.000000 0.000000 0.000000
7354.544434 0.000000 1339.563721 0.000000 0.006127 0.000000 0.999981 0.000000 0.000000 0.000000
7317.705078 0.000000 1326.008301 0.000000 0.445233 0.000000 0.895415 0.000000 0.000000 0.000000
7333.982422 0.000000 1349.402466 0.000000 0.957946 0.000000 0.286949 0.000000 0.000000 0.000000
7318.478027 0.000000 1334.033936 0.000000 0.491266 0.000000 0.871010 0.000000 0.000000 0.000000
7380.968750 0.000000 1351.265747 0.000000 0.926948 0.000000 0.375190 0.000000 0.000000 0.000000
7469.516602 0.000000 1313.873901 0.000000 0.776927 0.000000 0.629591 0.000000 0.000000 0.000000
7270.230957 0.000000 1394.154053 0.000000 0.736557 0.000000 0.676376 0.000000 0.000000 0.000000
7273.563477 0.000000 1382.115967 0.000000 0.664773 0.000000 0.747045 0.000000 0.000000 0.000000
7243.959473 0.000000 1404.115845 0.000000 0.814242 0.000000 0.580525 0.000000 0.000000 0.000000
7269.432617 0.000000 1366.652100 0.000000 0.636131 0.000000 0.771581 0.000000 0.000000 0.000000
7270.230957 0.000000 1450.638428 0.000000 0.543094 0.000000 0.839672 0.000000 0.000000 0.000000
7247.130859 0.000000 1451.481201 0.000000 0.994429 0.000000 0.105413 0.000000 0.000000 0.000000
7246.007324 0.000000 1442.999634 0.000000 0.990166 0.000000 0.139899 0.000000 0.000000 0.000000
7236.032715 0.000000 1443.720947 0.000000 0.048074 0.000000 0.998844 0.000000 0.000000 0.000000
7314.127930 0.000000 1368.901001 0.000000 0.850632 0.000000 0.525762 0.000000 0.000000 0.000000
7400.832520 0.000000 1359.126099 0.000000 0.573728 0.000000 0.819046 0.000000 0.000000 0.000000
7354.807129 0.000000 1418.763916 0.000000 0.110957 0.000000 0.993825 0.000000 0.000000 0.000000
7314.127930 0.000000 1425.385376 0.000000 0.944597 0.000000 0.328231 0.000000 0.000000 0.000000
7509.705078 0.000000 1382.492676 0.000000 0.801051 0.000000 0.598595 0.000000 0.000000 0.000000
5869.516602 0.000000 2443.561523 0.000000 0.396425 0.000000 0.918067 0.000000 0.000000 0.000000
5908.968750 0.000000 2480.953125 0.000000 0.221501 0.000000 0.975160 0.000000 0.000000 0.000000
6330.544434 0.000000 1904.407471 0.000000 0.711606 0.000000 0.702579 0.000000 0.000000 0.000000
6356.968750 0.000000 1972.593872 0.000000 0.687829 0.000000 0.725873 0.000000 0.000000 0.000000
6445.516602 0.000000 1822.233276 0.000000 0.981508 0.000000 0.191422 0.000000 0.000000 0.000000
6509.516602 0.000000 2104.655273 0.000000 0.660034 0.000000 0.751236 0.000000 0.000000 0.000000
6676.968750 0.000000 2311.500000 0.000000 0.839942 0.000000 0.542677 0.000000 0.000000 0.000000
7124.968750 0.000000 2311.500000 0.000000 0.784508 0.000000 0.620118 0.000000 0.000000 0.000000
6812.793945 0.000000 2488.154297 0.000000 0.726113 0.000000 0.687576 0.000000 0.000000 0.000000
7061.705078 0.000000 2568.664551 0.000000 0.605279 0.000000 0.796013 0.000000 0.000000 0.000000
7142.230957 0.000000 2580.325928 0.000000 0.781550 0.000000 0.623843 0.000000 0.000000 0.000000
7060.968750 0.000000 2650.406250 0.000000 0.345184 0.000000 0.938535 0.000000 0.000000 0.000000
7085.516602 0.000000 2613.014648 0.000000 0.578734 0.000000 0.815516 0.000000 0.000000 0.000000
7162.544434 0.000000 2638.704346 0.000000 0.540988 0.000000 0.841030 0.000000 0.000000 0.000000
7132.793945 0.000000 2601.123047 0.000000 0.999801 0.000000 0.019925 0.000000 0.000000 0.000000
7162.807129 0.000000 2661.420166 0.000000 0.482518 0.000000 0.875886 0.000000 0.000000 0.000000
7300.458496 0.000000 2483.294189 0.000000 0.660570 0.000000 0.750765 0.000000 0.000000 0.000000
6637.516602 0.000000 2838.952148 0.000000 0.510979 0.000000 0.859593 0.000000 0.000000 0.000000
6785.318848 0.000000 2806.622803 0.000000 0.272357 0.000000 0.962196 0.000000 0.000000 0.000000
6805.705078 0.000000 2851.086426 0.000000 0.118163 0.000000 0.992994 0.000000 0.000000 0.000000
7061.705078 0.000000 2738.117676 0.000000 0.994803 0.000000 0.101819 0.000000 0.000000 0.000000
7068.793945 0.000000 2883.544922 0.000000 0.738192 0.000000 0.674591 0.000000 0.000000 0.000000
7224.065918 0.000000 2793.096924 0.000000 0.062597 0.000000 0.998039 0.000000 0.000000 0.000000
7175.671387 0.000000 2792.590820 0.000000 0.960991 0.000000 0.276581 0.000000 0.000000 0.000000
7169.451172 0.000000 2892.878662 0.000000 0.354953 0.000000 0.934884 0.000000 0.000000 0.000000
"}
object={
	name="asian_dynamic_forestry_objects_generator_1_1"
	clamp_to_water_level=no
	render_under_water=no
	generated_content=yes
	layer="forestry_dynamic"
	pdxmesh="asian_forestry_camp_02_mesh"
	count=54
	transform="7290.544434 0.000000 1339.563721 0.000000 0.185207 0.000000 -0.982700 0.000000 0.000000 0.000000
7280.205566 0.000000 1355.599365 0.000000 0.279939 0.000000 -0.960018 0.000000 0.000000 0.000000
7327.453613 0.000000 1315.870728 0.000000 0.731118 0.000000 -0.682251 0.000000 0.000000 0.000000
7311.130859 0.000000 1338.512451 0.000000 0.995579 0.000000 -0.093927 0.000000 0.000000 0.000000
7343.722656 0.000000 1343.460327 0.000000 0.524003 0.000000 -0.851717 0.000000 0.000000 0.000000
7359.487305 0.000000 1329.368286 0.000000 0.673682 0.000000 -0.739022 0.000000 0.000000 0.000000
7326.236816 0.000000 1351.670532 0.000000 0.800355 0.000000 -0.599527 0.000000 0.000000 0.000000
7360.254883 0.000000 1346.281494 0.000000 0.578125 0.000000 -0.815949 0.000000 0.000000 0.000000
7367.979980 0.000000 1341.275879 0.000000 0.348702 0.000000 -0.937234 0.000000 0.000000 0.000000
7489.318848 0.000000 1281.544678 0.000000 0.081547 0.000000 -0.996670 0.000000 0.000000 0.000000
7277.516602 0.000000 1370.358276 0.000000 0.082886 0.000000 -0.996559 0.000000 0.000000 0.000000
7288.065918 0.000000 1380.987549 0.000000 0.999751 0.000000 -0.022315 0.000000 0.000000 0.000000
7206.230957 0.000000 1450.638428 0.000000 0.517447 0.000000 -0.855715 0.000000 0.000000 0.000000
7233.318848 0.000000 1450.997803 0.000000 0.671908 0.000000 -0.740634 0.000000 0.000000 0.000000
7243.959473 0.000000 1460.600220 0.000000 0.280636 0.000000 -0.959814 0.000000 0.000000 0.000000
7316.569336 0.000000 1361.011475 0.000000 0.835624 0.000000 -0.549302 0.000000 0.000000 0.000000
7319.890625 0.000000 1374.682739 0.000000 0.528358 0.000000 -0.849022 0.000000 0.000000 0.000000
7322.122559 0.000000 1366.433350 0.000000 0.978109 0.000000 -0.208095 0.000000 0.000000 0.000000
7330.900879 0.000000 1355.689697 0.000000 0.797348 0.000000 -0.603520 0.000000 0.000000 0.000000
7360.254883 0.000000 1402.765869 0.000000 0.353350 0.000000 -0.935491 0.000000 0.000000 0.000000
7394.900879 0.000000 1355.689697 0.000000 0.237183 0.000000 -0.971465 0.000000 0.000000 0.000000
7401.260742 0.000000 1399.847168 0.000000 0.197623 0.000000 -0.980278 0.000000 0.000000 0.000000
7327.453613 0.000000 1428.839478 0.000000 0.546111 0.000000 -0.837713 0.000000 0.000000 0.000000
7362.396484 0.000000 1413.971558 0.000000 0.904131 0.000000 -0.427255 0.000000 0.000000 0.000000
6485.705078 0.000000 1834.367676 0.000000 0.813844 0.000000 -0.581083 0.000000 0.000000 0.000000
6420.968750 0.000000 1916.109497 0.000000 0.829907 0.000000 -0.557902 0.000000 0.000000 0.000000
6445.516602 0.000000 1878.717651 0.000000 0.352963 0.000000 -0.935637 0.000000 0.000000 0.000000
6509.516602 0.000000 1991.686401 0.000000 0.260639 0.000000 -0.965436 0.000000 0.000000 0.000000
6484.968750 0.000000 2198.531250 0.000000 0.994710 0.000000 -0.102723 0.000000 0.000000 0.000000
6677.705078 0.000000 2286.242676 0.000000 0.215556 0.000000 -0.976492 0.000000 0.000000 0.000000
6701.516602 0.000000 2330.592773 0.000000 0.968674 0.000000 -0.248334 0.000000 0.000000 0.000000
6694.230957 0.000000 2410.872803 0.000000 0.461044 0.000000 -0.887377 0.000000 0.000000 0.000000
6724.458496 0.000000 2426.809814 0.000000 0.632821 0.000000 -0.774298 0.000000 0.000000 0.000000
6740.968750 0.000000 2537.437500 0.000000 0.843386 0.000000 -0.537308 0.000000 0.000000 0.000000
6684.793945 0.000000 2544.638672 0.000000 0.845595 0.000000 -0.533825 0.000000 0.000000 0.000000
6822.230957 0.000000 2523.841553 0.000000 0.641003 0.000000 -0.767539 0.000000 0.000000 0.000000
6712.065918 0.000000 2680.128174 0.000000 0.755258 0.000000 -0.655427 0.000000 0.000000 0.000000
6741.705078 0.000000 2681.633301 0.000000 0.833328 0.000000 -0.552778 0.000000 0.000000 0.000000
6829.516602 0.000000 2613.014648 0.000000 0.663063 0.000000 -0.748563 0.000000 0.000000 0.000000
6869.705078 0.000000 2625.148926 0.000000 0.998577 0.000000 -0.053334 0.000000 0.000000 0.000000
7108.458496 0.000000 2652.747314 0.000000 0.873769 0.000000 -0.486342 0.000000 0.000000 0.000000
7160.065918 0.000000 2623.643799 0.000000 0.175568 0.000000 -0.984467 0.000000 0.000000 0.000000
7105.451172 0.000000 2666.941162 0.000000 0.973876 0.000000 -0.227080 0.000000 0.000000 0.000000
7186.127930 0.000000 2611.557373 0.000000 0.999074 0.000000 -0.043027 0.000000 0.000000 0.000000
6714.807129 0.000000 2830.873291 0.000000 0.023382 0.000000 -0.999727 0.000000 0.000000 0.000000
7098.544434 0.000000 2751.673096 0.000000 0.756566 0.000000 -0.653917 0.000000 0.000000 0.000000
7105.318848 0.000000 2750.138428 0.000000 0.061974 0.000000 -0.998078 0.000000 0.000000 0.000000
7162.807129 0.000000 2717.904541 0.000000 0.003577 0.000000 -0.999994 0.000000 0.000000 0.000000
7085.516602 0.000000 2838.952148 0.000000 0.972467 0.000000 -0.233040 0.000000 0.000000 0.000000
7149.516602 0.000000 2895.436523 0.000000 0.196121 0.000000 -0.980580 0.000000 0.000000 0.000000
7180.978516 0.000000 2768.470459 0.000000 0.979808 0.000000 -0.199941 0.000000 0.000000 0.000000
7236.458496 0.000000 2822.200439 0.000000 0.848578 0.000000 -0.529070 0.000000 0.000000 0.000000
7341.516602 0.000000 2782.467773 0.000000 0.793957 0.000000 -0.607974 0.000000 0.000000 0.000000
7199.453613 0.000000 2840.948975 0.000000 0.655260 0.000000 -0.755403 0.000000 0.000000 0.000000
"}
