object={
	name="asian_dynamic_forestry_objects_generator_2_0"
	clamp_to_water_level=no
	render_under_water=no
	generated_content=yes
	layer="forestry_dynamic"
	pdxmesh="generic_forestry_lumberpile_02_mesh"
	count=949
	transform="6923.959473 0.000000 1291.147095 0.000000 0.780517 0.000000 -0.625134 0.500000 0.500000 0.500000
6613.705078 0.000000 1495.461426 0.000000 0.594139 0.000000 -0.804363 0.500000 0.500000 0.500000
6623.826172 0.000000 1476.716187 0.000000 0.900435 0.000000 0.434991 0.500000 0.500000 0.500000
6458.544434 0.000000 1791.438721 0.000000 0.028159 0.000000 -0.999603 0.500000 0.500000 0.500000
6682.979980 0.000000 1453.942139 0.000000 0.383333 0.000000 -0.923610 0.500000 0.500000 0.500000
6721.017578 0.000000 1438.802490 0.000000 0.199404 0.000000 0.979917 0.500000 0.500000 0.500000
6717.292480 0.000000 1481.152710 0.000000 0.883212 0.000000 0.468974 0.500000 0.500000 0.500000
6696.763184 0.000000 1483.715942 0.000000 0.795892 0.000000 -0.605439 0.500000 0.500000 0.500000
6722.500488 0.000000 1488.337769 0.000000 0.863399 0.000000 0.504521 0.500000 0.500000 0.500000
6868.569336 0.000000 1473.980225 0.000000 0.680701 0.000000 0.732561 0.500000 0.500000 0.500000
6880.426758 0.000000 1481.031616 0.000000 0.896959 0.000000 -0.442113 0.500000 0.500000 0.500000
7141.982422 0.000000 1462.371216 0.000000 0.291266 0.000000 0.956642 0.500000 0.500000 0.500000
7154.789551 0.000000 1424.196655 0.000000 0.369738 0.000000 -0.929136 0.500000 0.500000 0.500000
7159.531250 0.000000 1422.713013 0.000000 0.999798 0.000000 0.020090 0.500000 0.500000 0.500000
7132.793945 0.000000 1471.435547 0.000000 0.618620 0.000000 0.785691 0.500000 0.500000 0.500000
7124.569336 0.000000 1473.980225 0.000000 0.954224 0.000000 0.299092 0.500000 0.500000 0.500000
7114.351562 0.000000 1489.472656 0.000000 0.640730 0.000000 -0.767766 0.500000 0.500000 0.500000
7122.498535 0.000000 1472.411743 0.000000 0.157618 0.000000 -0.987500 0.500000 0.500000 0.500000
6959.145508 0.000000 1712.679077 0.000000 0.080454 0.000000 0.996758 0.500000 0.500000 0.500000
6933.705078 0.000000 1777.883301 0.000000 0.942454 0.000000 -0.334335 0.500000 0.500000 0.500000
7288.315430 0.000000 1336.149658 0.000000 0.253990 0.000000 -0.967207 0.500000 0.500000 0.500000
7294.419434 0.000000 1341.287964 0.000000 0.324633 0.000000 -0.945840 0.607843 0.607843 0.607843
7283.402344 0.000000 1353.107910 0.000000 0.904289 0.000000 0.426921 0.588235 0.588235 0.588235
7290.305176 0.000000 1343.122070 0.000000 0.072806 0.000000 0.997346 0.500000 0.500000 0.500000
7284.706543 0.000000 1355.455933 0.000000 0.999082 0.000000 -0.042830 0.500000 0.500000 0.500000
7285.005371 0.000000 1351.335815 0.000000 0.973698 0.000000 -0.227844 0.594771 0.594771 0.594771
7292.008301 0.000000 1341.417847 0.000000 0.378014 0.000000 -0.925800 0.607843 0.607843 0.607843
7281.262695 0.000000 1353.701660 0.000000 0.138253 0.000000 -0.990397 0.500000 0.500000 0.500000
7282.394043 0.000000 1351.262451 0.000000 0.144696 0.000000 0.989476 0.588235 0.588235 0.588235
7296.254883 0.000000 1346.281494 0.000000 0.966328 0.000000 0.257313 0.500000 0.500000 0.500000
7311.272949 0.000000 1321.059204 0.000000 0.211589 0.000000 -0.977359 0.500000 0.500000 0.500000
7300.032715 0.000000 1330.752197 0.000000 0.507133 0.000000 -0.861868 0.500000 0.500000 0.500000
7316.089355 0.000000 1343.957520 0.000000 0.997548 0.000000 0.069992 0.500000 0.500000 0.500000
7326.530273 0.000000 1322.600708 0.000000 0.150004 0.000000 0.988685 0.500000 0.500000 0.500000
7305.203613 0.000000 1334.841431 0.000000 0.919855 0.000000 0.392259 0.500000 0.500000 0.500000
7317.208496 0.000000 1339.019897 0.000000 0.961566 0.000000 0.274573 0.500000 0.500000 0.500000
7308.552734 0.000000 1325.334717 0.000000 0.542232 0.000000 -0.840229 0.500000 0.500000 0.500000
7305.063965 0.000000 1329.602661 0.000000 0.472703 0.000000 0.881222 0.627451 0.627451 0.627451
7340.083496 0.000000 1319.201660 0.000000 0.049689 0.000000 0.998765 0.500000 0.500000 0.500000
7310.220703 0.000000 1316.221558 0.000000 0.226353 0.000000 0.974045 0.500000 0.500000 0.500000
7310.875488 0.000000 1343.902710 0.000000 0.993736 0.000000 0.111751 0.500000 0.500000 0.500000
7315.007324 0.000000 1317.218994 0.000000 0.943384 0.000000 0.331702 0.647059 0.647059 0.647059
7322.709961 0.000000 1336.180542 0.000000 0.541812 0.000000 0.840500 0.500000 0.500000 0.500000
7321.505859 0.000000 1352.912354 0.000000 0.516763 0.000000 0.856129 0.653595 0.653595 0.653595
7330.932617 0.000000 1353.217529 0.000000 0.872519 0.000000 -0.488580 0.500000 0.500000 0.500000
7350.173828 0.000000 1305.324829 0.000000 0.798642 0.000000 0.601806 0.500000 0.500000 0.500000
7326.060547 0.000000 1347.295532 0.000000 0.999574 0.000000 -0.029194 0.666667 0.666667 0.666667
7323.131348 0.000000 1315.261841 0.000000 0.643342 0.000000 -0.765579 0.500000 0.500000 0.500000
7323.932617 0.000000 1319.410278 0.000000 0.058340 0.000000 -0.998297 0.660131 0.660131 0.660131
7329.947754 0.000000 1348.614136 0.000000 0.989781 0.000000 -0.142592 0.666667 0.666667 0.666667
7334.889160 0.000000 1322.580200 0.000000 0.710584 0.000000 -0.703612 0.500000 0.500000 0.500000
7307.941895 0.000000 1340.944702 0.000000 0.878822 0.000000 -0.477151 0.633987 0.633987 0.633987
7304.908691 0.000000 1345.040649 0.000000 0.957595 0.000000 0.288119 0.500000 0.500000 0.500000
7337.322754 0.000000 1347.416260 0.000000 0.912143 0.000000 0.409872 0.500000 0.500000 0.500000
7300.755371 0.000000 1327.013306 0.000000 0.618637 0.000000 0.785677 0.500000 0.500000 0.500000
7326.953613 0.000000 1355.393188 0.000000 0.999738 0.000000 0.022908 0.660131 0.660131 0.660131
7319.371094 0.000000 1342.154541 0.000000 0.515990 0.000000 -0.856595 0.500000 0.500000 0.500000
7314.579102 0.000000 1354.329468 0.000000 0.957125 0.000000 -0.289674 0.640523 0.640523 0.640523
7351.060547 0.000000 1340.740356 0.000000 0.076417 0.000000 -0.997076 0.500000 0.500000 0.500000
7343.145508 0.000000 1317.288452 0.000000 0.362088 0.000000 0.932144 0.500000 0.500000 0.500000
7325.392090 0.000000 1343.814087 0.000000 0.398779 0.000000 0.917047 0.660131 0.660131 0.660131
7337.656250 0.000000 1339.250366 0.000000 0.964190 0.000000 0.265214 0.500000 0.500000 0.500000
7348.003906 0.000000 1302.468140 0.000000 0.095640 0.000000 -0.995416 0.500000 0.500000 0.500000
7305.866211 0.000000 1338.213013 0.000000 0.622636 0.000000 0.782512 0.627451 0.627451 0.627451
7314.230469 0.000000 1337.176147 0.000000 0.462735 0.000000 -0.886497 0.647059 0.647059 0.647059
7318.628418 0.000000 1329.167847 0.000000 0.316036 0.000000 0.948747 0.500000 0.500000 0.500000
7337.064941 0.000000 1350.846191 0.000000 0.429518 0.000000 -0.903058 0.500000 0.500000 0.500000
7321.681152 0.000000 1332.918091 0.000000 0.817788 0.000000 0.575520 0.653595 0.653595 0.653595
7308.457520 0.000000 1350.916504 0.000000 0.223175 0.000000 -0.974778 0.633987 0.633987 0.633987
7299.510742 0.000000 1346.068604 0.000000 0.851334 0.000000 0.524623 0.500000 0.500000 0.500000
7355.100586 0.000000 1309.233398 0.000000 0.242008 0.000000 0.970274 0.500000 0.500000 0.500000
7305.604492 0.000000 1326.594971 0.000000 0.807986 0.000000 -0.589202 0.627451 0.627451 0.627451
7308.526855 0.000000 1322.186401 0.000000 0.968663 0.000000 -0.248380 0.633987 0.633987 0.633987
7315.991699 0.000000 1332.368164 0.000000 0.808296 0.000000 -0.588777 0.647059 0.647059 0.647059
7306.072266 0.000000 1355.312622 0.000000 0.319267 0.000000 0.947665 0.627451 0.627451 0.627451
7302.057129 0.000000 1344.078369 0.000000 0.999030 0.000000 -0.044042 0.500000 0.500000 0.500000
7329.448730 0.000000 1322.437378 0.000000 0.225139 0.000000 -0.974327 0.500000 0.500000 0.500000
7332.759766 0.000000 1320.516846 0.000000 0.324513 0.000000 -0.945881 0.679739 0.679739 0.679739
7313.360840 0.000000 1345.301025 0.000000 0.929699 0.000000 -0.368320 0.500000 0.500000 0.500000
7319.191895 0.000000 1345.031250 0.000000 0.984180 0.000000 0.177171 0.500000 0.500000 0.500000
7324.380371 0.000000 1353.990967 0.000000 0.997637 0.000000 0.068707 0.640523 0.640523 0.640523
7316.094727 0.000000 1314.541504 0.000000 0.687163 0.000000 -0.726503 0.500000 0.500000 0.500000
7310.604980 0.000000 1346.717651 0.000000 0.741891 0.000000 -0.670521 0.633987 0.633987 0.633987
7326.952637 0.000000 1318.652954 0.000000 0.960395 0.000000 -0.278643 0.666667 0.666667 0.666667
7340.352051 0.000000 1316.401733 0.000000 0.982674 0.000000 0.185341 0.692811 0.692811 0.692811
7307.616211 0.000000 1328.481812 0.000000 0.758735 0.000000 0.651399 0.500000 0.500000 0.500000
7329.062500 0.000000 1351.214600 0.000000 0.702929 0.000000 -0.711260 0.666667 0.666667 0.666667
7316.984863 0.000000 1336.338623 0.000000 0.632326 0.000000 0.774702 0.647059 0.647059 0.647059
7357.738281 0.000000 1327.389771 0.000000 0.551031 0.000000 0.834485 0.500000 0.500000 0.500000
7302.395508 0.000000 1329.196289 0.000000 0.902742 0.000000 -0.430182 0.627451 0.627451 0.627451
7308.721191 0.000000 1337.465454 0.000000 0.997449 0.000000 -0.071385 0.500000 0.500000 0.500000
7352.473633 0.000000 1307.271362 0.000000 0.988397 0.000000 -0.151892 0.712418 0.712418 0.712418
7355.000977 0.000000 1336.941650 0.000000 0.892076 0.000000 0.451884 0.500000 0.500000 0.500000
7308.375000 0.000000 1353.808472 0.000000 0.227174 0.000000 -0.973854 0.633987 0.633987 0.633987
7306.329590 0.000000 1323.845215 0.000000 0.213148 0.000000 0.977020 0.500000 0.500000 0.500000
7310.650879 0.000000 1349.481445 0.000000 0.976234 0.000000 0.216718 0.627451 0.627451 0.627451
7331.689941 0.000000 1350.742310 0.000000 0.742419 0.000000 -0.669936 0.666667 0.666667 0.666667
7318.077637 0.000000 1316.315308 0.000000 0.880224 0.000000 0.474558 0.653595 0.653595 0.653595
7306.235840 0.000000 1342.824829 0.000000 0.800879 0.000000 -0.598826 0.627451 0.627451 0.627451
7300.384766 0.000000 1349.913330 0.000000 0.874137 0.000000 -0.485679 0.500000 0.500000 0.500000
7324.928223 0.000000 1317.020752 0.000000 0.991639 0.000000 -0.129046 0.666667 0.666667 0.666667
7320.535645 0.000000 1315.495605 0.000000 0.410134 0.000000 0.912025 0.500000 0.500000 0.500000
7319.339844 0.000000 1331.548096 0.000000 0.657829 0.000000 0.753167 0.653595 0.653595 0.653595
7315.362793 0.000000 1327.128418 0.000000 0.843312 0.000000 -0.537424 0.647059 0.647059 0.647059
7327.328613 0.000000 1349.462524 0.000000 0.217180 0.000000 -0.976132 0.666667 0.666667 0.666667
7319.935547 0.000000 1336.195801 0.000000 0.856484 0.000000 -0.516173 0.500000 0.500000 0.500000
7329.641602 0.000000 1317.219238 0.000000 0.620148 0.000000 0.784485 0.500000 0.500000 0.500000
7303.143066 0.000000 1326.525146 0.000000 0.321518 0.000000 -0.946903 0.627451 0.627451 0.627451
7310.401855 0.000000 1340.836426 0.000000 0.121724 0.000000 0.992564 0.500000 0.500000 0.500000
7322.245605 0.000000 1317.652466 0.000000 0.485761 0.000000 -0.874092 0.660131 0.660131 0.660131
7358.994629 0.000000 1346.764404 0.000000 0.485168 0.000000 -0.874421 0.549020 0.549020 0.549020
7342.782227 0.000000 1341.204712 0.000000 0.872362 0.000000 0.488861 0.588235 0.588235 0.588235
7328.330078 0.000000 1353.438110 0.000000 0.976749 0.000000 0.214386 0.666667 0.666667 0.666667
7312.382324 0.000000 1354.957031 0.000000 0.968499 0.000000 -0.249018 0.500000 0.500000 0.500000
7352.630371 0.000000 1352.595581 0.000000 0.999384 0.000000 0.035103 0.542484 0.542484 0.542484
7347.914062 0.000000 1304.928955 0.000000 0.810823 0.000000 0.585292 0.500000 0.500000 0.500000
7323.203125 0.000000 1338.458374 0.000000 0.589886 0.000000 0.807487 0.588235 0.588235 0.588235
7345.314941 0.000000 1341.838867 0.000000 0.863095 0.000000 -0.505042 0.692811 0.692811 0.692811
7315.576660 0.000000 1334.592285 0.000000 0.872080 0.000000 -0.489364 0.647059 0.647059 0.647059
7307.263184 0.000000 1335.703003 0.000000 0.396888 0.000000 0.917867 0.500000 0.500000 0.500000
7327.888672 0.000000 1320.684937 0.000000 0.797170 0.000000 0.603755 0.535948 0.535948 0.535948
7320.641113 0.000000 1354.865112 0.000000 0.459677 0.000000 0.888086 0.627451 0.627451 0.627451
7316.821777 0.000000 1330.251587 0.000000 0.955524 0.000000 0.294915 0.647059 0.647059 0.647059
7302.997070 0.000000 1339.397583 0.000000 0.463462 0.000000 0.886117 0.588235 0.588235 0.588235
7343.135742 0.000000 1315.196777 0.000000 0.391617 0.000000 0.920128 0.692811 0.692811 0.692811
7320.887695 0.000000 1340.740845 0.000000 0.772813 0.000000 0.634634 0.581699 0.581699 0.581699
7305.808105 0.000000 1340.307739 0.000000 0.925248 0.000000 0.379362 0.627451 0.627451 0.627451
7326.716309 0.000000 1345.378662 0.000000 0.464108 0.000000 -0.885779 0.522876 0.522876 0.522876
7324.979980 0.000000 1314.419800 0.000000 0.955764 0.000000 -0.294134 0.607843 0.607843 0.607843
7314.979980 0.000000 1339.154419 0.000000 0.863525 0.000000 0.504306 0.647059 0.647059 0.647059
7313.033691 0.000000 1339.101440 0.000000 0.360727 0.000000 0.932671 0.640523 0.640523 0.640523
7304.076660 0.000000 1343.193970 0.000000 0.650540 0.000000 -0.759472 0.627451 0.627451 0.627451
7326.288086 0.000000 1353.603027 0.000000 0.780244 0.000000 -0.625476 0.660131 0.660131 0.660131
7322.529785 0.000000 1354.547485 0.000000 0.681269 0.000000 -0.732033 0.653595 0.653595 0.653595
7329.680176 0.000000 1354.968384 0.000000 0.044092 0.000000 0.999027 0.666667 0.666667 0.666667
7317.008301 0.000000 1328.245728 0.000000 0.728397 0.000000 0.685156 0.647059 0.647059 0.647059
7423.487305 0.000000 1329.368286 0.000000 0.650044 0.000000 0.759897 0.500000 0.500000 0.500000
7390.236816 0.000000 1351.670532 0.000000 0.923601 0.000000 0.383355 0.500000 0.500000 0.500000
7402.009766 0.000000 1354.077271 0.000000 0.716281 0.000000 0.697812 0.500000 0.500000 0.500000
7376.971680 0.000000 1348.317627 0.000000 0.521914 0.000000 0.852998 0.500000 0.500000 0.500000
7394.932617 0.000000 1353.217529 0.000000 0.867466 0.000000 0.497496 0.777778 0.777778 0.777778
7393.947754 0.000000 1348.614136 0.000000 0.975396 0.000000 0.220458 0.500000 0.500000 0.500000
7387.595215 0.000000 1349.664307 0.000000 0.787838 0.000000 -0.615883 0.500000 0.500000 0.500000
7374.604980 0.000000 1346.717651 0.000000 0.664415 0.000000 0.747364 0.666667 0.666667 0.666667
7393.062500 0.000000 1351.214600 0.000000 0.614898 0.000000 0.788607 0.666667 0.666667 0.666667
7379.443848 0.000000 1349.060425 0.000000 0.369673 0.000000 0.929162 0.500000 0.500000 0.500000
7374.650879 0.000000 1349.481445 0.000000 0.975247 0.000000 0.221117 0.607843 0.607843 0.607843
7395.689941 0.000000 1350.742310 0.000000 0.992594 0.000000 -0.121478 0.705882 0.705882 0.705882
7403.601562 0.000000 1352.040649 0.000000 0.835538 0.000000 -0.549433 0.790850 0.790850 0.790850
7369.808105 0.000000 1340.307739 0.000000 0.862791 0.000000 0.505561 0.732026 0.732026 0.732026
7375.590332 0.000000 1351.237061 0.000000 0.256860 0.000000 0.966449 0.745098 0.745098 0.745098
7461.982422 0.000000 1292.918091 0.000000 0.998722 0.000000 -0.050538 0.500000 0.500000 0.500000
7454.236816 0.000000 1295.186157 0.000000 0.297688 0.000000 -0.954663 0.500000 0.500000 0.500000
7465.260742 0.000000 1286.878418 0.000000 0.703618 0.000000 -0.710578 0.500000 0.500000 0.500000
7478.864258 0.000000 1297.654907 0.000000 0.089156 0.000000 0.996018 0.500000 0.500000 0.500000
7483.305664 0.000000 1292.435303 0.000000 0.948334 0.000000 0.317272 0.777778 0.777778 0.777778
7497.203613 0.000000 1278.357056 0.000000 0.372223 0.000000 -0.928143 0.500000 0.500000 0.500000
7513.621582 0.000000 1290.531128 0.000000 0.991808 0.000000 -0.127739 0.500000 0.500000 0.500000
7504.971680 0.000000 1291.833252 0.000000 0.966619 0.000000 0.256218 0.500000 0.500000 0.500000
7501.506836 0.000000 1278.470703 0.000000 0.873008 0.000000 0.487705 0.500000 0.500000 0.500000
7442.127930 0.000000 1312.416626 0.000000 0.394167 0.000000 -0.919039 0.500000 0.500000 0.500000
7431.979980 0.000000 1341.275879 0.000000 0.924075 0.000000 0.382211 0.500000 0.500000 0.500000
7438.873047 0.000000 1307.187744 0.000000 0.422342 0.000000 0.906436 0.500000 0.500000 0.500000
7433.866211 0.000000 1338.213013 0.000000 0.234923 0.000000 0.972014 0.500000 0.500000 0.500000
7430.997070 0.000000 1339.397583 0.000000 0.686283 0.000000 -0.727335 0.836601 0.836601 0.836601
7276.760254 0.000000 1394.130127 0.000000 0.092722 0.000000 -0.995692 0.500000 0.500000 0.500000
7286.816895 0.000000 1356.875732 0.000000 0.790324 0.000000 -0.612690 0.500000 0.500000 0.500000
7238.215332 0.000000 1404.562622 0.000000 0.129708 0.000000 -0.991552 0.500000 0.500000 0.500000
7282.584961 0.000000 1383.519287 0.000000 0.464292 0.000000 0.885682 0.535948 0.535948 0.535948
7268.276367 0.000000 1388.871704 0.000000 0.596805 0.000000 -0.802386 0.500000 0.500000 0.500000
7293.212891 0.000000 1381.016724 0.000000 0.916449 0.000000 -0.400150 0.500000 0.500000 0.500000
7277.434082 0.000000 1385.354248 0.000000 0.666156 0.000000 -0.745813 0.500000 0.500000 0.500000
7270.535645 0.000000 1385.133057 0.000000 0.179414 0.000000 -0.983774 0.500000 0.500000 0.500000
7291.211426 0.000000 1385.243164 0.000000 0.986648 0.000000 -0.162867 0.601307 0.601307 0.601307
7294.270020 0.000000 1360.056396 0.000000 0.948012 0.000000 0.318234 0.607843 0.607843 0.607843
7277.311035 0.000000 1389.974854 0.000000 0.961374 0.000000 -0.275245 0.575163 0.575163 0.575163
7286.381836 0.000000 1384.952637 0.000000 0.695019 0.000000 -0.718992 0.594771 0.594771 0.594771
7294.624512 0.000000 1364.445190 0.000000 0.785669 0.000000 -0.618647 0.607843 0.607843 0.607843
7283.863281 0.000000 1379.997681 0.000000 0.300849 0.000000 0.953672 0.500000 0.500000 0.500000
7273.204590 0.000000 1392.186401 0.000000 0.888509 0.000000 0.458859 0.568627 0.568627 0.568627
7273.656250 0.000000 1395.734741 0.000000 0.951599 0.000000 -0.307344 0.500000 0.500000 0.500000
7279.917480 0.000000 1392.406982 0.000000 0.982311 0.000000 0.187259 0.568627 0.568627 0.568627
7284.014648 0.000000 1364.468262 0.000000 0.058096 0.000000 -0.998311 0.500000 0.500000 0.500000
7274.288574 0.000000 1378.772827 0.000000 0.999877 0.000000 -0.015706 0.500000 0.500000 0.500000
7283.759277 0.000000 1386.989868 0.000000 0.966174 0.000000 0.257892 0.588235 0.588235 0.588235
7280.580566 0.000000 1386.065796 0.000000 0.759774 0.000000 0.650187 0.500000 0.500000 0.500000
7273.967773 0.000000 1385.442871 0.000000 0.941646 0.000000 0.336606 0.568627 0.568627 0.568627
7238.507812 0.000000 1407.716187 0.000000 0.965063 0.000000 -0.262017 0.500000 0.500000 0.500000
7292.832520 0.000000 1387.946777 0.000000 0.760425 0.000000 -0.649426 0.500000 0.500000 0.500000
7241.278320 0.000000 1405.708618 0.000000 0.582990 0.000000 0.812480 0.516340 0.516340 0.516340
7235.510742 0.000000 1402.552979 0.000000 0.347472 0.000000 -0.937690 0.500000 0.500000 0.500000
7273.676758 0.000000 1373.692017 0.000000 0.428503 0.000000 0.903541 0.500000 0.500000 0.500000
7290.504395 0.000000 1379.383911 0.000000 0.796745 0.000000 0.604316 0.500000 0.500000 0.500000
7270.337891 0.000000 1369.361206 0.000000 0.994088 0.000000 0.108579 0.500000 0.500000 0.500000
7285.519043 0.000000 1382.250366 0.000000 0.824384 0.000000 0.566031 0.500000 0.500000 0.500000
7290.637207 0.000000 1382.558716 0.000000 0.275246 0.000000 -0.961374 0.601307 0.601307 0.601307
7292.013184 0.000000 1370.489746 0.000000 0.999995 0.000000 -0.003304 0.500000 0.500000 0.500000
7276.051758 0.000000 1387.719360 0.000000 0.154186 0.000000 0.988042 0.500000 0.500000 0.500000
7266.111328 0.000000 1387.240234 0.000000 0.345202 0.000000 0.938529 0.500000 0.500000 0.500000
7278.693848 0.000000 1387.683594 0.000000 0.027634 0.000000 -0.999618 0.581699 0.581699 0.581699
7275.659668 0.000000 1391.804688 0.000000 0.969737 0.000000 -0.244150 0.575163 0.575163 0.575163
7288.742188 0.000000 1385.518921 0.000000 0.246258 0.000000 -0.969204 0.500000 0.500000 0.500000
7293.251953 0.000000 1362.439575 0.000000 0.968438 0.000000 0.249254 0.607843 0.607843 0.607843
7268.550293 0.000000 1386.419067 0.000000 0.317680 0.000000 -0.948198 0.562092 0.562092 0.562092
7284.657715 0.000000 1355.661133 0.000000 0.952111 0.000000 -0.305751 0.500000 0.500000 0.500000
7286.385254 0.000000 1359.534058 0.000000 0.990027 0.000000 -0.140881 0.594771 0.594771 0.594771
7292.727539 0.000000 1358.119507 0.000000 0.877018 0.000000 -0.480457 0.555556 0.555556 0.555556
7295.273438 0.000000 1367.016113 0.000000 0.759227 0.000000 -0.650826 0.607843 0.607843 0.607843
7234.026855 0.000000 1404.251221 0.000000 0.783713 0.000000 -0.621123 0.509804 0.509804 0.509804
7288.096680 0.000000 1383.268921 0.000000 0.693498 0.000000 -0.720458 0.601307 0.601307 0.601307
7286.255859 0.000000 1364.385010 0.000000 0.693206 0.000000 -0.720740 0.594771 0.594771 0.594771
7240.237305 0.000000 1403.651611 0.000000 0.638320 0.000000 0.769771 0.516340 0.516340 0.516340
7272.179688 0.000000 1383.809692 0.000000 0.874910 0.000000 0.484286 0.568627 0.568627 0.568627
7293.252441 0.000000 1366.051392 0.000000 0.919466 0.000000 0.393169 0.607843 0.607843 0.607843
7274.281250 0.000000 1397.836792 0.000000 0.452875 0.000000 -0.891574 0.542484 0.542484 0.542484
7277.814941 0.000000 1392.171143 0.000000 0.436761 0.000000 -0.899578 0.575163 0.575163 0.575163
7279.436035 0.000000 1390.346313 0.000000 0.968143 0.000000 0.250399 0.500000 0.500000 0.500000
7275.060059 0.000000 1389.758545 0.000000 0.109239 0.000000 -0.994016 0.575163 0.575163 0.575163
7293.382324 0.000000 1385.927368 0.000000 0.971026 0.000000 0.238975 0.607843 0.607843 0.607843
7272.199219 0.000000 1386.470947 0.000000 0.979626 0.000000 0.200832 0.500000 0.500000 0.500000
7272.688965 0.000000 1380.025513 0.000000 0.424488 0.000000 0.905434 0.535948 0.535948 0.535948
7272.284180 0.000000 1394.091553 0.000000 0.365522 0.000000 -0.930803 0.500000 0.500000 0.500000
7237.572266 0.000000 1402.555786 0.000000 0.565895 0.000000 -0.824478 0.509804 0.509804 0.509804
7292.271484 0.000000 1364.138306 0.000000 0.265400 0.000000 -0.964138 0.607843 0.607843 0.607843
7283.318359 0.000000 1389.266479 0.000000 0.818137 0.000000 -0.575023 0.575163 0.575163 0.575163
7229.212891 0.000000 1437.501099 0.000000 0.357376 0.000000 0.933960 0.500000 0.500000 0.500000
7212.083496 0.000000 1432.170410 0.000000 0.944166 0.000000 -0.329469 0.500000 0.500000 0.500000
7221.994141 0.000000 1433.395508 0.000000 0.426901 0.000000 0.904298 0.500000 0.500000 0.500000
7219.016113 0.000000 1432.960449 0.000000 0.492589 0.000000 -0.870262 0.500000 0.500000 0.500000
7288.065918 0.000000 1437.471924 0.000000 0.703545 0.000000 -0.710651 0.500000 0.500000 0.500000
7290.807129 0.000000 1418.763916 0.000000 0.335088 0.000000 0.942187 0.500000 0.500000 0.500000
7281.272949 0.000000 1445.734253 0.000000 0.974616 0.000000 0.223883 0.500000 0.500000 0.500000
7270.893555 0.000000 1431.556763 0.000000 0.921167 0.000000 -0.389168 0.500000 0.500000 0.500000
7293.292480 0.000000 1424.668335 0.000000 0.150230 0.000000 0.988651 0.500000 0.500000 0.500000
7233.017578 0.000000 1438.802490 0.000000 0.152576 0.000000 0.988292 0.500000 0.500000 0.500000
7282.584961 0.000000 1440.003662 0.000000 0.991700 0.000000 -0.128575 0.500000 0.500000 0.500000
7249.256836 0.000000 1446.824219 0.000000 0.960279 0.000000 -0.279041 0.522876 0.522876 0.522876
7244.552734 0.000000 1438.303467 0.000000 0.999523 0.000000 0.030876 0.500000 0.500000 0.500000
7250.817383 0.000000 1442.553223 0.000000 0.281569 0.000000 0.959541 0.529412 0.529412 0.529412
7266.015137 0.000000 1432.604858 0.000000 0.346173 0.000000 -0.938171 0.500000 0.500000 0.500000
7232.163086 0.000000 1446.855957 0.000000 0.554616 0.000000 0.832107 0.500000 0.500000 0.500000
7232.514160 0.000000 1428.190186 0.000000 0.896873 0.000000 0.442289 0.500000 0.500000 0.500000
7286.381836 0.000000 1441.437012 0.000000 0.604037 0.000000 -0.796956 0.500000 0.500000 0.500000
7294.624512 0.000000 1420.929565 0.000000 0.294478 0.000000 -0.955658 0.500000 0.500000 0.500000
7270.889160 0.000000 1435.548950 0.000000 0.783147 0.000000 -0.621836 0.562092 0.562092 0.562092
7245.506836 0.000000 1447.923828 0.000000 0.947237 0.000000 -0.320533 0.500000 0.500000 0.500000
7236.755371 0.000000 1439.982056 0.000000 0.908229 0.000000 0.418474 0.500000 0.500000 0.500000
7254.628418 0.000000 1442.136597 0.000000 0.999998 0.000000 -0.002167 0.535948 0.535948 0.535948
7267.666992 0.000000 1448.595581 0.000000 0.517953 0.000000 0.855409 0.500000 0.500000 0.500000
7238.724121 0.000000 1445.616821 0.000000 0.040468 0.000000 -0.999181 0.500000 0.500000 0.500000
7291.100586 0.000000 1422.202148 0.000000 0.731083 0.000000 -0.682289 0.500000 0.500000 0.500000
7273.676758 0.000000 1430.176392 0.000000 0.450863 0.000000 0.892593 0.500000 0.500000 0.500000
7265.448730 0.000000 1435.406128 0.000000 0.982438 0.000000 -0.186587 0.500000 0.500000 0.500000
7268.759766 0.000000 1433.485596 0.000000 0.398663 0.000000 0.917097 0.562092 0.562092 0.562092
7248.244141 0.000000 1441.307251 0.000000 0.079976 0.000000 -0.996797 0.500000 0.500000 0.500000
7243.616211 0.000000 1441.450562 0.000000 0.727623 0.000000 -0.685978 0.500000 0.500000 0.500000
7248.716797 0.000000 1444.207153 0.000000 0.866777 0.000000 0.498696 0.500000 0.500000 0.500000
7276.051758 0.000000 1444.203735 0.000000 0.924878 0.000000 -0.380265 0.562092 0.562092 0.562092
7270.385742 0.000000 1428.954346 0.000000 0.847849 0.000000 -0.530238 0.535948 0.535948 0.535948
7278.693848 0.000000 1444.167969 0.000000 0.997877 0.000000 -0.065124 0.568627 0.568627 0.568627
7234.311035 0.000000 1448.720459 0.000000 0.523803 0.000000 0.851839 0.503268 0.503268 0.503268
7251.362793 0.000000 1440.097168 0.000000 0.642283 0.000000 0.766468 0.500000 0.500000 0.500000
7245.872070 0.000000 1440.511841 0.000000 0.964303 0.000000 -0.264803 0.522876 0.522876 0.522876
7275.095215 0.000000 1426.427979 0.000000 0.837310 0.000000 0.546729 0.500000 0.500000 0.500000
7295.273438 0.000000 1423.500488 0.000000 0.825260 0.000000 -0.564753 0.500000 0.500000 0.500000
7288.096680 0.000000 1439.753296 0.000000 0.877762 0.000000 -0.479098 0.588235 0.588235 0.588235
7268.682129 0.000000 1435.898682 0.000000 0.887635 0.000000 0.460548 0.562092 0.562092 0.562092
7293.252441 0.000000 1422.535767 0.000000 0.361945 0.000000 0.932199 0.601307 0.601307 0.601307
7279.436035 0.000000 1446.830688 0.000000 0.650901 0.000000 -0.759162 0.568627 0.568627 0.568627
7252.821777 0.000000 1443.220337 0.000000 0.956822 0.000000 0.290673 0.535948 0.535948 0.535948
7235.099121 0.000000 1438.811035 0.000000 0.492422 0.000000 -0.870357 0.503268 0.503268 0.503268
7292.271484 0.000000 1420.622681 0.000000 0.851018 0.000000 0.525137 0.601307 0.601307 0.601307
7298.396484 0.000000 1357.487183 0.000000 0.937115 0.000000 -0.349020 0.500000 0.500000 0.500000
7305.400879 0.000000 1371.744141 0.000000 0.541495 0.000000 0.840704 0.500000 0.500000 0.500000
7311.272949 0.000000 1377.543579 0.000000 0.310657 0.000000 -0.950522 0.500000 0.500000 0.500000
7334.893555 0.000000 1375.072388 0.000000 0.095929 0.000000 -0.995388 0.500000 0.500000 0.500000
7310.873047 0.000000 1363.672119 0.000000 0.862455 0.000000 0.506133 0.633987 0.633987 0.633987
7327.826172 0.000000 1363.747437 0.000000 0.582770 0.000000 -0.812637 0.640523 0.640523 0.640523
7351.107910 0.000000 1400.826294 0.000000 0.790296 0.000000 0.612725 0.500000 0.500000 0.500000
7319.491699 0.000000 1356.256470 0.000000 0.113601 0.000000 0.993526 0.647059 0.647059 0.647059
7296.098633 0.000000 1362.573975 0.000000 0.975926 0.000000 -0.218100 0.614379 0.614379 0.614379
7332.045898 0.000000 1360.899902 0.000000 0.337418 0.000000 0.941355 0.673203 0.673203 0.673203
7310.220703 0.000000 1372.705933 0.000000 0.841098 0.000000 -0.540882 0.500000 0.500000 0.500000
7314.283691 0.000000 1356.757690 0.000000 0.998936 0.000000 0.046107 0.640523 0.640523 0.640523
7307.929688 0.000000 1367.630859 0.000000 0.153788 0.000000 -0.988104 0.500000 0.500000 0.500000
7302.330566 0.000000 1367.721802 0.000000 0.971464 0.000000 -0.237188 0.500000 0.500000 0.500000
7306.351562 0.000000 1376.503906 0.000000 0.159037 0.000000 0.987273 0.500000 0.500000 0.500000
7318.937012 0.000000 1370.052368 0.000000 0.246457 0.000000 -0.969154 0.588235 0.588235 0.588235
7331.991211 0.000000 1371.351440 0.000000 0.954717 0.000000 0.297516 0.666667 0.666667 0.666667
7321.237793 0.000000 1361.783936 0.000000 0.180483 0.000000 -0.983578 0.653595 0.653595 0.653595
7350.864258 0.000000 1410.623657 0.000000 0.679239 0.000000 -0.733917 0.699347 0.699347 0.699347
7328.426758 0.000000 1368.062866 0.000000 0.812472 0.000000 0.583000 0.503268 0.503268 0.503268
7323.131348 0.000000 1371.746216 0.000000 0.997672 0.000000 0.068198 0.640523 0.640523 0.640523
7307.786133 0.000000 1360.677979 0.000000 0.996945 0.000000 -0.078107 0.614379 0.614379 0.614379
7300.047852 0.000000 1363.975098 0.000000 0.301033 0.000000 -0.953614 0.620915 0.620915 0.620915
7323.932617 0.000000 1375.894653 0.000000 0.915938 0.000000 -0.401319 0.500000 0.500000 0.500000
7358.624512 0.000000 1364.445190 0.000000 0.643318 0.000000 0.765599 0.500000 0.500000 0.500000
7334.889160 0.000000 1379.064575 0.000000 0.773715 0.000000 0.633534 0.500000 0.500000 0.500000
7344.023926 0.000000 1408.160034 0.000000 0.987611 0.000000 -0.156922 0.500000 0.500000 0.500000
7343.868652 0.000000 1404.036011 0.000000 0.686852 0.000000 -0.726797 0.686275 0.686275 0.686275
7301.464844 0.000000 1360.406982 0.000000 0.859490 0.000000 -0.511152 0.620915 0.620915 0.620915
7357.507812 0.000000 1405.401733 0.000000 0.948245 0.000000 0.317540 0.500000 0.500000 0.500000
7355.981445 0.000000 1410.844238 0.000000 0.801704 0.000000 -0.597722 0.500000 0.500000 0.500000
7347.402344 0.000000 1409.592285 0.000000 0.998408 0.000000 -0.056410 0.692811 0.692811 0.692811
7314.190430 0.000000 1365.147217 0.000000 0.711220 0.000000 -0.702969 0.500000 0.500000 0.500000
7351.062500 0.000000 1406.642456 0.000000 0.091570 0.000000 0.995799 0.699347 0.699347 0.699347
7325.020508 0.000000 1368.455322 0.000000 0.891564 0.000000 0.452896 0.660131 0.660131 0.660131
7324.431641 0.000000 1363.132812 0.000000 0.946213 0.000000 0.323544 0.647059 0.647059 0.647059
7354.028320 0.000000 1368.723633 0.000000 0.400840 0.000000 -0.916148 0.500000 0.500000 0.500000
7331.104004 0.000000 1364.167114 0.000000 0.266493 0.000000 0.963837 0.500000 0.500000 0.500000
7322.987305 0.000000 1355.713745 0.000000 0.324911 0.000000 0.945745 0.653595 0.653595 0.653595
7337.064941 0.000000 1407.330566 0.000000 0.896491 0.000000 -0.443063 0.500000 0.500000 0.500000
7311.197266 0.000000 1367.257812 0.000000 0.509865 0.000000 0.860254 0.500000 0.500000 0.500000
7319.836426 0.000000 1406.237915 0.000000 0.999989 0.000000 -0.004684 0.500000 0.500000 0.500000
7321.661133 0.000000 1358.691162 0.000000 0.184276 0.000000 0.982875 0.653595 0.653595 0.653595
7349.860840 0.000000 1403.691406 0.000000 0.717471 0.000000 -0.696589 0.699347 0.699347 0.699347
7307.486816 0.000000 1364.184570 0.000000 0.784205 0.000000 0.620502 0.500000 0.500000 0.500000
7298.356934 0.000000 1360.523193 0.000000 0.190517 0.000000 -0.981684 0.614379 0.614379 0.614379
7354.462402 0.000000 1372.695068 0.000000 0.003429 0.000000 0.999994 0.500000 0.500000 0.500000
7305.084961 0.000000 1366.442871 0.000000 0.922917 0.000000 0.384998 0.500000 0.500000 0.500000
7308.112305 0.000000 1370.531738 0.000000 0.273107 0.000000 0.961984 0.627451 0.627451 0.627451
7313.664551 0.000000 1362.281006 0.000000 0.996586 0.000000 0.082562 0.640523 0.640523 0.640523
7299.820801 0.000000 1369.430420 0.000000 0.441791 0.000000 -0.897118 0.614379 0.614379 0.614379
7332.759766 0.000000 1377.001221 0.000000 0.699984 0.000000 0.714158 0.500000 0.500000 0.500000
7309.099609 0.000000 1375.401611 0.000000 0.913631 0.000000 0.406544 0.633987 0.633987 0.633987
7326.961914 0.000000 1356.586304 0.000000 0.234981 0.000000 -0.972000 0.627451 0.627451 0.627451
7316.994629 0.000000 1358.177734 0.000000 0.969176 0.000000 -0.246368 0.647059 0.647059 0.647059
7316.094727 0.000000 1371.025879 0.000000 0.995874 0.000000 -0.090746 0.500000 0.500000 0.500000
7326.608887 0.000000 1361.164673 0.000000 0.897962 0.000000 -0.440073 0.500000 0.500000 0.500000
7326.952637 0.000000 1375.137329 0.000000 0.509122 0.000000 -0.860695 0.660131 0.660131 0.660131
7331.200195 0.000000 1368.421997 0.000000 0.672124 0.000000 0.740439 0.500000 0.500000 0.500000
7332.575195 0.000000 1358.014038 0.000000 0.851541 0.000000 -0.524287 0.673203 0.673203 0.673203
7332.029297 0.000000 1374.177734 0.000000 0.317497 0.000000 0.948259 0.500000 0.500000 0.500000
7321.706543 0.000000 1369.264404 0.000000 0.841246 0.000000 0.540653 0.653595 0.653595 0.653595
7325.958984 0.000000 1365.825317 0.000000 0.231321 0.000000 0.972877 0.581699 0.581699 0.581699
7334.469727 0.000000 1382.218994 0.000000 0.277968 0.000000 -0.960590 0.500000 0.500000 0.500000
7297.451660 0.000000 1365.017456 0.000000 0.969098 0.000000 -0.246676 0.614379 0.614379 0.614379
7306.564941 0.000000 1358.173950 0.000000 0.871705 0.000000 -0.490032 0.500000 0.500000 0.500000
7304.614258 0.000000 1369.153809 0.000000 0.226455 0.000000 -0.974022 0.500000 0.500000 0.500000
7318.782715 0.000000 1362.928345 0.000000 0.544511 0.000000 0.838753 0.640523 0.640523 0.640523
7296.090332 0.000000 1358.920654 0.000000 0.781908 0.000000 -0.623394 0.614379 0.614379 0.614379
7319.068359 0.000000 1360.136108 0.000000 0.580790 0.000000 0.814053 0.647059 0.647059 0.647059
7357.125000 0.000000 1408.104248 0.000000 0.921417 0.000000 0.388576 0.601307 0.601307 0.601307
7329.412109 0.000000 1370.582153 0.000000 0.044752 0.000000 -0.998998 0.500000 0.500000 0.500000
7318.077637 0.000000 1372.799683 0.000000 0.097950 0.000000 0.995191 0.647059 0.647059 0.647059
7299.913086 0.000000 1366.561523 0.000000 0.077690 0.000000 -0.996978 0.614379 0.614379 0.614379
7359.976562 0.000000 1406.240356 0.000000 0.303800 0.000000 -0.952736 0.692811 0.692811 0.692811
7333.463867 0.000000 1363.230347 0.000000 0.664753 0.000000 0.747064 0.522876 0.522876 0.522876
7316.805176 0.000000 1355.692505 0.000000 0.042624 0.000000 -0.999091 0.500000 0.500000 0.500000
7314.128418 0.000000 1376.386597 0.000000 0.820511 0.000000 0.571630 0.500000 0.500000 0.500000
7324.928223 0.000000 1373.505127 0.000000 0.886687 0.000000 -0.462371 0.660131 0.660131 0.660131
7320.535645 0.000000 1371.979980 0.000000 0.381672 0.000000 -0.924298 0.653595 0.653595 0.653595
7323.678223 0.000000 1360.639160 0.000000 0.080693 0.000000 -0.996739 0.653595 0.653595 0.653595
7320.077637 0.000000 1365.021484 0.000000 0.154314 0.000000 -0.988022 0.653595 0.653595 0.653595
7329.641602 0.000000 1373.703613 0.000000 0.298333 0.000000 -0.954462 0.500000 0.500000 0.500000
7329.365723 0.000000 1365.799805 0.000000 0.112575 0.000000 -0.993643 0.500000 0.500000 0.500000
7348.706543 0.000000 1411.940308 0.000000 0.974238 0.000000 0.225521 0.692811 0.692811 0.692811
7349.005371 0.000000 1407.820190 0.000000 0.051774 0.000000 0.998659 0.699347 0.699347 0.699347
7300.602051 0.000000 1358.230835 0.000000 0.071584 0.000000 -0.997435 0.620915 0.620915 0.620915
7326.816895 0.000000 1370.062744 0.000000 0.005053 0.000000 -0.999987 0.594771 0.594771 0.594771
7345.129395 0.000000 1406.030884 0.000000 0.972570 0.000000 -0.232609 0.666667 0.666667 0.666667
7339.596680 0.000000 1404.166504 0.000000 0.536911 0.000000 -0.843639 0.679739 0.679739 0.679739
7302.475098 0.000000 1370.215698 0.000000 0.359813 0.000000 0.933025 0.542484 0.542484 0.542484
7342.671387 0.000000 1402.079468 0.000000 0.822738 0.000000 0.568421 0.686275 0.686275 0.686275
7322.165527 0.000000 1363.882812 0.000000 0.122325 0.000000 -0.992490 0.647059 0.647059 0.647059
7353.072754 0.000000 1405.742065 0.000000 0.981058 0.000000 -0.193712 0.705882 0.705882 0.705882
7306.166504 0.000000 1362.138672 0.000000 0.994324 0.000000 0.106393 0.627451 0.627451 0.627451
7346.103516 0.000000 1403.957886 0.000000 0.744910 0.000000 0.667165 0.692811 0.692811 0.692811
7351.867676 0.000000 1402.856689 0.000000 0.134248 0.000000 0.990948 0.699347 0.699347 0.699347
7357.252441 0.000000 1366.051392 0.000000 0.920331 0.000000 -0.391141 0.516340 0.516340 0.516340
7329.049316 0.000000 1356.875244 0.000000 0.854906 0.000000 -0.518782 0.666667 0.666667 0.666667
7341.747070 0.000000 1404.316528 0.000000 0.917464 0.000000 0.397818 0.686275 0.686275 0.686275
7298.199219 0.000000 1362.737305 0.000000 0.906336 0.000000 -0.422557 0.614379 0.614379 0.614379
7323.966309 0.000000 1365.238159 0.000000 0.875841 0.000000 -0.482600 0.627451 0.627451 0.627451
7297.654297 0.000000 1369.983154 0.000000 0.575322 0.000000 -0.817927 0.614379 0.614379 0.614379
7321.618652 0.000000 1407.302246 0.000000 0.997763 0.000000 0.066845 0.647059 0.647059 0.647059
7346.394043 0.000000 1407.746826 0.000000 0.996416 0.000000 -0.084588 0.692811 0.692811 0.692811
7356.034180 0.000000 1403.448242 0.000000 0.999989 0.000000 -0.004675 0.640523 0.640523 0.640523
7324.979980 0.000000 1370.904175 0.000000 0.180332 0.000000 -0.983606 0.568627 0.568627 0.568627
7312.098633 0.000000 1365.384521 0.000000 0.985127 0.000000 0.171825 0.640523 0.640523 0.640523
7313.219727 0.000000 1367.083740 0.000000 0.818596 0.000000 -0.574370 0.640523 0.640523 0.640523
7338.638672 0.000000 1406.057617 0.000000 0.358916 0.000000 0.933370 0.562092 0.562092 0.562092
7315.236816 0.000000 1366.948120 0.000000 0.823853 0.000000 0.566803 0.575163 0.575163 0.575163
7330.934570 0.000000 1359.194214 0.000000 0.988892 0.000000 -0.148633 0.666667 0.666667 0.666667
7300.035156 0.000000 1361.844727 0.000000 0.935259 0.000000 -0.353964 0.620915 0.620915 0.620915
7356.271484 0.000000 1364.138306 0.000000 0.976575 0.000000 -0.215178 0.712418 0.712418 0.712418
7353.007324 0.000000 1401.285522 0.000000 0.966959 0.000000 0.254933 0.705882 0.705882 0.705882
7325.096680 0.000000 1356.021240 0.000000 0.949012 0.000000 0.315240 0.660131 0.660131 0.660131
7319.366211 0.000000 1358.277710 0.000000 0.462932 0.000000 0.886394 0.647059 0.647059 0.647059
7349.449707 0.000000 1405.516479 0.000000 0.286782 0.000000 -0.957996 0.699347 0.699347 0.699347
7351.432129 0.000000 1404.708740 0.000000 0.992308 0.000000 -0.123793 0.699347 0.699347 0.699347
7364.458496 0.000000 1410.090942 0.000000 0.999942 0.000000 0.010807 0.500000 0.500000 0.500000
7360.098633 0.000000 1362.573975 0.000000 0.642190 0.000000 0.766545 0.718954 0.718954 0.718954
7396.276367 0.000000 1388.871704 0.000000 0.998071 0.000000 0.062081 0.500000 0.500000 0.500000
7405.434082 0.000000 1385.354248 0.000000 0.453940 0.000000 -0.891032 0.500000 0.500000 0.500000
7368.908691 0.000000 1401.525024 0.000000 0.999559 0.000000 0.029694 0.500000 0.500000 0.500000
7398.686523 0.000000 1355.930786 0.000000 0.366107 0.000000 0.930573 0.500000 0.500000 0.500000
7402.673340 0.000000 1355.768921 0.000000 0.824309 0.000000 -0.566141 0.500000 0.500000 0.500000
7401.204590 0.000000 1392.186401 0.000000 0.591556 0.000000 -0.806264 0.500000 0.500000 0.500000
7363.510742 0.000000 1402.552979 0.000000 0.460830 0.000000 -0.887489 0.718954 0.718954 0.718954
7362.356934 0.000000 1360.523193 0.000000 0.987594 0.000000 -0.157027 0.500000 0.500000 0.500000
7366.057129 0.000000 1400.562744 0.000000 0.081450 0.000000 0.996677 0.542484 0.542484 0.542484
7362.552734 0.000000 1411.701172 0.000000 0.372728 0.000000 -0.927941 0.500000 0.500000 0.500000
7391.328613 0.000000 1405.946899 0.000000 0.926828 0.000000 0.375486 0.764706 0.764706 0.764706
7362.026855 0.000000 1404.251221 0.000000 0.965769 0.000000 -0.259404 0.718954 0.718954 0.718954
7386.165527 0.000000 1363.882812 0.000000 0.968937 0.000000 0.247309 0.764706 0.764706 0.764706
7398.962402 0.000000 1399.804932 0.000000 0.996754 0.000000 -0.080507 0.718954 0.718954 0.718954
7402.219238 0.000000 1401.839600 0.000000 0.892177 0.000000 0.451686 0.607843 0.607843 0.607843
7405.465820 0.000000 1399.920898 0.000000 0.149106 0.000000 -0.988821 0.500000 0.500000 0.500000
7400.647949 0.000000 1356.951660 0.000000 0.011677 0.000000 -0.999932 0.784314 0.784314 0.784314
7402.281250 0.000000 1397.836792 0.000000 0.494860 0.000000 0.868973 0.784314 0.784314 0.784314
7400.199219 0.000000 1386.470947 0.000000 0.999265 0.000000 -0.038324 0.784314 0.784314 0.784314
7403.407227 0.000000 1399.853027 0.000000 0.380212 0.000000 -0.924899 0.784314 0.784314 0.784314
7405.537598 0.000000 1396.014648 0.000000 0.704134 0.000000 -0.710067 0.712418 0.712418 0.712418
7365.572266 0.000000 1402.555786 0.000000 0.893027 0.000000 -0.450004 0.725490 0.725490 0.725490
7364.166992 0.000000 1404.389526 0.000000 0.045159 0.000000 -0.998980 0.725490 0.725490 0.725490
7403.628906 0.000000 1396.016113 0.000000 0.284186 0.000000 -0.958769 0.784314 0.784314 0.784314
7388.161133 0.000000 1404.237061 0.000000 0.012440 0.000000 -0.999923 0.758170 0.758170 0.758170
7389.418457 0.000000 1405.622559 0.000000 0.970309 0.000000 -0.241868 0.758170 0.758170 0.758170
7316.569336 0.000000 1417.495850 0.000000 0.995154 0.000000 -0.098326 0.500000 0.500000 0.500000
7304.407715 0.000000 1419.921753 0.000000 0.203958 0.000000 -0.978980 0.500000 0.500000 0.500000
7322.122559 0.000000 1422.917725 0.000000 0.504900 0.000000 0.863178 0.500000 0.500000 0.500000
7350.816895 0.000000 1413.360107 0.000000 0.999377 0.000000 0.035301 0.500000 0.500000 0.500000
7331.765137 0.000000 1437.956665 0.000000 0.010968 0.000000 -0.999940 0.500000 0.500000 0.500000
7296.098633 0.000000 1419.058350 0.000000 0.984817 0.000000 -0.173597 0.500000 0.500000 0.500000
7354.511719 0.000000 1432.619385 0.000000 0.837826 0.000000 -0.545937 0.500000 0.500000 0.500000
7307.929688 0.000000 1424.115234 0.000000 0.694200 0.000000 -0.719782 0.500000 0.500000 0.500000
7302.330566 0.000000 1424.206177 0.000000 0.942751 0.000000 -0.333497 0.500000 0.500000 0.500000
7306.351562 0.000000 1432.988281 0.000000 0.932309 0.000000 -0.361663 0.500000 0.500000 0.500000
7331.991211 0.000000 1427.835815 0.000000 0.947756 0.000000 0.318995 0.500000 0.500000 0.500000
7350.173828 0.000000 1418.293579 0.000000 0.263086 0.000000 0.964772 0.500000 0.500000 0.500000
7317.668945 0.000000 1421.898315 0.000000 0.924310 0.000000 0.381643 0.500000 0.500000 0.500000
7328.426758 0.000000 1424.547241 0.000000 0.588934 0.000000 0.808181 0.653595 0.653595 0.653595
7300.047852 0.000000 1420.459473 0.000000 0.173852 0.000000 0.984772 0.601307 0.601307 0.601307
7358.270020 0.000000 1416.540771 0.000000 0.991525 0.000000 -0.129915 0.500000 0.500000 0.500000
7358.624512 0.000000 1420.929565 0.000000 0.868744 0.000000 -0.495262 0.699347 0.699347 0.699347
7341.375000 0.000000 1437.031006 0.000000 0.760320 0.000000 -0.649548 0.500000 0.500000 0.500000
7342.042969 0.000000 1417.963989 0.000000 0.955981 0.000000 0.293427 0.500000 0.500000 0.500000
7325.020508 0.000000 1424.939697 0.000000 0.966922 0.000000 -0.255074 0.500000 0.500000 0.500000
7311.197266 0.000000 1423.742188 0.000000 0.953728 0.000000 -0.300670 0.500000 0.500000 0.500000
7307.486816 0.000000 1420.668945 0.000000 0.802251 0.000000 0.596987 0.627451 0.627451 0.627451
7355.100586 0.000000 1422.202148 0.000000 0.965863 0.000000 -0.259053 0.529412 0.529412 0.529412
7298.356934 0.000000 1417.007568 0.000000 0.947537 0.000000 0.319647 0.614379 0.614379 0.614379
7308.526855 0.000000 1435.155151 0.000000 0.985864 0.000000 0.167547 0.620915 0.620915 0.620915
7344.746582 0.000000 1415.347046 0.000000 0.968175 0.000000 0.250273 0.500000 0.500000 0.500000
7313.664551 0.000000 1418.765381 0.000000 0.957509 0.000000 -0.288402 0.633987 0.633987 0.633987
7326.952637 0.000000 1431.621704 0.000000 0.806839 0.000000 -0.590772 0.647059 0.647059 0.647059
7331.200195 0.000000 1424.906372 0.000000 0.954989 0.000000 0.296641 0.660131 0.660131 0.660131
7352.639160 0.000000 1417.081665 0.000000 0.748077 0.000000 -0.663611 0.614379 0.614379 0.614379
7318.782715 0.000000 1419.412720 0.000000 0.991995 0.000000 0.126281 0.647059 0.647059 0.647059
7352.473633 0.000000 1420.240112 0.000000 0.939886 0.000000 0.341488 0.500000 0.500000 0.500000
7306.329590 0.000000 1436.813965 0.000000 0.580834 0.000000 0.814022 0.500000 0.500000 0.500000
7329.412109 0.000000 1427.066528 0.000000 0.436355 0.000000 0.899775 0.500000 0.500000 0.500000
7334.385742 0.000000 1428.954346 0.000000 0.081900 0.000000 -0.996641 0.500000 0.500000 0.500000
7315.894531 0.000000 1419.881104 0.000000 0.999986 0.000000 0.005318 0.640523 0.640523 0.640523
7329.641602 0.000000 1430.187988 0.000000 0.237418 0.000000 0.971408 0.653595 0.653595 0.653595
7358.948242 0.000000 1414.263550 0.000000 0.802428 0.000000 -0.596749 0.705882 0.705882 0.705882
7309.487793 0.000000 1422.126099 0.000000 0.983480 0.000000 0.181019 0.509804 0.509804 0.509804
7355.739258 0.000000 1416.615967 0.000000 0.337653 0.000000 -0.941271 0.500000 0.500000 0.500000
7326.816895 0.000000 1426.547119 0.000000 0.988291 0.000000 -0.152583 0.653595 0.653595 0.653595
7347.914062 0.000000 1417.897705 0.000000 0.627714 0.000000 0.778444 0.686275 0.686275 0.686275
7310.033691 0.000000 1418.000366 0.000000 0.484017 0.000000 0.875059 0.633987 0.633987 0.633987
7348.657715 0.000000 1412.145508 0.000000 0.913098 0.000000 0.407740 0.500000 0.500000 0.500000
7356.727539 0.000000 1414.603882 0.000000 0.637987 0.000000 0.770047 0.705882 0.705882 0.705882
7298.199219 0.000000 1419.221680 0.000000 0.474555 0.000000 -0.880226 0.614379 0.614379 0.614379
7324.979980 0.000000 1427.388550 0.000000 0.981261 0.000000 -0.192681 0.647059 0.647059 0.647059
7300.035156 0.000000 1418.329102 0.000000 0.280587 0.000000 0.959829 0.614379 0.614379 0.614379
7346.317871 0.000000 1416.562500 0.000000 0.892748 0.000000 0.450556 0.686275 0.686275 0.686275
7364.948730 0.000000 1412.224487 0.000000 0.749892 0.000000 0.661560 0.500000 0.500000 0.500000
7430.330566 0.000000 1367.721802 0.000000 0.981569 0.000000 0.191109 0.500000 0.500000 0.500000
7510.628418 0.000000 1385.652222 0.000000 0.365689 0.000000 0.930737 0.500000 0.500000 0.500000
7515.190918 0.000000 1383.934448 0.000000 0.302536 0.000000 -0.953138 0.500000 0.500000 0.500000
7510.981445 0.000000 1383.849609 0.000000 0.927742 0.000000 0.373223 0.954248 0.954248 0.954248
7555.505371 0.000000 1399.051147 0.000000 0.496692 0.000000 -0.867927 0.500000 0.500000 0.500000
5818.368164 0.000000 2254.816650 0.000000 0.385377 0.000000 -0.922759 0.500000 0.500000 0.500000
5823.958008 0.000000 2280.273926 0.000000 0.691512 0.000000 0.722365 0.500000 0.500000 0.500000
5873.519043 0.000000 2265.704590 0.000000 0.587584 0.000000 -0.809163 0.500000 0.500000 0.500000
5868.662598 0.000000 2422.923828 0.000000 0.828672 0.000000 -0.559734 0.500000 0.500000 0.500000
5860.276367 0.000000 2405.590576 0.000000 0.248727 0.000000 -0.968574 0.500000 0.500000 0.500000
5804.760254 0.000000 2467.333252 0.000000 0.416606 0.000000 -0.909087 0.500000 0.500000 0.500000
5868.760254 0.000000 2467.333252 0.000000 0.345796 0.000000 0.938310 0.500000 0.500000 0.500000
5903.130859 0.000000 2468.199951 0.000000 0.767958 0.000000 0.640500 0.500000 0.500000 0.500000
5925.982422 0.000000 2479.089844 0.000000 0.897587 0.000000 -0.440837 0.500000 0.500000 0.500000
5899.959473 0.000000 2477.319092 0.000000 0.230803 0.000000 -0.973001 0.500000 0.500000 0.500000
6095.130859 0.000000 2411.715576 0.000000 0.775543 0.000000 0.631295 0.500000 0.500000 0.500000
5896.407715 0.000000 2493.124756 0.000000 0.233462 0.000000 0.972366 0.500000 0.500000 0.500000
6047.453613 0.000000 2502.042725 0.000000 0.687110 0.000000 0.726553 0.500000 0.500000 0.500000
6357.705078 0.000000 1834.367676 0.000000 0.544115 0.000000 0.839011 0.500000 0.500000 0.500000
6374.230957 0.000000 1846.029053 0.000000 0.715801 0.000000 0.698304 0.500000 0.500000 0.500000
6328.550781 0.000000 1896.843506 0.000000 0.796091 0.000000 -0.605177 0.500000 0.500000 0.500000
6394.544434 0.000000 1904.407471 0.000000 0.999892 0.000000 -0.014699 0.500000 0.500000 0.500000
6364.793945 0.000000 1866.826172 0.000000 0.983404 0.000000 0.181432 0.500000 0.500000 0.500000
6394.807129 0.000000 1870.638916 0.000000 0.975276 0.000000 -0.220990 0.500000 0.500000 0.500000
6385.519043 0.000000 1870.313965 0.000000 0.045935 0.000000 0.998944 0.500000 0.500000 0.500000
6271.958008 0.000000 1997.852173 0.000000 0.998886 0.000000 -0.047196 0.500000 0.500000 0.500000
6273.318848 0.000000 1959.357178 0.000000 0.986885 0.000000 -0.161423 0.500000 0.500000 0.500000
6279.671387 0.000000 1945.325317 0.000000 0.651144 0.000000 0.758954 0.500000 0.500000 0.500000
6281.400879 0.000000 1936.587891 0.000000 0.968428 0.000000 -0.249293 0.500000 0.500000 0.500000
6286.007324 0.000000 1951.359009 0.000000 0.706961 0.000000 -0.707253 0.500000 0.500000 0.500000
6280.407715 0.000000 1928.281128 0.000000 0.983937 0.000000 -0.178517 0.500000 0.500000 0.500000
6394.544434 0.000000 1960.891846 0.000000 0.847340 0.000000 -0.531050 0.500000 0.500000 0.500000
6337.318848 0.000000 1959.357178 0.000000 0.534146 0.000000 0.845392 0.500000 0.500000 0.500000
6348.978516 0.000000 1921.204712 0.000000 0.999017 0.000000 -0.044327 0.500000 0.500000 0.500000
6273.451172 0.000000 1989.128784 0.000000 0.072555 0.000000 0.997364 0.500000 0.500000 0.500000
6293.705078 0.000000 2003.820801 0.000000 0.397581 0.000000 0.917567 0.500000 0.500000 0.500000
6320.205566 0.000000 2033.411865 0.000000 0.206395 0.000000 0.978469 0.500000 0.500000 0.500000
6303.453613 0.000000 1993.683228 0.000000 0.058141 0.000000 0.998308 0.500000 0.500000 0.500000
6421.705078 0.000000 1834.367676 0.000000 0.868127 0.000000 -0.496342 0.500000 0.500000 0.500000
6438.230957 0.000000 1846.029053 0.000000 0.148498 0.000000 0.988913 0.500000 0.500000 0.500000
6431.453613 0.000000 1824.230103 0.000000 0.512843 0.000000 -0.858482 0.500000 0.500000 0.500000
6441.563477 0.000000 1833.990967 0.000000 0.492884 0.000000 0.870095 0.500000 0.500000 0.500000
6437.982422 0.000000 1857.761841 0.000000 0.483542 0.000000 -0.875321 0.500000 0.500000 0.500000
6458.368164 0.000000 1859.425903 0.000000 0.816475 0.000000 -0.577381 0.500000 0.500000 0.500000
6447.722656 0.000000 1851.819702 0.000000 0.845914 0.000000 0.533319 0.500000 0.500000 0.500000
6449.272949 0.000000 1841.124878 0.000000 0.947641 0.000000 0.319337 0.500000 0.500000 0.500000
6431.758301 0.000000 1837.659668 0.000000 0.643065 0.000000 -0.765812 0.500000 0.500000 0.500000
6411.959473 0.000000 1855.990845 0.000000 0.086613 0.000000 -0.996242 0.500000 0.500000 0.500000
6430.236816 0.000000 1860.029907 0.000000 0.804530 0.000000 0.593913 0.500000 0.500000 0.500000
6522.807129 0.000000 1814.154541 0.000000 0.140687 0.000000 0.990054 0.500000 0.500000 0.500000
6482.127930 0.000000 1820.776001 0.000000 0.998184 0.000000 0.060240 0.500000 0.500000 0.500000
6487.890625 0.000000 1826.557739 0.000000 0.503171 0.000000 0.864187 0.500000 0.500000 0.500000
6421.705078 0.000000 1890.852051 0.000000 0.757782 0.000000 0.652508 0.500000 0.500000 0.500000
6438.230957 0.000000 1902.513428 0.000000 0.966616 0.000000 0.256228 0.500000 0.500000 0.500000
6428.793945 0.000000 1866.826172 0.000000 0.985968 0.000000 0.166932 0.500000 0.500000 0.500000
6456.065918 0.000000 1889.346924 0.000000 0.273833 0.000000 -0.961777 0.500000 0.500000 0.500000
6458.807129 0.000000 1870.638916 0.000000 0.749207 0.000000 0.662336 0.500000 0.500000 0.500000
6440.832520 0.000000 1867.485474 0.000000 0.460163 0.000000 0.887835 0.500000 0.500000 0.500000
6458.368164 0.000000 1915.910278 0.000000 0.871741 0.000000 0.489967 0.500000 0.500000 0.500000
6449.272949 0.000000 1897.609253 0.000000 0.791876 0.000000 0.610682 0.500000 0.500000 0.500000
6431.758301 0.000000 1894.144043 0.000000 0.235975 0.000000 -0.971759 0.500000 0.500000 0.500000
6402.396484 0.000000 1865.846558 0.000000 0.646436 0.000000 0.762968 0.500000 0.500000 0.500000
6455.638184 0.000000 1879.727783 0.000000 0.214903 0.000000 0.976635 0.500000 0.500000 0.500000
6449.519043 0.000000 1870.313965 0.000000 0.980079 0.000000 0.198606 0.500000 0.500000 0.500000
6408.407715 0.000000 1871.796753 0.000000 0.441362 0.000000 0.897329 0.500000 0.500000 0.500000
6437.432617 0.000000 1875.011475 0.000000 0.865957 0.000000 0.500118 0.500000 0.500000 0.500000
6448.541992 0.000000 1886.569580 0.000000 0.781957 0.000000 0.623333 0.500000 0.500000 0.500000
6423.890625 0.000000 1883.042114 0.000000 0.388768 0.000000 -0.921336 0.500000 0.500000 0.500000
6456.550781 0.000000 1896.843506 0.000000 0.962190 0.000000 0.272378 0.500000 0.500000 0.500000
6461.512207 0.000000 1864.010498 0.000000 0.918894 0.000000 -0.394505 0.500000 0.500000 0.500000
6466.396484 0.000000 1865.846558 0.000000 0.911144 0.000000 0.412088 0.500000 0.500000 0.500000
6472.407715 0.000000 1871.796753 0.000000 0.999892 0.000000 -0.014729 0.500000 0.500000 0.500000
6479.272949 0.000000 1885.902954 0.000000 0.761660 0.000000 -0.647977 0.500000 0.500000 0.500000
6490.122559 0.000000 1874.792725 0.000000 0.731397 0.000000 -0.681951 0.500000 0.500000 0.500000
6548.569336 0.000000 1869.370850 0.000000 0.340530 0.000000 0.940234 0.500000 0.500000 0.500000
6421.705078 0.000000 1947.336426 0.000000 0.972547 0.000000 -0.232706 0.500000 0.500000 0.500000
6430.236816 0.000000 1972.998657 0.000000 0.994694 0.000000 -0.102874 0.500000 0.500000 0.500000
6490.979980 0.000000 1962.301514 0.000000 0.398487 0.000000 0.917174 0.500000 0.500000 0.500000
6428.793945 0.000000 1979.794922 0.000000 0.665338 0.000000 0.746543 0.500000 0.500000 0.500000
6409.400879 0.000000 1993.072266 0.000000 0.203883 0.000000 0.978995 0.500000 0.500000 0.500000
6408.407715 0.000000 1984.765503 0.000000 0.198806 0.000000 0.980039 0.500000 0.500000 0.500000
6451.456055 0.000000 2027.241333 0.000000 0.287053 0.000000 0.957915 0.500000 0.500000 0.500000
6485.705078 0.000000 2003.820801 0.000000 0.341963 0.000000 0.939713 0.500000 0.500000 0.500000
6502.230957 0.000000 2015.482178 0.000000 0.054994 0.000000 0.998487 0.500000 0.500000 0.500000
6495.453613 0.000000 1993.683228 0.000000 0.197032 0.000000 0.980397 0.500000 0.500000 0.500000
6486.478027 0.000000 2011.846436 0.000000 0.113469 0.000000 -0.993541 0.500000 0.500000 0.500000
6487.890625 0.000000 1996.010864 0.000000 0.943382 0.000000 -0.331708 0.500000 0.500000 0.500000
6466.500488 0.000000 1996.697144 0.000000 0.656992 0.000000 -0.753898 0.500000 0.500000 0.500000
6283.959473 0.000000 2081.928467 0.000000 0.366042 0.000000 -0.930598 0.500000 0.500000 0.500000
6293.705078 0.000000 2116.789551 0.000000 0.815283 0.000000 0.579062 0.500000 0.500000 0.500000
6292.569336 0.000000 2095.308350 0.000000 0.739421 0.000000 0.673243 0.500000 0.500000 0.500000
6431.758301 0.000000 2063.597168 0.000000 0.700100 0.000000 0.714045 0.500000 0.500000 0.500000
6454.816895 0.000000 2091.172607 0.000000 0.414378 0.000000 0.910105 0.500000 0.500000 0.500000
6577.272949 0.000000 2067.062500 0.000000 0.925969 0.000000 -0.377599 0.500000 0.500000 0.500000
6513.519043 0.000000 2152.735840 0.000000 0.969385 0.000000 0.245547 0.500000 0.500000 0.500000
6458.368164 0.000000 2254.816650 0.000000 0.959026 0.000000 0.283320 0.500000 0.500000 0.500000
6479.130859 0.000000 2242.262451 0.000000 0.999250 0.000000 -0.038715 0.500000 0.500000 0.500000
6479.272949 0.000000 2224.809082 0.000000 0.612356 0.000000 0.790582 0.500000 0.500000 0.500000
6478.873047 0.000000 2210.937744 0.000000 0.161546 0.000000 -0.986865 0.500000 0.500000 0.500000
6577.272949 0.000000 2180.031250 0.000000 0.715363 0.000000 -0.698753 0.500000 0.500000 0.500000
6633.260742 0.000000 2190.628418 0.000000 0.848515 0.000000 0.529171 0.500000 0.500000 0.500000
6644.365234 0.000000 2242.156982 0.000000 0.223137 0.000000 -0.974787 0.500000 0.500000 0.500000
6647.107910 0.000000 2248.092041 0.000000 0.458618 0.000000 0.888633 0.500000 0.500000 0.500000
6694.230957 0.000000 2071.966553 0.000000 0.416389 0.000000 0.909187 0.500000 0.500000 0.500000
6687.758301 0.000000 2063.597168 0.000000 0.466507 0.000000 0.884517 0.500000 0.500000 0.500000
6658.396484 0.000000 2091.783936 0.000000 0.596620 0.000000 0.802524 0.500000 0.500000 0.500000
6690.900879 0.000000 2089.986572 0.000000 0.987984 0.000000 0.154554 0.500000 0.500000 0.500000
6678.478027 0.000000 2181.299561 0.000000 0.831532 0.000000 -0.555477 0.500000 0.500000 0.500000
6686.530273 0.000000 2169.866211 0.000000 0.930879 0.000000 -0.365329 0.500000 0.500000 0.500000
6687.826172 0.000000 2154.528564 0.000000 0.832402 0.000000 0.554172 0.500000 0.500000 0.500000
6667.959473 0.000000 2251.381592 0.000000 0.562411 0.000000 -0.826858 0.500000 0.500000 0.500000
6727.979980 0.000000 2245.025879 0.000000 0.760852 0.000000 0.648926 0.500000 0.500000 0.500000
6729.063965 0.000000 2233.352539 0.000000 0.177933 0.000000 0.984043 0.500000 0.500000 0.500000
6193.272949 0.000000 2349.484375 0.000000 0.990809 0.000000 -0.135270 0.500000 0.500000 0.500000
6351.130859 0.000000 2411.715576 0.000000 0.992708 0.000000 -0.120542 0.500000 0.500000 0.500000
6458.807129 0.000000 2266.029541 0.000000 0.668655 0.000000 -0.743573 0.500000 0.500000 0.500000
6604.978516 0.000000 2260.111084 0.000000 0.867405 0.000000 -0.497603 0.500000 0.500000 0.500000
6625.210449 0.000000 2304.248291 0.000000 0.188561 0.000000 0.982061 0.500000 0.500000 0.500000
6586.544434 0.000000 2356.282471 0.000000 0.532818 0.000000 0.846230 0.500000 0.500000 0.500000
6586.368164 0.000000 2367.785400 0.000000 0.585607 0.000000 0.810595 0.500000 0.500000 0.500000
6476.978516 0.000000 2373.079834 0.000000 0.034411 0.000000 0.999408 0.500000 0.500000 0.500000
6512.205566 0.000000 2485.286865 0.000000 0.651371 0.000000 -0.758759 0.500000 0.500000 0.500000
6512.541992 0.000000 2451.413330 0.000000 0.263105 0.000000 -0.964767 0.500000 0.500000 0.500000
6508.760254 0.000000 2467.333252 0.000000 0.272366 0.000000 0.962194 0.500000 0.500000 0.500000
6532.458496 0.000000 2426.809814 0.000000 0.076881 0.000000 -0.997040 0.500000 0.500000 0.500000
6647.638184 0.000000 2388.087158 0.000000 0.634776 0.000000 0.772696 0.500000 0.500000 0.500000
6566.230957 0.000000 2467.357178 0.000000 0.022855 0.000000 0.999739 0.500000 0.500000 0.500000
6636.662598 0.000000 2479.408203 0.000000 0.599656 0.000000 0.800258 0.500000 0.500000 0.500000
6620.793945 0.000000 2488.154297 0.000000 0.570564 0.000000 -0.821253 0.500000 0.500000 0.500000
6401.318848 0.000000 2693.654053 0.000000 0.903673 0.000000 -0.428224 0.500000 0.500000 0.500000
6522.544434 0.000000 2695.188721 0.000000 0.049431 0.000000 0.998778 0.500000 0.500000 0.500000
6502.230957 0.000000 2693.294678 0.000000 0.994729 0.000000 0.102539 0.500000 0.500000 0.500000
6678.478027 0.000000 2294.268311 0.000000 0.918789 0.000000 0.394749 0.500000 0.500000 0.500000
6682.122559 0.000000 2270.183350 0.000000 0.475834 0.000000 0.879535 0.500000 0.500000 0.500000
6686.530273 0.000000 2282.834961 0.000000 0.924203 0.000000 -0.381901 0.500000 0.500000 0.500000
6687.826172 0.000000 2267.497314 0.000000 0.998599 0.000000 0.052913 0.500000 0.500000 0.500000
6691.765137 0.000000 2285.222168 0.000000 0.993038 0.000000 -0.117795 0.500000 0.500000 0.500000
6679.491699 0.000000 2260.006592 0.000000 0.470885 0.000000 0.882195 0.500000 0.500000 0.500000
6677.208496 0.000000 2299.254150 0.000000 0.267182 0.000000 0.963646 0.500000 0.500000 0.500000
6692.045898 0.000000 2264.649902 0.000000 0.115272 0.000000 0.993334 0.500000 0.500000 0.500000
6735.130859 0.000000 2298.746826 0.000000 0.933260 0.000000 -0.359200 0.500000 0.500000 0.500000
6674.127930 0.000000 2329.135498 0.000000 0.981235 0.000000 0.192815 0.500000 0.500000 0.500000
6714.368164 0.000000 2367.785400 0.000000 0.519602 0.000000 -0.854409 0.500000 0.500000 0.500000
6667.959473 0.000000 2364.350342 0.000000 0.791807 0.000000 0.610772 0.500000 0.500000 0.500000
6682.122559 0.000000 2326.667725 0.000000 0.209556 0.000000 0.977797 0.500000 0.500000 0.500000
6689.210449 0.000000 2360.732666 0.000000 0.419066 0.000000 0.907956 0.500000 0.500000 0.500000
6687.826172 0.000000 2323.981689 0.000000 0.464022 0.000000 -0.885824 0.500000 0.500000 0.500000
6711.107910 0.000000 2361.060791 0.000000 0.038243 0.000000 -0.999268 0.500000 0.500000 0.500000
6662.215332 0.000000 2364.797119 0.000000 0.548715 0.000000 -0.836010 0.500000 0.500000 0.500000
6700.083496 0.000000 2335.920410 0.000000 0.990211 0.000000 0.139581 0.500000 0.500000 0.500000
6761.563477 0.000000 2342.350342 0.000000 0.981676 0.000000 0.190556 0.500000 0.500000 0.500000
6746.979980 0.000000 2357.692139 0.000000 0.515942 0.000000 -0.856623 0.500000 0.500000 0.500000
6769.519043 0.000000 2322.188965 0.000000 0.998484 0.000000 -0.055043 0.500000 0.500000 0.500000
6734.007324 0.000000 2346.749512 0.000000 0.687306 0.000000 0.726368 0.500000 0.500000 0.500000
6761.385742 0.000000 2348.777588 0.000000 0.596989 0.000000 -0.802249 0.500000 0.500000 0.500000
6770.789551 0.000000 2327.946777 0.000000 0.918870 0.000000 -0.394561 0.500000 0.500000 0.500000
6765.434082 0.000000 2345.588623 0.000000 0.946562 0.000000 0.322521 0.500000 0.500000 0.500000
6732.552734 0.000000 2342.053467 0.000000 0.664742 0.000000 -0.747073 0.500000 0.500000 0.500000
6697.563477 0.000000 2398.834717 0.000000 0.770247 0.000000 -0.637746 0.500000 0.500000 0.500000
6705.519043 0.000000 2378.673340 0.000000 0.987103 0.000000 0.160084 0.500000 0.500000 0.500000
6670.007324 0.000000 2403.233887 0.000000 0.716279 0.000000 0.697814 0.500000 0.500000 0.500000
6671.272949 0.000000 2394.262207 0.000000 0.556316 0.000000 0.830971 0.500000 0.500000 0.500000
6679.890625 0.000000 2391.401367 0.000000 0.848558 0.000000 -0.529103 0.500000 0.500000 0.500000
6700.760254 0.000000 2410.848877 0.000000 0.084850 0.000000 -0.996394 0.500000 0.500000 0.500000
6697.260742 0.000000 2416.565918 0.000000 0.250405 0.000000 -0.968141 0.500000 0.500000 0.500000
6708.365234 0.000000 2411.610107 0.000000 0.988464 0.000000 -0.151454 0.500000 0.500000 0.500000
6687.826172 0.000000 2380.466064 0.000000 0.985678 0.000000 -0.168637 0.500000 0.500000 0.500000
6700.083496 0.000000 2392.404785 0.000000 0.620947 0.000000 -0.783852 0.500000 0.500000 0.500000
6760.832520 0.000000 2375.844971 0.000000 0.486064 0.000000 0.873923 0.500000 0.500000 0.500000
6767.722656 0.000000 2416.663330 0.000000 0.354565 0.000000 -0.935032 0.500000 0.500000 0.500000
6727.979980 0.000000 2414.479004 0.000000 0.974520 0.000000 -0.224302 0.500000 0.500000 0.500000
6726.215332 0.000000 2421.281494 0.000000 0.944585 0.000000 -0.328266 0.500000 0.500000 0.500000
6765.434082 0.000000 2402.072998 0.000000 0.285952 0.000000 -0.958244 0.500000 0.500000 0.500000
6738.127930 0.000000 2442.104248 0.000000 0.943772 0.000000 -0.330596 0.500000 0.500000 0.500000
6734.007324 0.000000 2459.718262 0.000000 0.968807 0.000000 0.247815 0.500000 0.500000 0.500000
6740.569336 0.000000 2434.214600 0.000000 0.650841 0.000000 0.759214 0.500000 0.500000 0.500000
6746.364746 0.000000 2454.389404 0.000000 0.267694 0.000000 0.963504 0.500000 0.500000 0.500000
6725.119141 0.000000 2445.262451 0.000000 0.747286 0.000000 -0.664502 0.500000 0.500000 0.500000
6804.569336 0.000000 2377.730225 0.000000 0.433084 0.000000 0.901354 0.500000 0.500000 0.500000
7095.107910 0.000000 2304.576416 0.000000 0.989350 0.000000 -0.145553 0.500000 0.500000 0.500000
7090.842773 0.000000 2277.244873 0.000000 0.039817 0.000000 -0.999207 0.500000 0.500000 0.500000
6676.569336 0.000000 2490.698975 0.000000 0.956632 0.000000 0.291300 0.500000 0.500000 0.500000
6711.107910 0.000000 2530.513916 0.000000 0.239842 0.000000 0.970812 0.500000 0.500000 0.500000
6740.569336 0.000000 2490.698975 0.000000 0.074667 0.000000 -0.997208 0.500000 0.500000 0.500000
6687.826172 0.000000 2549.919189 0.000000 0.991791 0.000000 -0.127869 0.500000 0.500000 0.500000
6722.396484 0.000000 2543.658936 0.000000 0.754859 0.000000 -0.655887 0.500000 0.500000 0.500000
6720.098633 0.000000 2548.745850 0.000000 0.732631 0.000000 0.680626 0.500000 0.500000 0.500000
6734.220703 0.000000 2558.877686 0.000000 0.385582 0.000000 -0.922674 0.500000 0.500000 0.500000
6802.127930 0.000000 2498.588623 0.000000 0.972442 0.000000 -0.233146 0.500000 0.500000 0.500000
6815.758301 0.000000 2515.472168 0.000000 0.457290 0.000000 0.889317 0.500000 0.500000 0.500000
6816.032227 0.000000 2522.250488 0.000000 0.438065 0.000000 -0.898943 0.500000 0.500000 0.500000
6839.107910 0.000000 2530.513916 0.000000 0.108536 0.000000 -0.994092 0.500000 0.500000 0.500000
6810.074219 0.000000 2515.828857 0.000000 0.736952 0.000000 -0.675946 0.500000 0.500000 0.500000
6806.478027 0.000000 2576.690186 0.000000 0.929886 0.000000 -0.367849 0.500000 0.500000 0.500000
6838.816895 0.000000 2543.047607 0.000000 0.930557 0.000000 0.366147 0.500000 0.500000 0.500000
6834.789551 0.000000 2553.884277 0.000000 0.709676 0.000000 -0.704528 0.500000 0.500000 0.500000
6885.982422 0.000000 2592.058594 0.000000 0.731995 0.000000 0.681310 0.500000 0.500000 0.500000
6848.254883 0.000000 2588.937744 0.000000 0.989460 0.000000 0.144804 0.500000 0.500000 0.500000
6863.272949 0.000000 2563.715332 0.000000 0.642581 0.000000 0.766218 0.500000 0.500000 0.500000
6769.272949 0.000000 2688.390625 0.000000 0.962189 0.000000 0.272381 0.500000 0.500000 0.500000
6783.958008 0.000000 2675.664551 0.000000 0.589641 0.000000 0.807666 0.500000 0.500000 0.500000
6761.385742 0.000000 2687.683838 0.000000 0.433170 0.000000 0.901312 0.500000 0.500000 0.500000
6770.842773 0.000000 2672.635498 0.000000 0.930176 0.000000 0.367113 0.500000 0.500000 0.500000
6781.212891 0.000000 2680.157471 0.000000 0.733735 0.000000 -0.679436 0.500000 0.500000 0.500000
6842.544434 0.000000 2638.704346 0.000000 0.984093 0.000000 -0.177654 0.500000 0.500000 0.500000
6833.519043 0.000000 2604.610840 0.000000 0.914849 0.000000 0.403796 0.500000 0.500000 0.500000
6847.487305 0.000000 2628.509033 0.000000 0.305171 0.000000 -0.952298 0.500000 0.500000 0.500000
6799.272949 0.000000 2620.199707 0.000000 0.654977 0.000000 -0.755648 0.500000 0.500000 0.500000
6788.032715 0.000000 2629.892822 0.000000 0.999413 0.000000 0.034252 0.500000 0.500000 0.500000
6793.203613 0.000000 2633.981934 0.000000 0.819558 0.000000 0.572997 0.500000 0.500000 0.500000
6793.063965 0.000000 2628.743164 0.000000 0.795055 0.000000 -0.606537 0.500000 0.500000 0.500000
6906.544434 0.000000 2638.704346 0.000000 0.651619 0.000000 -0.758546 0.500000 0.500000 0.500000
6886.230957 0.000000 2636.810303 0.000000 0.995262 0.000000 0.097234 0.500000 0.500000 0.500000
6896.205566 0.000000 2654.739990 0.000000 0.482760 0.000000 -0.875753 0.500000 0.500000 0.500000
6888.832520 0.000000 2601.782471 0.000000 0.875840 0.000000 0.482601 0.500000 0.500000 0.500000
6906.368164 0.000000 2650.207275 0.000000 0.934762 0.000000 -0.355276 0.500000 0.500000 0.500000
6857.400879 0.000000 2614.400391 0.000000 0.696415 0.000000 -0.717640 0.500000 0.500000 0.500000
6863.272949 0.000000 2620.199707 0.000000 0.973263 0.000000 0.229693 0.500000 0.500000 0.500000
6871.890625 0.000000 2617.338867 0.000000 0.769505 0.000000 -0.638640 0.500000 0.500000 0.500000
6852.032715 0.000000 2629.892822 0.000000 0.554657 0.000000 -0.832079 0.500000 0.500000 0.500000
6855.979980 0.000000 2640.416504 0.000000 0.601367 0.000000 -0.798973 0.500000 0.500000 0.500000
6857.203613 0.000000 2633.981934 0.000000 0.961084 0.000000 0.276256 0.500000 0.500000 0.500000
6842.807129 0.000000 2661.420166 0.000000 0.841811 0.000000 -0.539772 0.500000 0.500000 0.500000
6784.254883 0.000000 2701.906494 0.000000 0.145989 0.000000 0.989286 0.500000 0.500000 0.500000
6787.505371 0.000000 2698.191895 0.000000 0.795726 0.000000 0.605657 0.500000 0.500000 0.500000
6885.982422 0.000000 2705.027344 0.000000 0.997667 0.000000 0.068272 0.500000 0.500000 0.500000
6930.127930 0.000000 2498.588623 0.000000 0.518947 0.000000 -0.854807 0.500000 0.500000 0.500000
7025.272949 0.000000 2575.421875 0.000000 0.093161 0.000000 0.995651 0.500000 0.500000 0.500000
6991.272949 0.000000 2563.715332 0.000000 0.841023 0.000000 -0.540999 0.500000 0.500000 0.500000
7008.032227 0.000000 2578.734863 0.000000 0.567582 0.000000 -0.823317 0.500000 0.500000 0.500000
7034.511719 0.000000 2562.306885 0.000000 0.954524 0.000000 0.298135 0.500000 0.500000 0.500000
7077.982422 0.000000 2592.058594 0.000000 0.986167 0.000000 -0.165756 0.500000 0.500000 0.500000
7046.215332 0.000000 2590.734619 0.000000 0.295352 0.000000 0.955389 0.500000 0.500000 0.500000
7049.641113 0.000000 2594.984619 0.000000 0.928393 0.000000 -0.371600 0.500000 0.500000 0.500000
7032.550781 0.000000 2631.140381 0.000000 0.227802 0.000000 -0.973707 0.500000 0.500000 0.500000
6950.230957 0.000000 2693.294678 0.000000 0.487280 0.000000 -0.873245 0.500000 0.500000 0.500000
6997.705078 0.000000 2681.633301 0.000000 0.984276 0.000000 0.176637 0.500000 0.500000 0.500000
7007.758301 0.000000 2684.925293 0.000000 0.959797 0.000000 0.280697 0.500000 0.500000 0.500000
6990.007324 0.000000 2685.655762 0.000000 0.955611 0.000000 0.294630 0.500000 0.500000 0.500000
7006.530273 0.000000 2678.225586 0.000000 0.949527 0.000000 0.313684 0.500000 0.500000 0.500000
7087.722656 0.000000 2642.600830 0.000000 0.129647 0.000000 0.991560 0.500000 0.500000 0.500000
7071.758301 0.000000 2628.440918 0.000000 0.700683 0.000000 -0.713473 0.500000 0.500000 0.500000
7070.530273 0.000000 2621.741211 0.000000 0.982540 0.000000 0.186053 0.500000 0.500000 0.500000
7074.900879 0.000000 2598.345947 0.000000 0.962145 0.000000 0.272539 0.500000 0.500000 0.500000
7065.621582 0.000000 2646.156006 0.000000 0.992831 0.000000 0.119524 0.500000 0.500000 0.500000
7084.083496 0.000000 2618.342285 0.000000 0.135054 0.000000 0.990838 0.500000 0.500000 0.500000
7162.807129 0.000000 2604.935791 0.000000 0.630612 0.000000 0.776098 0.500000 0.500000 0.500000
7135.826172 0.000000 2606.403564 0.000000 0.882418 0.000000 0.470467 0.500000 0.500000 0.500000
7148.062988 0.000000 2607.270264 0.000000 0.332133 0.000000 0.943233 0.500000 0.500000 0.500000
7113.063965 0.000000 2628.743164 0.000000 0.590496 0.000000 -0.807041 0.500000 0.500000 0.500000
7166.270020 0.000000 2602.712646 0.000000 0.978706 0.000000 -0.205268 0.500000 0.500000 0.500000
7166.419434 0.000000 2640.428467 0.000000 0.292501 0.000000 0.956265 0.500000 0.500000 0.500000
7142.889160 0.000000 2621.720947 0.000000 0.818224 0.000000 0.574900 0.500000 0.500000 0.500000
7162.385254 0.000000 2600.873291 0.000000 0.333556 0.000000 0.942730 0.500000 0.500000 0.500000
7049.400879 0.000000 2670.884766 0.000000 0.365648 0.000000 0.930753 0.500000 0.500000 0.500000
7063.890625 0.000000 2673.823242 0.000000 0.671107 0.000000 0.741360 0.500000 0.500000 0.500000
7084.662598 0.000000 2705.345703 0.000000 0.727293 0.000000 -0.686327 0.500000 0.500000 0.500000
7081.260742 0.000000 2698.987793 0.000000 0.399195 0.000000 0.916866 0.500000 0.500000 0.500000
7101.292480 0.000000 2667.324707 0.000000 0.795883 0.000000 -0.605451 0.500000 0.500000 0.500000
7040.098633 0.000000 2661.714600 0.000000 0.442501 0.000000 0.896768 0.500000 0.500000 0.500000
7112.407715 0.000000 2662.577881 0.000000 0.715558 0.000000 0.698553 0.500000 0.500000 0.500000
7126.478027 0.000000 2689.658936 0.000000 0.970455 0.000000 0.241282 0.500000 0.500000 0.500000
7165.292480 0.000000 2667.324707 0.000000 0.003033 0.000000 0.999995 0.500000 0.500000 0.500000
7111.914551 0.000000 2656.602539 0.000000 0.999946 0.000000 0.010372 0.500000 0.500000 0.500000
7110.330566 0.000000 2666.862549 0.000000 0.953299 0.000000 0.302028 0.500000 0.500000 0.500000
7165.524414 0.000000 2671.835449 0.000000 0.506687 0.000000 0.862130 0.500000 0.500000 0.500000
7166.419434 0.000000 2696.912842 0.000000 0.970804 0.000000 0.239876 0.500000 0.500000 0.500000
7263.453613 0.000000 2389.073975 0.000000 0.766139 0.000000 0.642675 0.500000 0.500000 0.500000
7295.487305 0.000000 2402.571533 0.000000 0.601790 0.000000 0.798654 0.500000 0.500000 0.500000
7296.894531 0.000000 2402.643799 0.000000 0.424747 0.000000 -0.905312 0.500000 0.500000 0.500000
7300.948730 0.000000 2485.427490 0.000000 0.955537 0.000000 0.294870 0.500000 0.500000 0.500000
7216.205566 0.000000 2654.739990 0.000000 0.713496 0.000000 -0.700659 0.500000 0.500000 0.500000
7172.032715 0.000000 2629.892822 0.000000 0.102732 0.000000 -0.994709 0.500000 0.500000 0.500000
7177.203613 0.000000 2633.981934 0.000000 0.744583 0.000000 0.667530 0.500000 0.500000 0.500000
7184.971680 0.000000 2647.458252 0.000000 0.047101 0.000000 -0.998890 0.500000 0.500000 0.500000
7178.351562 0.000000 2619.160156 0.000000 0.961557 0.000000 -0.274605 0.500000 0.500000 0.500000
7222.864258 0.000000 2653.279785 0.000000 0.757311 0.000000 0.653054 0.500000 0.500000 0.500000
7181.506836 0.000000 2634.095703 0.000000 0.120000 0.000000 0.992774 0.500000 0.500000 0.500000
7176.407715 0.000000 2662.577881 0.000000 0.097936 0.000000 0.995193 0.500000 0.500000 0.500000
7194.122559 0.000000 2665.573975 0.000000 0.582915 0.000000 -0.812533 0.500000 0.500000 0.500000
7209.260742 0.000000 2698.987793 0.000000 0.373331 0.000000 0.927698 0.500000 0.500000 0.500000
7222.816895 0.000000 2656.016357 0.000000 0.104979 0.000000 0.994474 0.500000 0.500000 0.500000
7223.107910 0.000000 2699.967041 0.000000 0.659077 0.000000 0.752076 0.500000 0.500000 0.500000
7213.943359 0.000000 2657.120605 0.000000 0.171711 0.000000 0.985147 0.500000 0.500000 0.500000
7209.656250 0.000000 2694.875488 0.000000 0.912496 0.000000 -0.409086 0.500000 0.500000 0.500000
7220.003906 0.000000 2658.093262 0.000000 0.957762 0.000000 -0.287561 0.500000 0.500000 0.500000
7239.979980 0.000000 2696.900879 0.000000 0.807189 0.000000 -0.590293 0.500000 0.500000 0.500000
7262.953613 0.000000 2711.018066 0.000000 0.212660 0.000000 -0.977126 0.500000 0.500000 0.500000
6445.516602 0.000000 2725.983398 0.000000 0.837012 0.000000 -0.547184 0.500000 0.500000 0.500000
6653.248047 0.000000 2813.736328 0.000000 0.997270 0.000000 -0.073846 0.500000 0.500000 0.500000
6607.272949 0.000000 2959.105957 0.000000 0.967490 0.000000 -0.252909 0.500000 0.500000 0.500000
6646.816895 0.000000 2938.438232 0.000000 0.922563 0.000000 -0.385847 0.500000 0.500000 0.500000
6637.943359 0.000000 2939.542480 0.000000 0.634546 0.000000 -0.772885 0.500000 0.500000 0.500000
6606.220703 0.000000 2954.268311 0.000000 0.562591 0.000000 -0.826735 0.500000 0.500000 0.500000
6611.771973 0.000000 2959.812988 0.000000 0.531912 0.000000 -0.846800 0.500000 0.500000 0.500000
6781.292480 0.000000 2723.809082 0.000000 0.582006 0.000000 -0.813184 0.500000 0.500000 0.500000
6767.722656 0.000000 2812.053955 0.000000 0.666914 0.000000 -0.745134 0.500000 0.500000 0.500000
6761.260742 0.000000 2811.956543 0.000000 0.362975 0.000000 0.931799 0.500000 0.500000 0.500000
6781.248047 0.000000 2813.736328 0.000000 0.998980 0.000000 -0.045158 0.500000 0.500000 0.500000
6783.586426 0.000000 2821.168945 0.000000 0.999895 0.000000 0.014484 0.500000 0.500000 0.500000
6757.098633 0.000000 2810.605469 0.000000 0.775923 0.000000 0.630827 0.500000 0.500000 0.500000
6815.453613 0.000000 2727.980225 0.000000 0.995518 0.000000 -0.094572 0.500000 0.500000 0.500000
6824.832520 0.000000 2714.751221 0.000000 0.516924 0.000000 -0.856031 0.500000 0.500000 0.500000
6847.958008 0.000000 2732.148926 0.000000 0.337134 0.000000 0.941456 0.500000 0.500000 0.500000
6825.385742 0.000000 2744.168213 0.000000 0.867605 0.000000 -0.497255 0.500000 0.500000 0.500000
6842.511719 0.000000 2731.760010 0.000000 0.999898 0.000000 -0.014261 0.500000 0.500000 0.500000
6834.842773 0.000000 2729.119873 0.000000 0.096746 0.000000 0.995309 0.500000 0.500000 0.500000
6888.832520 0.000000 2714.751221 0.000000 0.371637 0.000000 0.928378 0.500000 0.500000 0.500000
6784.254883 0.000000 2814.875244 0.000000 0.980053 0.000000 0.198738 0.500000 0.500000 0.500000
6840.550781 0.000000 2800.593506 0.000000 0.887862 0.000000 -0.460110 0.500000 0.500000 0.500000
6814.530273 0.000000 2791.194336 0.000000 0.877685 0.000000 -0.479238 0.500000 0.500000 0.500000
6860.978516 0.000000 2768.470459 0.000000 0.991363 0.000000 0.131145 0.500000 0.500000 0.500000
6682.074219 0.000000 2854.735107 0.000000 0.955569 0.000000 0.294766 0.500000 0.500000 0.500000
6760.832520 0.000000 2827.719971 0.000000 0.918491 0.000000 -0.395442 0.500000 0.500000 0.500000
6769.519043 0.000000 2830.548340 0.000000 0.656102 0.000000 0.754672 0.500000 0.500000 0.500000
6764.062988 0.000000 2833.207764 0.000000 0.974280 0.000000 0.225343 0.500000 0.500000 0.500000
6770.789551 0.000000 2836.306152 0.000000 0.149009 0.000000 -0.988836 0.500000 0.500000 0.500000
6756.045898 0.000000 2829.493652 0.000000 0.454698 0.000000 0.890646 0.500000 0.500000 0.500000
6764.083496 0.000000 2844.279785 0.000000 0.956713 0.000000 -0.291032 0.500000 0.500000 0.500000
6760.763184 0.000000 2839.340820 0.000000 0.327485 0.000000 0.944856 0.500000 0.500000 0.500000
6754.932617 0.000000 2878.295654 0.000000 0.620211 0.000000 0.784435 0.500000 0.500000 0.500000
6745.237793 0.000000 2830.377686 0.000000 0.289298 0.000000 0.957239 0.500000 0.500000 0.500000
6760.015625 0.000000 2831.847412 0.000000 0.939258 0.000000 -0.343213 0.500000 0.500000 0.500000
6750.953613 0.000000 2880.471191 0.000000 0.523161 0.000000 -0.852234 0.500000 0.500000 0.500000
6693.982422 0.000000 2930.964844 0.000000 0.995317 0.000000 0.096670 0.500000 0.500000 0.500000
6696.832520 0.000000 2884.204346 0.000000 0.452605 0.000000 -0.891711 0.500000 0.500000 0.500000
6690.932617 0.000000 2934.780029 0.000000 0.728284 0.000000 0.685276 0.500000 0.500000 0.500000
6686.060547 0.000000 2928.857910 0.000000 0.653905 0.000000 -0.756576 0.500000 0.500000 0.500000
6734.007324 0.000000 2911.593262 0.000000 0.963220 0.000000 -0.268712 0.500000 0.500000 0.500000
6764.760254 0.000000 2919.208252 0.000000 0.695873 0.000000 0.718165 0.500000 0.500000 0.500000
6783.586426 0.000000 2934.137695 0.000000 0.532006 0.000000 -0.846740 0.500000 0.500000 0.500000
6738.817383 0.000000 2911.146973 0.000000 0.980376 0.000000 0.197134 0.500000 0.500000 0.500000
6831.722656 0.000000 2868.538330 0.000000 0.999090 0.000000 -0.042660 0.500000 0.500000 0.500000
6798.007324 0.000000 2855.108887 0.000000 0.704743 0.000000 0.709463 0.500000 0.500000 0.500000
6807.890625 0.000000 2843.276367 0.000000 0.370569 0.000000 -0.928805 0.500000 0.500000 0.500000
6810.122559 0.000000 2835.027100 0.000000 0.288030 0.000000 -0.957621 0.500000 0.500000 0.500000
6786.500488 0.000000 2843.962891 0.000000 0.202813 0.000000 0.979217 0.500000 0.500000 0.500000
6828.760254 0.000000 2862.723877 0.000000 0.645997 0.000000 0.763340 0.500000 0.500000 0.500000
6825.385742 0.000000 2857.136963 0.000000 0.926674 0.000000 -0.375866 0.500000 0.500000 0.500000
6815.826172 0.000000 2832.341064 0.000000 0.357347 0.000000 0.933972 0.500000 0.500000 0.500000
6845.248047 0.000000 2870.220703 0.000000 0.515571 0.000000 0.856847 0.500000 0.500000 0.500000
6839.107910 0.000000 2869.420166 0.000000 0.433827 0.000000 -0.900996 0.500000 0.500000 0.500000
6810.074219 0.000000 2854.735107 0.000000 0.517603 0.000000 0.855621 0.500000 0.500000 0.500000
6829.943359 0.000000 2826.573730 0.000000 0.883414 0.000000 -0.468593 0.500000 0.500000 0.500000
6796.552734 0.000000 2850.412842 0.000000 0.999680 0.000000 0.025278 0.500000 0.500000 0.500000
6810.709961 0.000000 2861.258789 0.000000 0.325699 0.000000 0.945474 0.500000 0.500000 0.500000
6794.351562 0.000000 2845.097656 0.000000 0.950685 0.000000 -0.310159 0.500000 0.500000 0.500000
6802.817383 0.000000 2854.662598 0.000000 0.224546 0.000000 0.974463 0.500000 0.500000 0.500000
6801.260254 0.000000 2850.675781 0.000000 0.691524 0.000000 -0.722354 0.500000 0.500000 0.500000
6789.119141 0.000000 2840.653076 0.000000 0.820103 0.000000 0.572215 0.500000 0.500000 0.500000
6784.514160 0.000000 2840.299561 0.000000 0.985521 0.000000 0.169555 0.500000 0.500000 0.500000
6850.396484 0.000000 2826.080811 0.000000 0.274363 0.000000 0.961626 0.500000 0.500000 0.500000
6862.007324 0.000000 2855.108887 0.000000 0.955934 0.000000 -0.293582 0.500000 0.500000 0.500000
6848.254883 0.000000 2871.359619 0.000000 0.775524 0.000000 -0.631319 0.500000 0.500000 0.500000
6878.236816 0.000000 2876.748535 0.000000 0.999180 0.000000 -0.040477 0.500000 0.500000 0.500000
6886.893555 0.000000 2843.666016 0.000000 0.346594 0.000000 0.938015 0.500000 0.500000 0.500000
6889.260742 0.000000 2868.440918 0.000000 0.733336 0.000000 0.679866 0.500000 0.500000 0.500000
6854.215332 0.000000 2873.156494 0.000000 0.892189 0.000000 -0.451663 0.500000 0.500000 0.500000
6799.130859 0.000000 2920.074951 0.000000 0.744842 0.000000 0.667240 0.500000 0.500000 0.500000
6842.368164 0.000000 2932.629150 0.000000 0.345471 0.000000 -0.938429 0.500000 0.500000 0.500000
6839.638184 0.000000 2896.446533 0.000000 0.668449 0.000000 0.743758 0.500000 0.500000 0.500000
6791.979980 0.000000 2922.838379 0.000000 0.623316 0.000000 0.781970 0.500000 0.500000 0.500000
6800.971680 0.000000 2929.880127 0.000000 0.963760 0.000000 0.266769 0.500000 0.500000 0.500000
6809.505859 0.000000 2934.474854 0.000000 0.703828 0.000000 -0.710370 0.500000 0.500000 0.500000
6859.959473 0.000000 2929.194092 0.000000 0.459330 0.000000 0.888266 0.500000 0.500000 0.500000
6854.215332 0.000000 2929.640869 0.000000 0.987051 0.000000 0.160407 0.500000 0.500000 0.500000
6862.953125 0.000000 2934.674805 0.000000 0.892087 0.000000 -0.451863 0.500000 0.500000 0.500000
6991.130859 0.000000 2750.621826 0.000000 0.961931 0.000000 0.273293 0.500000 0.500000 0.500000
7013.982422 0.000000 2761.511719 0.000000 0.949588 0.000000 -0.313499 0.500000 0.500000 0.500000
7025.519043 0.000000 2717.579590 0.000000 0.312615 0.000000 0.949880 0.500000 0.500000 0.500000
7037.512207 0.000000 2711.276123 0.000000 0.992286 0.000000 -0.123970 0.500000 0.500000 0.500000
7030.816895 0.000000 2712.500732 0.000000 0.948757 0.000000 0.316006 0.500000 0.500000 0.500000
6970.544434 0.000000 2808.157471 0.000000 0.989051 0.000000 -0.147577 0.500000 0.500000 0.500000
7025.519043 0.000000 2774.063965 0.000000 0.643361 0.000000 -0.765563 0.500000 0.500000 0.500000
7013.432617 0.000000 2778.761475 0.000000 0.006201 0.000000 -0.999981 0.500000 0.500000 0.500000
7096.550781 0.000000 2744.109131 0.000000 0.865266 0.000000 0.501313 0.500000 0.500000 0.500000
7101.248047 0.000000 2757.251953 0.000000 0.645586 0.000000 0.763687 0.500000 0.500000 0.500000
7101.658691 0.000000 2746.565674 0.000000 0.098625 0.000000 0.995125 0.500000 0.500000 0.500000
7119.130859 0.000000 2750.621826 0.000000 0.091144 0.000000 0.995838 0.500000 0.500000 0.500000
7144.832520 0.000000 2714.751221 0.000000 0.388390 0.000000 0.921495 0.500000 0.500000 0.500000
7153.272949 0.000000 2744.875000 0.000000 0.346653 0.000000 -0.937994 0.500000 0.500000 0.500000
7106.396484 0.000000 2713.112061 0.000000 0.994058 0.000000 -0.108850 0.500000 0.500000 0.500000
7115.959473 0.000000 2759.740967 0.000000 0.676292 0.000000 0.736634 0.500000 0.500000 0.500000
7159.638184 0.000000 2726.993408 0.000000 0.088204 0.000000 -0.996102 0.500000 0.500000 0.500000
7153.519043 0.000000 2717.579590 0.000000 0.997455 0.000000 -0.071303 0.500000 0.500000 0.500000
7124.089355 0.000000 2756.066895 0.000000 0.328775 0.000000 0.944408 0.500000 0.500000 0.500000
7111.979980 0.000000 2753.385254 0.000000 0.627024 0.000000 -0.779000 0.500000 0.500000 0.500000
7138.900879 0.000000 2711.314697 0.000000 0.844503 0.000000 0.535551 0.500000 0.500000 0.500000
7166.419434 0.000000 2753.397217 0.000000 0.882902 0.000000 -0.469557 0.500000 0.500000 0.500000
7049.400879 0.000000 2783.853516 0.000000 0.089624 0.000000 -0.995976 0.500000 0.500000 0.500000
7040.254883 0.000000 2814.875244 0.000000 0.852670 0.000000 0.522450 0.500000 0.500000 0.500000
7098.511719 0.000000 2788.244385 0.000000 0.247694 0.000000 -0.968838 0.500000 0.500000 0.500000
7113.641113 0.000000 2820.922119 0.000000 0.791347 0.000000 0.611367 0.500000 0.500000 0.500000
7130.364746 0.000000 2793.295654 0.000000 0.990250 0.000000 0.139301 0.500000 0.500000 0.500000
6950.230957 0.000000 2862.747803 0.000000 0.898930 0.000000 0.438092 0.500000 0.500000 0.500000
6912.254883 0.000000 2871.359619 0.000000 0.997032 0.000000 -0.076995 0.500000 0.500000 0.500000
7037.512207 0.000000 2824.244873 0.000000 0.201565 0.000000 0.979475 0.500000 0.500000 0.500000
6933.705078 0.000000 2907.570801 0.000000 0.970796 0.000000 -0.239908 0.500000 0.500000 0.500000
7037.512207 0.000000 2880.729248 0.000000 0.587442 0.000000 -0.809267 0.500000 0.500000 0.500000
7047.671387 0.000000 2849.075195 0.000000 0.926959 0.000000 0.375162 0.500000 0.500000 0.500000
7047.979980 0.000000 2866.354004 0.000000 0.960898 0.000000 -0.276904 0.500000 0.500000 0.500000
7113.400879 0.000000 2840.337891 0.000000 0.663631 0.000000 0.748060 0.500000 0.500000 0.500000
7135.826172 0.000000 2832.341064 0.000000 0.662029 0.000000 0.749478 0.500000 0.500000 0.500000
7104.098633 0.000000 2831.167725 0.000000 0.996773 0.000000 -0.080276 0.500000 0.500000 0.500000
7098.807129 0.000000 2887.357666 0.000000 0.075215 0.000000 -0.997167 0.500000 0.500000 0.500000
7047.671387 0.000000 2905.559570 0.000000 0.650135 0.000000 0.759818 0.500000 0.500000 0.500000
7081.563477 0.000000 2907.194092 0.000000 0.841728 0.000000 -0.539901 0.500000 0.500000 0.500000
7071.758301 0.000000 2910.862793 0.000000 0.165264 0.000000 -0.986249 0.500000 0.500000 0.500000
7044.032715 0.000000 2912.314697 0.000000 0.161785 0.000000 -0.986826 0.500000 0.500000 0.500000
7042.500488 0.000000 2900.447266 0.000000 0.566958 0.000000 -0.823746 0.500000 0.500000 0.500000
7070.530273 0.000000 2904.163086 0.000000 0.901172 0.000000 0.433461 0.500000 0.500000 0.500000
7075.765137 0.000000 2906.550293 0.000000 0.300474 0.000000 0.953790 0.500000 0.500000 0.500000
7122.127930 0.000000 2893.979248 0.000000 0.997868 0.000000 -0.065266 0.500000 0.500000 0.500000
7159.638184 0.000000 2896.446533 0.000000 0.957355 0.000000 0.288912 0.500000 0.500000 0.500000
7141.432617 0.000000 2891.730225 0.000000 0.126549 0.000000 0.991960 0.500000 0.500000 0.500000
7118.873047 0.000000 2888.750244 0.000000 0.999428 0.000000 0.033832 0.500000 0.500000 0.500000
7154.842773 0.000000 2898.572998 0.000000 0.519430 0.000000 0.854513 0.500000 0.500000 0.500000
7118.220703 0.000000 2897.783936 0.000000 0.838793 0.000000 0.544450 0.500000 0.500000 0.500000
7125.668945 0.000000 2890.491943 0.000000 0.889543 0.000000 0.456852 0.500000 0.500000 0.500000
7142.535645 0.000000 2910.211182 0.000000 0.851915 0.000000 -0.523681 0.500000 0.500000 0.500000
7141.098633 0.000000 2923.574219 0.000000 0.914203 0.000000 0.405256 0.500000 0.500000 0.500000
6778.807129 0.000000 2943.842041 0.000000 0.771307 0.000000 0.636464 0.500000 0.500000 0.500000
6738.127930 0.000000 2950.463623 0.000000 0.867653 0.000000 0.497170 0.500000 0.500000 0.500000
6757.982422 0.000000 2987.449219 0.000000 0.334104 0.000000 0.942536 0.500000 0.500000 0.500000
6775.638184 0.000000 2952.930908 0.000000 0.653116 0.000000 0.757258 0.500000 0.500000 0.500000
6783.958008 0.000000 2958.086426 0.000000 0.927065 0.000000 -0.374899 0.500000 0.500000 0.500000
6751.826172 0.000000 2945.309814 0.000000 0.225017 0.000000 -0.974355 0.500000 0.500000 0.500000
6743.491699 0.000000 2937.819092 0.000000 0.826574 0.000000 -0.562828 0.500000 0.500000 0.500000
6770.842773 0.000000 2955.057373 0.000000 0.363083 0.000000 0.931757 0.500000 0.500000 0.500000
6731.929688 0.000000 2949.193359 0.000000 0.451534 0.000000 -0.892254 0.500000 0.500000 0.500000
6755.991211 0.000000 2952.914062 0.000000 0.736485 0.000000 -0.676454 0.500000 0.500000 0.500000
6741.668945 0.000000 2946.976318 0.000000 0.321229 0.000000 0.947001 0.500000 0.500000 0.500000
6722.396484 0.000000 2995.533936 0.000000 0.826045 0.000000 0.563605 0.500000 0.500000 0.500000
6798.007324 0.000000 2968.077637 0.000000 0.341965 0.000000 -0.939713 0.500000 0.500000 0.500000
6785.017578 0.000000 2963.880615 0.000000 0.373233 0.000000 -0.927738 0.500000 0.500000 0.500000
6791.914551 0.000000 2939.024414 0.000000 0.199243 0.000000 -0.979950 0.500000 0.500000 0.500000
6855.671387 0.000000 2962.043945 0.000000 0.729625 0.000000 0.683848 0.500000 0.500000 0.500000
6913.451172 0.000000 2949.363037 0.000000 0.983407 0.000000 0.181411 0.500000 0.500000 0.500000
7199.758301 0.000000 2741.409668 0.000000 0.118434 0.000000 -0.992962 0.500000 0.500000 0.500000
7204.276367 0.000000 2744.496826 0.000000 0.999730 0.000000 -0.023222 0.500000 0.500000 0.500000
7182.220703 0.000000 2728.330811 0.000000 0.949200 0.000000 -0.314672 0.500000 0.500000 0.500000
7229.524414 0.000000 2728.319824 0.000000 0.978527 0.000000 0.206120 0.500000 0.500000 0.500000
7197.237305 0.000000 2744.772217 0.000000 0.931732 0.000000 0.363146 0.500000 0.500000 0.500000
7197.530273 0.000000 2738.542480 0.000000 0.213753 0.000000 -0.976888 0.500000 0.500000 0.500000
7236.458496 0.000000 2765.716064 0.000000 0.598696 0.000000 -0.800977 0.500000 0.500000 0.500000
7232.254883 0.000000 2758.390869 0.000000 0.356281 0.000000 0.934379 0.500000 0.500000 0.500000
7262.236816 0.000000 2763.779785 0.000000 0.144232 0.000000 -0.989544 0.500000 0.500000 0.500000
7270.893555 0.000000 2730.697266 0.000000 0.501692 0.000000 -0.865046 0.500000 0.500000 0.500000
7273.260742 0.000000 2755.472168 0.000000 0.992800 0.000000 0.119782 0.500000 0.500000 0.500000
7267.765137 0.000000 2737.097168 0.000000 0.954347 0.000000 0.298699 0.500000 0.500000 0.500000
7265.947754 0.000000 2760.723633 0.000000 0.338916 0.000000 0.940816 0.500000 0.500000 0.500000
7245.506836 0.000000 2747.064453 0.000000 0.487558 0.000000 0.873090 0.500000 0.500000 0.500000
7226.368164 0.000000 2819.660400 0.000000 0.999658 0.000000 -0.026164 0.500000 0.500000 0.500000
7231.958008 0.000000 2788.633301 0.000000 0.456067 0.000000 -0.889945 0.500000 0.500000 0.500000
7216.541992 0.000000 2790.319580 0.000000 0.612031 0.000000 -0.790834 0.500000 0.500000 0.500000
7224.550781 0.000000 2800.593506 0.000000 0.956987 0.000000 -0.290132 0.500000 0.500000 0.500000
7226.511719 0.000000 2788.244385 0.000000 0.901751 0.000000 0.432255 0.500000 0.500000 0.500000
7221.994141 0.000000 2789.020508 0.000000 0.241470 0.000000 -0.970408 0.500000 0.500000 0.500000
7219.863281 0.000000 2792.107178 0.000000 0.183183 0.000000 -0.983079 0.500000 0.500000 0.500000
7227.981445 0.000000 2822.953613 0.000000 0.972781 0.000000 0.231726 0.500000 0.500000 0.500000
7276.062988 0.000000 2776.723389 0.000000 0.819427 0.000000 -0.573184 0.500000 0.500000 0.500000
7266.932617 0.000000 2821.811279 0.000000 0.234400 0.000000 -0.972140 0.500000 0.500000 0.500000
7233.884766 0.000000 2818.786865 0.000000 0.318260 0.000000 -0.948004 0.500000 0.500000 0.500000
7232.156738 0.000000 2822.634521 0.000000 0.309279 0.000000 0.950971 0.500000 0.500000 0.500000
7270.346680 0.000000 2821.991943 0.000000 0.999726 0.000000 0.023387 0.500000 0.500000 0.500000
7274.288574 0.000000 2790.882080 0.000000 0.827670 0.000000 -0.561215 0.500000 0.500000 0.500000
7273.064941 0.000000 2819.439941 0.000000 0.503659 0.000000 0.863902 0.500000 0.500000 0.500000
7186.127930 0.000000 2837.494873 0.000000 0.311400 0.000000 0.950279 0.500000 0.500000 0.500000
7191.890625 0.000000 2843.276367 0.000000 0.702027 0.000000 0.712151 0.500000 0.500000 0.500000
7229.512207 0.000000 2824.244873 0.000000 0.993127 0.000000 -0.117044 0.500000 0.500000 0.500000
7184.971680 0.000000 2873.395752 0.000000 0.253735 0.000000 0.967274 0.500000 0.500000 0.500000
7194.364746 0.000000 2849.780029 0.000000 0.788628 0.000000 0.614871 0.500000 0.500000 0.500000
7189.502930 0.000000 2872.537842 0.000000 0.885161 0.000000 0.465285 0.500000 0.500000 0.500000
7220.003906 0.000000 2827.546387 0.000000 0.805773 0.000000 0.592225 0.500000 0.500000 0.500000
7240.407715 0.000000 2832.031006 0.000000 0.192364 0.000000 0.981324 0.500000 0.500000 0.500000
7251.007324 0.000000 2842.297119 0.000000 0.242399 0.000000 0.970177 0.500000 0.500000 0.500000
7243.786133 0.000000 2829.271729 0.000000 0.886150 0.000000 -0.463398 0.500000 0.500000 0.500000
7273.322754 0.000000 2872.494385 0.000000 0.994168 0.000000 -0.107841 0.500000 0.500000 0.500000
7232.894531 0.000000 2854.518799 0.000000 0.947829 0.000000 0.318779 0.500000 0.500000 0.500000
7344.918945 0.000000 2839.204834 0.000000 0.999796 0.000000 0.020207 0.500000 0.500000 0.500000
"}
