object={
	name="baobab_generator_2_0"
	clamp_to_water_level=no
	render_under_water=no
	generated_content=yes
	layer="semidynamic_medium"
	pdxmesh="tree_baobab_01_mesh"
	count=61
	transform="4666.544434 0.000000 831.204346 0.000000 0.165041 0.000000 0.986287 0.190354 0.190354 0.190354
4617.400879 0.000000 806.900391 0.000000 0.606631 0.000000 0.794984 0.193347 0.193347 0.193347
4679.671387 0.000000 815.637817 0.000000 0.105256 0.000000 0.994445 0.189940 0.189940 0.189940
4709.982422 0.000000 841.043030 0.000000 0.521907 0.000000 0.853003 0.192220 0.192220 0.192220
4722.318359 0.000000 903.955872 0.000000 0.342124 0.000000 0.939655 0.188868 0.188868 0.188868
4620.978516 0.000000 960.970337 0.000000 0.665520 0.000000 0.746380 0.194320 0.194320 0.194320
4815.272949 0.000000 925.668579 0.000000 0.280639 0.000000 0.959813 0.189724 0.189724 0.189724
5096.763184 0.000000 975.356567 0.000000 0.307542 0.000000 0.951535 0.189791 0.189791 0.189791
4993.318848 0.000000 1281.544678 0.000000 0.502972 0.000000 0.864303 0.192052 0.192052 0.192052
4292.032715 0.000000 1669.658447 0.000000 0.364572 0.000000 0.931175 0.189535 0.189535 0.189535
4307.771973 0.000000 1660.672363 0.000000 0.670964 0.000000 0.741490 0.193118 0.193118 0.193118
4183.890625 0.000000 1713.588989 0.000000 0.551518 0.000000 0.834163 0.192857 0.192857 0.192857
4293.464844 0.000000 1699.313232 0.000000 0.702045 0.000000 0.712133 0.192481 0.192481 0.192481
4598.864258 0.000000 1636.561157 0.000000 0.503736 0.000000 0.863858 0.191278 0.191278 0.191278
4593.519043 0.000000 1644.376465 0.000000 0.441001 0.000000 0.897507 0.190265 0.190265 0.190265
4598.816895 0.000000 1639.297607 0.000000 0.353831 0.000000 0.935309 0.189737 0.189737 0.189737
4438.937012 0.000000 1708.958618 0.000000 0.220321 0.000000 0.975427 0.191062 0.191062 0.191062
4416.163086 0.000000 1729.277832 0.000000 0.099696 0.000000 0.995018 0.186596 0.186596 0.186596
4511.453613 0.000000 1711.261353 0.000000 0.654578 0.000000 0.755995 0.194230 0.194230 0.194230
4541.212891 0.000000 1719.922974 0.000000 0.025892 0.000000 0.999665 0.189028 0.189028 0.189028
4602.544434 0.000000 1734.954346 0.000000 0.501669 0.000000 0.865060 0.196059 0.196059 0.196059
4581.982422 0.000000 1744.793091 0.000000 0.031325 0.000000 0.999509 0.186566 0.186566 0.186566
4558.953125 0.000000 1748.502930 0.000000 0.395891 0.000000 0.918298 0.189250 0.189250 0.189250
4553.641113 0.000000 1747.719116 0.000000 0.041191 0.000000 0.999151 0.185871 0.185871 0.185871
4589.311035 0.000000 1728.881104 0.000000 0.187070 0.000000 0.982347 0.191574 0.191574 0.191574
4588.412598 0.000000 1736.804932 0.000000 0.488551 0.000000 0.872536 0.193125 0.193125 0.193125
4566.628418 0.000000 1724.558472 0.000000 0.564907 0.000000 0.825154 0.194982 0.194982 0.194982
4495.831543 0.000000 1755.187500 0.000000 0.573625 0.000000 0.819118 0.191373 0.191373 0.191373
4832.426758 0.000000 1537.515991 0.000000 0.639700 0.000000 0.768625 0.192558 0.192558 0.192558
4962.900879 0.000000 1355.689697 0.000000 0.151697 0.000000 0.988427 0.189022 0.189022 0.189022
4704.032227 0.000000 1618.500366 0.000000 0.086896 0.000000 0.996217 0.186664 0.186664 0.186664
4698.709961 0.000000 1618.602417 0.000000 0.611867 0.000000 0.790961 0.192255 0.192255 0.192255
4709.098633 0.000000 1624.433472 0.000000 0.362470 0.000000 0.931995 0.189216 0.189216 0.189216
4673.884766 0.000000 1632.614990 0.000000 0.652050 0.000000 0.758176 0.192696 0.192696 0.192696
4620.552734 0.000000 1664.240967 0.000000 0.670596 0.000000 0.741822 0.192488 0.192488 0.192488
4674.500488 0.000000 1657.790894 0.000000 0.068297 0.000000 0.997665 0.186309 0.186309 0.186309
4716.062988 0.000000 1647.036011 0.000000 0.032247 0.000000 0.999480 0.186748 0.186748 0.186748
4852.365234 0.000000 1620.828735 0.000000 0.216007 0.000000 0.976392 0.188177 0.188177 0.188177
4836.045898 0.000000 1586.837402 0.000000 0.261386 0.000000 0.965234 0.188748 0.188748 0.188748
4743.671387 0.000000 1662.903442 0.000000 0.409146 0.000000 0.912469 0.191105 0.191105 0.191105
4845.516602 0.000000 1652.780151 0.000000 0.541155 0.000000 0.840923 0.191770 0.191770 0.191770
4818.127930 0.000000 1651.322876 0.000000 0.200402 0.000000 0.979714 0.189917 0.189917 0.189917
4809.400879 0.000000 1654.166016 0.000000 0.453376 0.000000 0.891319 0.192172 0.192172 0.192172
4643.765137 0.000000 1720.378540 0.000000 0.135987 0.000000 0.990711 0.195271 0.195271 0.195271
4669.212891 0.000000 1719.922974 0.000000 0.573029 0.000000 0.819535 0.192446 0.192446 0.192446
4642.015137 0.000000 1715.026733 0.000000 0.140953 0.000000 0.990016 0.193635 0.193635 0.193635
4646.535645 0.000000 1724.039307 0.000000 0.235683 0.000000 0.971830 0.195574 0.195574 0.195574
4780.062988 0.000000 1703.520386 0.000000 0.393581 0.000000 0.919290 0.190683 0.190683 0.190683
4746.351562 0.000000 1715.410156 0.000000 0.678031 0.000000 0.735033 0.192888 0.192888 0.192888
4808.407715 0.000000 1702.343628 0.000000 0.053336 0.000000 0.998577 0.187688 0.187688 0.187688
4865.318848 0.000000 1676.935303 0.000000 0.001470 0.000000 0.999999 0.186483 0.186483 0.186483
4879.130859 0.000000 1677.418701 0.000000 0.369602 0.000000 0.929190 0.188987 0.188987 0.188987
4883.771973 0.000000 1660.672363 0.000000 0.193964 0.000000 0.981009 0.186950 0.186950 0.186950
5185.884766 0.000000 1011.286926 0.000000 0.486866 0.000000 0.873477 0.190187 0.190187 0.190187
5184.156738 0.000000 1015.134583 0.000000 0.319687 0.000000 0.947523 0.188496 0.188496 0.188496
5181.292480 0.000000 1029.277710 0.000000 0.257187 0.000000 0.966362 0.187729 0.187729 0.187729
5193.203613 0.000000 1052.419556 0.000000 0.256652 0.000000 0.966504 0.188543 0.188543 0.188543
5158.686523 0.000000 1073.508911 0.000000 0.640163 0.000000 0.768239 0.191689 0.191689 0.191689
5240.065918 0.000000 1155.050049 0.000000 0.040553 0.000000 0.999177 0.189112 0.189112 0.189112
5228.062988 0.000000 1195.161011 0.000000 0.294922 0.000000 0.955521 0.189208 0.189208 0.189208
5220.276367 0.000000 1219.418579 0.000000 0.030917 0.000000 0.999522 0.185776 0.185776 0.185776
"}
object={
	name="baobab_generator_2_1"
	clamp_to_water_level=no
	render_under_water=no
	generated_content=yes
	layer="semidynamic_medium"
	pdxmesh="tree_baobab_02_mesh"
	count=50
	transform="4565.705078 0.000000 817.648926 0.000000 0.902866 0.000000 0.429923 0.196672 0.196672 0.196672
4570.122559 0.000000 858.074036 0.000000 0.881980 0.000000 0.471286 0.195834 0.195834 0.195834
4720.205566 0.000000 847.239990 0.000000 0.716786 0.000000 0.697293 0.194221 0.194221 0.194221
4720.205566 0.000000 903.724365 0.000000 0.939433 0.000000 0.342732 0.196812 0.196812 0.196812
4674.396484 0.000000 849.127747 0.000000 0.963679 0.000000 0.267064 0.198076 0.198076 0.198076
4831.758301 0.000000 877.425232 0.000000 0.961184 0.000000 0.275910 0.197767 0.197767 0.197767
4620.978516 0.000000 1017.454712 0.000000 0.710132 0.000000 0.704069 0.193565 0.193565 0.193565
4619.786133 0.000000 1021.771667 0.000000 0.827439 0.000000 0.561555 0.195013 0.195013 0.195013
5114.368164 0.000000 1125.129028 0.000000 0.840861 0.000000 0.541250 0.201142 0.201142 0.201142
4975.722656 0.000000 1343.460327 0.000000 0.914141 0.000000 0.405396 0.196978 0.196978 0.196978
4961.210449 0.000000 1344.013916 0.000000 0.793276 0.000000 0.608863 0.195179 0.195179 0.195179
4197.432617 0.000000 1705.558350 0.000000 0.791887 0.000000 0.610668 0.194916 0.194916 0.194916
4299.786133 0.000000 1699.584229 0.000000 0.999570 0.000000 0.029332 0.199725 0.199725 0.199725
4326.889160 0.000000 1717.970825 0.000000 0.707516 0.000000 0.706698 0.192555 0.192555 0.192555
4589.943359 0.000000 1640.401855 0.000000 0.807833 0.000000 0.589411 0.194571 0.194571 0.194571
4487.671387 0.000000 1719.387817 0.000000 0.973646 0.000000 0.228064 0.202657 0.202657 0.202657
4505.621582 0.000000 1742.406128 0.000000 0.924566 0.000000 0.381021 0.196340 0.196340 0.196340
4505.505859 0.000000 1748.302979 0.000000 0.729051 0.000000 0.684460 0.193131 0.193131 0.193131
4509.020508 0.000000 1707.361572 0.000000 0.939180 0.000000 0.343424 0.198239 0.198239 0.198239
4566.478027 0.000000 1729.424561 0.000000 0.954448 0.000000 0.298378 0.200836 0.200836 0.200836
4605.248047 0.000000 1740.533325 0.000000 0.955282 0.000000 0.295698 0.202995 0.202995 0.202995
4595.213867 0.000000 1740.788452 0.000000 0.992969 0.000000 0.118377 0.200516 0.200516 0.200516
4544.894531 0.000000 1724.831421 0.000000 0.991919 0.000000 0.126873 0.201529 0.201529 0.201529
4861.512207 0.000000 1525.104248 0.000000 0.954997 0.000000 0.296615 0.197594 0.197594 0.197594
4861.658691 0.000000 1560.393921 0.000000 0.983136 0.000000 0.182879 0.198531 0.198531 0.198531
5012.968750 0.000000 1464.234497 0.000000 0.845872 0.000000 0.533387 0.195225 0.195225 0.195225
4698.979980 0.000000 1623.395264 0.000000 0.824325 0.000000 0.566117 0.194667 0.194667 0.194667
4622.007324 0.000000 1668.937134 0.000000 0.889828 0.000000 0.456297 0.195682 0.195682 0.195682
4717.516602 0.000000 1652.780151 0.000000 0.997475 0.000000 0.071017 0.199388 0.199388 0.199388
4679.671387 0.000000 1662.903442 0.000000 0.999941 0.000000 0.010866 0.199898 0.199898 0.199898
4709.432617 0.000000 1649.073975 0.000000 0.849557 0.000000 0.527496 0.195075 0.195075 0.195075
4712.763184 0.000000 1653.169067 0.000000 0.970474 0.000000 0.241204 0.197871 0.197871 0.197871
4672.514160 0.000000 1654.127686 0.000000 0.798221 0.000000 0.602364 0.194109 0.194109 0.194109
4823.890625 0.000000 1600.620239 0.000000 0.986048 0.000000 0.166459 0.198601 0.198601 0.198601
4833.210449 0.000000 1626.435791 0.000000 0.900681 0.000000 0.434481 0.196353 0.196353 0.196353
4853.013672 0.000000 1616.208862 0.000000 0.950498 0.000000 0.310732 0.197200 0.197200 0.197200
4830.530273 0.000000 1661.506958 0.000000 0.875141 0.000000 0.483867 0.196028 0.196028 0.196028
4850.789551 0.000000 1650.134155 0.000000 0.818156 0.000000 0.574996 0.194800 0.194800 0.194800
4639.453613 0.000000 1711.261353 0.000000 0.904991 0.000000 0.425431 0.203602 0.203602 0.203602
4625.256836 0.000000 1729.246094 0.000000 0.799299 0.000000 0.600933 0.204352 0.204352 0.204352
4836.045898 0.000000 1699.806152 0.000000 0.869537 0.000000 0.493868 0.195616 0.195616 0.195616
4865.884766 0.000000 1632.614990 0.000000 0.969397 0.000000 0.245497 0.197771 0.197771 0.197771
5145.505859 0.000000 1126.974854 0.000000 0.733420 0.000000 0.679775 0.193002 0.193002 0.193002
5164.083496 0.000000 1149.748535 0.000000 0.945711 0.000000 0.325009 0.197066 0.197066 0.197066
5160.763184 0.000000 1144.809692 0.000000 0.956323 0.000000 0.292311 0.197334 0.197334 0.197334
5225.563477 0.000000 1156.178467 0.000000 0.900674 0.000000 0.434495 0.196690 0.196690 0.196690
5193.400879 0.000000 1145.806641 0.000000 0.734960 0.000000 0.678110 0.194047 0.194047 0.194047
5184.098633 0.000000 1136.636475 0.000000 0.932450 0.000000 0.361299 0.197001 0.197001 0.197001
5213.237305 0.000000 1219.694092 0.000000 0.779152 0.000000 0.626835 0.193657 0.193657 0.193657
5124.763672 0.000000 1561.270386 0.000000 0.995041 0.000000 0.099468 0.199092 0.199092 0.199092
"}
object={
	name="baobab_generator_2_2"
	clamp_to_water_level=no
	render_under_water=no
	generated_content=yes
	layer="semidynamic_medium"
	pdxmesh="tree_baobab_03_mesh"
	count=55
	transform="4589.434082 0.000000 820.510498 0.000000 0.959973 0.000000 -0.280092 0.202233 0.202233 0.202233
4708.045898 0.000000 852.540527 0.000000 0.988972 0.000000 -0.148103 0.201169 0.201169 0.201169
5111.638184 0.000000 1032.462158 0.000000 0.749183 0.000000 -0.662363 0.206326 0.206326 0.206326
5105.519043 0.000000 1023.048401 0.000000 0.835719 0.000000 -0.549157 0.204935 0.204935 0.204935
5119.958008 0.000000 1037.617798 0.000000 0.964061 0.000000 -0.265682 0.202417 0.202417 0.202417
5117.512207 0.000000 1073.229248 0.000000 0.886432 0.000000 -0.462858 0.204505 0.204505 0.204505
4943.130859 0.000000 1338.512451 0.000000 0.721936 0.000000 -0.691960 0.206010 0.206010 0.206010
4302.007324 0.000000 1668.937134 0.000000 0.963816 0.000000 -0.266569 0.202156 0.202156 0.202156
4332.662598 0.000000 1688.627075 0.000000 0.791269 0.000000 -0.611468 0.205667 0.205667 0.205667
4172.978516 0.000000 1751.751587 0.000000 0.922085 0.000000 -0.386988 0.202629 0.202629 0.202629
4602.544434 0.000000 1621.985596 0.000000 0.931696 0.000000 -0.363239 0.202923 0.202923 0.202923
4581.098633 0.000000 1624.433472 0.000000 0.735472 0.000000 -0.677556 0.206319 0.206319 0.206319
4580.276367 0.000000 1671.293579 0.000000 0.862137 0.000000 -0.506676 0.205681 0.205681 0.205681
4594.318359 0.000000 1638.252808 0.000000 0.942452 0.000000 -0.334341 0.202894 0.202894 0.202894
4471.638184 0.000000 1710.274658 0.000000 0.900716 0.000000 -0.434409 0.207295 0.207295 0.207295
4465.519043 0.000000 1700.860840 0.000000 0.992530 0.000000 -0.121999 0.201739 0.201739 0.201739
4469.013672 0.000000 1729.177612 0.000000 0.994948 0.000000 -0.100392 0.206084 0.206084 0.206084
4420.755371 0.000000 1722.403931 0.000000 0.987499 0.000000 -0.157627 0.201482 0.201482 0.201482
4481.451172 0.000000 1706.706909 0.000000 0.883218 0.000000 -0.468962 0.206473 0.206473 0.206473
4510.953613 0.000000 1750.783813 0.000000 0.888323 0.000000 -0.459219 0.204288 0.204288 0.204288
4545.017578 0.000000 1721.224365 0.000000 0.881771 0.000000 -0.471678 0.208923 0.208923 0.208923
4565.208496 0.000000 1734.410522 0.000000 0.956052 0.000000 -0.293198 0.204602 0.204602 0.204602
4562.817383 0.000000 1724.975098 0.000000 0.944861 0.000000 -0.327472 0.207319 0.207319 0.207319
4575.334473 0.000000 1735.516724 0.000000 0.988764 0.000000 -0.149484 0.204301 0.204301 0.204301
4592.647949 0.000000 1735.006958 0.000000 0.942946 0.000000 -0.332945 0.208560 0.208560 0.208560
4561.939453 0.000000 1736.326782 0.000000 0.998424 0.000000 -0.056112 0.200526 0.200526 0.200526
4595.634277 0.000000 1737.259155 0.000000 0.992638 0.000000 -0.121122 0.206301 0.206301 0.206301
4591.917480 0.000000 1731.313232 0.000000 0.978491 0.000000 -0.206290 0.208355 0.208355 0.208355
4538.807129 0.000000 1757.670166 0.000000 0.982857 0.000000 -0.184368 0.201643 0.201643 0.201643
4982.173828 0.000000 1418.293579 0.000000 0.873863 0.000000 -0.486171 0.205454 0.205454 0.205454
4986.385254 0.000000 1414.701416 0.000000 0.917523 0.000000 -0.397683 0.203880 0.203880 0.203880
4640.032227 0.000000 1618.500366 0.000000 0.924009 0.000000 -0.382371 0.202988 0.202988 0.202988
4673.318848 0.000000 1620.450928 0.000000 0.887524 0.000000 -0.460762 0.203945 0.203945 0.203945
4702.530273 0.000000 1605.022583 0.000000 0.908475 0.000000 -0.417939 0.203821 0.203821 0.203821
4675.505371 0.000000 1624.988647 0.000000 0.943603 0.000000 -0.331078 0.202822 0.202822 0.202822
4689.260254 0.000000 1608.019653 0.000000 0.950985 0.000000 -0.309238 0.202669 0.202669 0.202669
4646.889160 0.000000 1661.486450 0.000000 0.991261 0.000000 -0.131914 0.201189 0.201189 0.201189
4684.978516 0.000000 1638.782837 0.000000 0.963694 0.000000 -0.267009 0.202395 0.202395 0.202395
4863.586426 0.000000 1634.997070 0.000000 0.985902 0.000000 -0.167322 0.201490 0.201490 0.201490
4830.236816 0.000000 1690.576782 0.000000 0.836800 0.000000 -0.547509 0.204773 0.204773 0.204773
4844.083496 0.000000 1658.107910 0.000000 0.982441 0.000000 -0.186573 0.201546 0.201546 0.201546
4609.017578 0.000000 1721.224365 0.000000 0.889705 0.000000 -0.456535 0.217216 0.217216 0.217216
4635.131348 0.000000 1710.652466 0.000000 0.934333 0.000000 -0.356402 0.212385 0.212385 0.212385
4681.604492 0.000000 1721.985596 0.000000 0.840412 0.000000 -0.541948 0.213433 0.213433 0.213433
4754.127930 0.000000 1707.807251 0.000000 0.905327 0.000000 -0.424716 0.203669 0.203669 0.203669
4736.098633 0.000000 1701.480225 0.000000 0.977325 0.000000 -0.211744 0.201811 0.201811 0.201811
4879.272949 0.000000 1659.965454 0.000000 0.999565 0.000000 -0.029503 0.200276 0.200276 0.200276
4868.755371 0.000000 1665.919556 0.000000 0.957897 0.000000 -0.287111 0.202617 0.202617 0.202617
5178.544434 0.000000 1000.657471 0.000000 0.948314 0.000000 -0.317334 0.202983 0.202983 0.202983
5186.500488 0.000000 1036.462769 0.000000 0.978600 0.000000 -0.205772 0.201863 0.201863 0.201863
5184.098633 0.000000 1023.667725 0.000000 0.815084 0.000000 -0.579343 0.204782 0.204782 0.204782
5128.407715 0.000000 1081.015503 0.000000 0.975135 0.000000 -0.221612 0.205036 0.205036 0.205036
5150.236816 0.000000 1125.733032 0.000000 0.900805 0.000000 -0.434224 0.204149 0.204149 0.204149
5173.994141 0.000000 1150.973633 0.000000 0.730644 0.000000 -0.682758 0.206473 0.206473 0.206473
5226.009766 0.000000 1184.624146 0.000000 0.967795 0.000000 -0.251740 0.202065 0.202065 0.202065
"}
object={
	name="baobab_generator_2_3"
	clamp_to_water_level=no
	render_under_water=no
	generated_content=yes
	layer="semidynamic_medium"
	pdxmesh="tree_baobab_04_mesh"
	count=51
	transform="4596.365234 0.000000 830.047485 0.000000 0.701619 0.000000 -0.712552 0.206336 0.206336 0.206336
4648.832520 0.000000 794.282410 0.000000 0.679539 0.000000 -0.733639 0.205758 0.205758 0.205758
4679.979980 0.000000 832.916565 0.000000 0.034363 0.000000 -0.999409 0.210932 0.210932 0.210932
4684.978516 0.000000 848.001587 0.000000 0.331923 0.000000 -0.943307 0.209077 0.209077 0.209077
4735.958008 0.000000 868.164612 0.000000 0.516342 0.000000 -0.856383 0.208214 0.208214 0.208214
4735.487305 0.000000 877.493347 0.000000 0.525432 0.000000 -0.850835 0.208383 0.208383 0.208383
4757.705078 0.000000 874.133301 0.000000 0.638337 0.000000 -0.769757 0.207128 0.207128 0.207128
4737.318848 0.000000 886.154053 0.000000 0.463492 0.000000 -0.886101 0.207612 0.207612 0.207612
4772.276367 0.000000 880.512390 0.000000 0.229682 0.000000 -0.973266 0.211199 0.211199 0.211199
5105.272949 0.000000 1106.828003 0.000000 0.299199 0.000000 -0.954191 0.211229 0.211229 0.211229
4973.516602 0.000000 1313.873901 0.000000 0.640779 0.000000 -0.767726 0.205900 0.205900 0.205900
4958.530273 0.000000 1322.600708 0.000000 0.652045 0.000000 -0.758180 0.206230 0.206230 0.206230
4951.491699 0.000000 1299.772095 0.000000 0.696258 0.000000 -0.717791 0.206096 0.206096 0.206096
4268.412598 0.000000 1680.320557 0.000000 0.068039 0.000000 -0.997683 0.215044 0.215044 0.215044
4349.248047 0.000000 1684.048950 0.000000 0.471541 0.000000 -0.881844 0.209030 0.209030 0.209030
4289.017578 0.000000 1664.739990 0.000000 0.189725 0.000000 -0.981837 0.212058 0.212058 0.212058
4292.763672 0.000000 1674.239136 0.000000 0.659466 0.000000 -0.751735 0.207539 0.207539 0.207539
4321.947754 0.000000 1687.520386 0.000000 0.114981 0.000000 -0.993368 0.212537 0.212537 0.212537
4292.047852 0.000000 1702.881348 0.000000 0.197733 0.000000 -0.980256 0.213782 0.213782 0.213782
4597.994141 0.000000 1659.333008 0.000000 0.573521 0.000000 -0.819191 0.208628 0.208628 0.208628
4352.514160 0.000000 1710.612061 0.000000 0.030527 0.000000 -0.999534 0.213459 0.213459 0.213459
4507.131348 0.000000 1710.652466 0.000000 0.174165 0.000000 -0.984717 0.216758 0.216758 0.216758
4561.256836 0.000000 1729.246094 0.000000 0.685233 0.000000 -0.728324 0.210959 0.210959 0.210959
4574.060547 0.000000 1742.686157 0.000000 0.616451 0.000000 -0.787393 0.209298 0.209298 0.209298
4520.832520 0.000000 1754.516724 0.000000 0.122211 0.000000 -0.992504 0.212836 0.212836 0.212836
4529.519043 0.000000 1757.345215 0.000000 0.672909 0.000000 -0.739725 0.207380 0.207380 0.207380
4572.793945 0.000000 1753.857422 0.000000 0.094412 0.000000 -0.995533 0.213821 0.213821 0.213821
4556.978516 0.000000 1751.751587 0.000000 0.592801 0.000000 -0.805349 0.208648 0.208648 0.208648
4548.047852 0.000000 1759.365723 0.000000 0.315378 0.000000 -0.948966 0.211078 0.211078 0.211078
4851.456055 0.000000 1575.366333 0.000000 0.533920 0.000000 -0.845535 0.208552 0.208552 0.208552
4710.230957 0.000000 1620.091553 0.000000 0.427756 0.000000 -0.903894 0.210145 0.210145 0.210145
4706.932617 0.000000 1635.639404 0.000000 0.068040 0.000000 -0.997683 0.213506 0.213506 0.213506
4653.434082 0.000000 1667.776123 0.000000 0.697502 0.000000 -0.716582 0.207280 0.207280 0.207280
4698.122559 0.000000 1648.855225 0.000000 0.103058 0.000000 -0.994675 0.213373 0.213373 0.213373
4706.900879 0.000000 1638.111572 0.000000 0.028054 0.000000 -0.999606 0.213865 0.213865 0.213865
4780.662598 0.000000 1688.627075 0.000000 0.301897 0.000000 -0.953341 0.209468 0.209468 0.209468
4848.541992 0.000000 1660.632080 0.000000 0.491657 0.000000 -0.870789 0.208839 0.208839 0.208839
4831.826172 0.000000 1646.169312 0.000000 0.274184 0.000000 -0.961677 0.210169 0.210169 0.210169
4673.451172 0.000000 1706.706909 0.000000 0.431589 0.000000 -0.902071 0.219358 0.219358 0.219358
4693.668945 0.000000 1704.320190 0.000000 0.290301 0.000000 -0.956935 0.214211 0.214211 0.214211
4794.544434 0.000000 1734.954346 0.000000 0.468063 0.000000 -0.883695 0.209740 0.209740 0.209740
4792.065918 0.000000 1719.893799 0.000000 0.331447 0.000000 -0.943474 0.210466 0.210466 0.210466
4866.396484 0.000000 1639.909058 0.000000 0.702743 0.000000 -0.711444 0.207114 0.207114 0.207114
5161.563477 0.000000 930.241028 0.000000 0.487171 0.000000 -0.873307 0.208882 0.208882 0.208882
5158.893555 0.000000 979.681702 0.000000 0.028126 0.000000 -0.999604 0.213865 0.213865 0.213865
5153.947754 0.000000 1066.192261 0.000000 0.416668 0.000000 -0.909059 0.212884 0.212884 0.212884
5200.971680 0.000000 1065.895752 0.000000 0.604665 0.000000 -0.796480 0.207822 0.207822 0.207822
5181.524414 0.000000 1146.757202 0.000000 0.569678 0.000000 -0.821868 0.208068 0.208068 0.208068
5160.015625 0.000000 1137.316040 0.000000 0.386257 0.000000 -0.922391 0.210407 0.210407 0.210407
5232.205566 0.000000 1186.146240 0.000000 0.132251 0.000000 -0.991216 0.211848 0.211848 0.211848
5196.978516 0.000000 1186.907837 0.000000 0.191458 0.000000 -0.981501 0.211870 0.211870 0.211870
"}
