object={
	name="baobab_generator_3_0"
	clamp_to_water_level=no
	render_under_water=no
	generated_content=yes
	layer="semidynamic_high"
	pdxmesh="tree_baobab_01_mesh"
	count=55
	transform="4581.098633 0.000000 833.652222 0.000000 0.206982 0.000000 0.978345 0.188776 0.188776 0.188776
4575.334473 0.000000 831.766663 0.000000 0.641031 0.000000 0.767515 0.193010 0.193010 0.193010
4627.771973 0.000000 813.406677 0.000000 0.680579 0.000000 0.732675 0.193842 0.193842 0.193842
4722.318359 0.000000 847.471497 0.000000 0.060570 0.000000 0.998164 0.188878 0.188878 0.188878
4736.894531 0.000000 877.565735 0.000000 0.630719 0.000000 0.776011 0.192682 0.192682 0.192682
4716.194824 0.000000 915.827393 0.000000 0.675567 0.000000 0.737298 0.192445 0.192445 0.192445
5100.412598 0.000000 1002.508118 0.000000 0.549480 0.000000 0.835507 0.191605 0.191605 0.191605
5104.580566 0.000000 1103.643921 0.000000 0.123884 0.000000 0.992297 0.187477 0.187477 0.187477
4317.530273 0.000000 1665.339233 0.000000 0.575285 0.000000 0.817953 0.192228 0.192228 0.192228
4329.204590 0.000000 1674.608276 0.000000 0.213633 0.000000 0.976914 0.188833 0.188833 0.188833
4294.724121 0.000000 1671.554321 0.000000 0.316376 0.000000 0.948634 0.189087 0.189087 0.189087
4296.667480 0.000000 1699.310425 0.000000 0.056591 0.000000 0.998397 0.185824 0.185824 0.185824
4349.638184 0.000000 1714.254517 0.000000 0.537211 0.000000 0.843448 0.190604 0.190604 0.190604
4239.272949 0.000000 1772.934204 0.000000 0.558795 0.000000 0.829306 0.193286 0.193286 0.193286
4596.003906 0.000000 1641.374390 0.000000 0.069159 0.000000 0.997606 0.187254 0.187254 0.187254
4429.487793 0.000000 1704.547974 0.000000 0.498434 0.000000 0.866928 0.193241 0.193241 0.193241
4500.832520 0.000000 1707.110840 0.000000 0.288744 0.000000 0.957406 0.189134 0.189134 0.189134
4521.128906 0.000000 1715.396973 0.000000 0.039285 0.000000 0.999228 0.189167 0.189167 0.189167
4482.944824 0.000000 1711.927246 0.000000 0.611919 0.000000 0.790920 0.193678 0.193678 0.193678
4485.141602 0.000000 1720.037476 0.000000 0.044195 0.000000 0.999023 0.189218 0.189218 0.189218
4564.984863 0.000000 1731.729248 0.000000 0.235645 0.000000 0.971839 0.189473 0.189473 0.189473
4556.375000 0.000000 1749.199097 0.000000 0.172383 0.000000 0.985030 0.187091 0.187091 0.187091
4564.436035 0.000000 1736.803101 0.000000 0.014415 0.000000 0.999896 0.186400 0.186400 0.186400
4557.872070 0.000000 1722.933716 0.000000 0.152394 0.000000 0.988320 0.189485 0.189485 0.189485
4857.910645 0.000000 1573.029175 0.000000 0.221205 0.000000 0.975227 0.188896 0.188896 0.188896
4976.746582 0.000000 1415.347046 0.000000 0.338863 0.000000 0.940836 0.188378 0.188378 0.188378
4995.820801 0.000000 1425.914795 0.000000 0.083854 0.000000 0.996478 0.187082 0.187082 0.187082
4634.074219 0.000000 1612.078979 0.000000 0.238719 0.000000 0.971089 0.190207 0.190207 0.190207
4659.402344 0.000000 1635.529785 0.000000 0.131656 0.000000 0.991295 0.188147 0.188147 0.188147
4669.611816 0.000000 1620.322144 0.000000 0.199491 0.000000 0.979900 0.188884 0.188884 0.188884
4652.127930 0.000000 1665.488159 0.000000 0.502095 0.000000 0.864812 0.190480 0.190480 0.190480
4724.014648 0.000000 1646.890137 0.000000 0.322133 0.000000 0.946694 0.189606 0.189606 0.189606
4707.104004 0.000000 1646.588989 0.000000 0.478256 0.000000 0.878221 0.190498 0.190498 0.190498
4714.835938 0.000000 1644.053101 0.000000 0.675076 0.000000 0.737749 0.192853 0.192853 0.192853
4710.337891 0.000000 1651.783081 0.000000 0.681220 0.000000 0.732079 0.192823 0.192823 0.192823
4736.156738 0.000000 1636.462646 0.000000 0.265286 0.000000 0.964170 0.189596 0.189596 0.189596
4830.060547 0.000000 1629.717407 0.000000 0.338602 0.000000 0.940930 0.190211 0.190211 0.190211
4847.868652 0.000000 1629.973511 0.000000 0.394217 0.000000 0.919017 0.190106 0.190106 0.190106
4851.634277 0.000000 1624.290405 0.000000 0.385686 0.000000 0.922630 0.189881 0.189881 0.189881
4833.099609 0.000000 1615.512207 0.000000 0.463570 0.000000 0.886060 0.190894 0.190894 0.190894
4739.837402 0.000000 1661.609009 0.000000 0.506832 0.000000 0.862045 0.192086 0.192086 0.192086
4861.611816 0.000000 1676.806519 0.000000 0.078977 0.000000 0.996876 0.186779 0.186779 0.186779
4666.462402 0.000000 1711.601318 0.000000 0.641180 0.000000 0.767391 0.192575 0.192575 0.192575
4628.984863 0.000000 1731.729248 0.000000 0.680075 0.000000 0.733142 0.201340 0.201340 0.201340
4638.816895 0.000000 1708.968994 0.000000 0.581037 0.000000 0.813877 0.197073 0.197073 0.197073
4610.627930 0.000000 1723.238403 0.000000 0.254578 0.000000 0.967052 0.196662 0.196662 0.196662
4640.607910 0.000000 1733.621948 0.000000 0.224631 0.000000 0.974444 0.193716 0.193716 0.193716
4769.099609 0.000000 1728.480957 0.000000 0.059816 0.000000 0.998209 0.186609 0.186609 0.186609
4870.507812 0.000000 1633.653687 0.000000 0.674360 0.000000 0.738403 0.192430 0.192430 0.192430
4887.408203 0.000000 1649.885010 0.000000 0.619546 0.000000 0.784960 0.191860 0.191860 0.191860
4962.857422 0.000000 1723.660156 0.000000 0.662901 0.000000 0.748707 0.192818 0.192818 0.192818
5186.356934 0.000000 1021.616943 0.000000 0.019137 0.000000 0.999817 0.185667 0.185667 0.185667
5166.042969 0.000000 1135.542114 0.000000 0.403570 0.000000 0.914949 0.189904 0.189904 0.189904
5156.575195 0.000000 1132.076538 0.000000 0.210978 0.000000 0.977491 0.187793 0.187793 0.187793
5135.671387 0.000000 1131.216553 0.000000 0.166116 0.000000 0.986106 0.187897 0.187897 0.187897
"}
object={
	name="baobab_generator_3_1"
	clamp_to_water_level=no
	render_under_water=no
	generated_content=yes
	layer="semidynamic_high"
	pdxmesh="tree_baobab_02_mesh"
	count=55
	transform="4708.276367 0.000000 824.028015 0.000000 0.982518 0.000000 0.186167 0.198597 0.198597 0.198597
4740.755371 0.000000 875.138306 0.000000 0.736343 0.000000 0.676608 0.193970 0.193970 0.193970
4736.009766 0.000000 889.458130 0.000000 0.875458 0.000000 0.483294 0.195655 0.195655 0.195655
4713.676758 0.000000 921.817017 0.000000 0.909505 0.000000 0.415692 0.196147 0.196147 0.196147
5097.064941 0.000000 1011.939941 0.000000 0.974561 0.000000 0.224122 0.198138 0.198138 0.198138
5101.375000 0.000000 1098.124756 0.000000 0.960204 0.000000 0.279301 0.197633 0.197633 0.197633
5114.462402 0.000000 1090.273193 0.000000 0.720078 0.000000 0.693893 0.194151 0.194151 0.194151
4181.502930 0.000000 1686.366089 0.000000 0.969951 0.000000 0.243302 0.198067 0.198067 0.198067
4305.939453 0.000000 1679.842407 0.000000 0.911846 0.000000 0.410533 0.196304 0.196304 0.196304
4174.007324 0.000000 1725.421509 0.000000 0.941697 0.000000 0.336463 0.197687 0.197687 0.197687
4221.248047 0.000000 1740.533325 0.000000 0.942962 0.000000 0.332900 0.197501 0.197501 0.197501
4348.013184 0.000000 1709.395996 0.000000 0.756305 0.000000 0.654219 0.193502 0.193502 0.193502
4388.029297 0.000000 1713.083984 0.000000 0.901187 0.000000 0.433431 0.195803 0.195803 0.195803
4366.979980 0.000000 1719.371460 0.000000 0.800941 0.000000 0.598743 0.194150 0.194150 0.194150
4487.143066 0.000000 1721.915771 0.000000 0.975082 0.000000 0.221846 0.202723 0.202723 0.202723
4506.245605 0.000000 1713.043091 0.000000 0.999810 0.000000 0.019514 0.203723 0.203723 0.203723
4563.991699 0.000000 1727.758789 0.000000 0.999754 0.000000 0.022201 0.203696 0.203696 0.203696
4544.936035 0.000000 1717.140747 0.000000 0.990223 0.000000 0.139495 0.203591 0.203591 0.203591
4582.469727 0.000000 1721.125244 0.000000 0.779053 0.000000 0.626958 0.200006 0.200006 0.200006
4560.716797 0.000000 1726.629028 0.000000 0.990956 0.000000 0.134190 0.202551 0.202551 0.202551
4607.509766 0.000000 1731.749756 0.000000 0.958938 0.000000 0.283617 0.198857 0.198857 0.198857
4590.782227 0.000000 1736.595337 0.000000 0.987186 0.000000 0.159575 0.203381 0.203381 0.203381
4575.330566 0.000000 1726.952393 0.000000 0.710093 0.000000 0.704107 0.196945 0.196945 0.196945
4559.831543 0.000000 1755.187500 0.000000 0.811509 0.000000 0.584340 0.195170 0.195170 0.195170
4861.507812 0.000000 1574.854858 0.000000 0.714119 0.000000 0.700024 0.193612 0.193612 0.193612
4873.063965 0.000000 1555.540161 0.000000 0.719792 0.000000 0.694189 0.194157 0.194157 0.194157
4664.315430 0.000000 1618.571533 0.000000 0.886506 0.000000 0.462717 0.196157 0.196157 0.196157
4705.448730 0.000000 1604.859253 0.000000 0.796082 0.000000 0.605189 0.194239 0.194239 0.194239
4679.437500 0.000000 1636.606079 0.000000 0.832120 0.000000 0.554596 0.194863 0.194863 0.194863
4700.947754 0.000000 1611.634277 0.000000 0.982511 0.000000 0.186206 0.198340 0.198340 0.198340
4699.595215 0.000000 1688.570557 0.000000 0.836701 0.000000 0.547661 0.194574 0.194574 0.194574
4705.062500 0.000000 1690.120850 0.000000 0.954761 0.000000 0.297373 0.197211 0.197211 0.197211
4841.322754 0.000000 1629.838135 0.000000 0.994319 0.000000 0.106437 0.199121 0.199121 0.199121
4857.384766 0.000000 1637.814209 0.000000 0.840695 0.000000 0.541508 0.195000 0.195000 0.195000
4821.208496 0.000000 1677.926147 0.000000 0.995931 0.000000 0.090114 0.199302 0.199302 0.199302
4847.663086 0.000000 1648.058716 0.000000 0.925859 0.000000 0.377868 0.196759 0.196759 0.196759
4641.641602 0.000000 1712.609863 0.000000 0.996989 0.000000 0.077549 0.208661 0.208661 0.208661
4636.838379 0.000000 1719.598633 0.000000 0.779295 0.000000 0.626658 0.202987 0.202987 0.202987
4622.033691 0.000000 1700.422241 0.000000 0.710785 0.000000 0.703410 0.196955 0.196955 0.196955
4614.475098 0.000000 1709.121948 0.000000 0.982649 0.000000 0.185477 0.206365 0.206365 0.206365
4687.272949 0.000000 1716.449829 0.000000 0.999724 0.000000 0.023511 0.199839 0.199839 0.199839
4751.197266 0.000000 1706.164062 0.000000 0.956756 0.000000 0.290893 0.197531 0.197531 0.197531
4871.437500 0.000000 1636.606079 0.000000 0.999948 0.000000 0.010154 0.199907 0.199907 0.199907
4917.519043 0.000000 1664.672241 0.000000 0.966663 0.000000 0.256053 0.197576 0.197576 0.197576
4954.987305 0.000000 1694.619995 0.000000 0.970149 0.000000 0.242508 0.197768 0.197768 0.197768
5171.634277 0.000000 946.477844 0.000000 0.941293 0.000000 0.337590 0.196991 0.196991 0.196991
5178.305176 0.000000 1004.215820 0.000000 0.805579 0.000000 0.592488 0.194063 0.194063 0.194063
5173.519043 0.000000 986.859802 0.000000 0.966964 0.000000 0.254912 0.197683 0.197683 0.197683
5161.322754 0.000000 1064.994385 0.000000 0.954977 0.000000 0.296680 0.197556 0.197556 0.197556
5193.084961 0.000000 1084.020996 0.000000 0.989760 0.000000 0.142745 0.198784 0.198784 0.198784
5184.514160 0.000000 1145.768311 0.000000 0.968494 0.000000 0.249038 0.197926 0.197926 0.197926
5226.673340 0.000000 1186.315796 0.000000 0.997636 0.000000 0.068726 0.199433 0.199433 0.199433
5202.190430 0.000000 1195.694092 0.000000 0.999732 0.000000 0.023145 0.199798 0.199798 0.199798
5219.666992 0.000000 1222.658081 0.000000 0.909586 0.000000 0.415515 0.195988 0.195988 0.195988
5217.910645 0.000000 1228.494751 0.000000 0.784107 0.000000 0.620625 0.194107 0.194107 0.194107
"}
object={
	name="baobab_generator_3_2"
	clamp_to_water_level=no
	render_under_water=no
	generated_content=yes
	layer="semidynamic_high"
	pdxmesh="tree_baobab_03_mesh"
	count=41
	transform="4709.098633 0.000000 833.652222 0.000000 0.926579 0.000000 -0.376099 0.202888 0.202888 0.202888
5108.463867 0.000000 1031.800537 0.000000 0.990933 0.000000 -0.134358 0.201161 0.201161 0.201161
4259.666992 0.000000 1731.017456 0.000000 0.999425 0.000000 -0.033905 0.200279 0.200279 0.200279
4346.462402 0.000000 1711.601318 0.000000 0.813012 0.000000 -0.582247 0.205741 0.205741 0.205741
4590.042969 0.000000 1643.901489 0.000000 0.917341 0.000000 -0.398103 0.203527 0.203527 0.203527
4410.631836 0.000000 1729.667725 0.000000 0.920210 0.000000 -0.391426 0.203665 0.203665 0.203665
4454.385742 0.000000 1711.376221 0.000000 0.989512 0.000000 -0.144449 0.205398 0.205398 0.205398
4503.836426 0.000000 1745.144165 0.000000 0.921240 0.000000 -0.388994 0.203491 0.203491 0.203491
4527.537109 0.000000 1721.659668 0.000000 0.969040 0.000000 -0.246902 0.206462 0.206462 0.206462
4538.504395 0.000000 1718.290161 0.000000 0.962656 0.000000 -0.270727 0.207884 0.207884 0.207884
4525.942871 0.000000 1716.472168 0.000000 0.822564 0.000000 -0.568673 0.211312 0.211312 0.211312
4504.535645 0.000000 1710.886230 0.000000 0.967187 0.000000 -0.254065 0.205370 0.205370 0.205370
4569.681152 0.000000 1728.308716 0.000000 0.866439 0.000000 -0.499283 0.204437 0.204437 0.204437
4576.544434 0.000000 1741.862793 0.000000 0.894849 0.000000 -0.446369 0.206224 0.206224 0.206224
4516.575195 0.000000 1753.404663 0.000000 0.933677 0.000000 -0.358116 0.203292 0.203292 0.203292
4559.671387 0.000000 1752.544678 0.000000 0.990730 0.000000 -0.135846 0.201242 0.201242 0.201242
4835.104004 0.000000 1533.620239 0.000000 0.992108 0.000000 -0.125388 0.201083 0.201083 0.201083
4984.473633 0.000000 1420.240112 0.000000 0.999537 0.000000 -0.030435 0.200854 0.200854 0.200854
4985.460938 0.000000 1412.212646 0.000000 0.864570 0.000000 -0.502513 0.204929 0.204929 0.204929
4720.918945 0.000000 1653.033081 0.000000 0.792926 0.000000 -0.609318 0.205562 0.205562 0.205562
4696.795410 0.000000 1665.959106 0.000000 0.908918 0.000000 -0.416974 0.203973 0.203973 0.203973
4829.237305 0.000000 1615.084717 0.000000 0.987692 0.000000 -0.156408 0.201294 0.201294 0.201294
4762.074219 0.000000 1668.563354 0.000000 0.832184 0.000000 -0.554500 0.204255 0.204255 0.204255
4812.552734 0.000000 1664.240967 0.000000 0.999901 0.000000 -0.014086 0.200102 0.200102 0.200102
4830.060547 0.000000 1686.201782 0.000000 0.890130 0.000000 -0.455707 0.203839 0.203839 0.203839
4842.288574 0.000000 1661.194702 0.000000 0.953308 0.000000 -0.302001 0.202528 0.202528 0.202528
4624.244141 0.000000 1723.729126 0.000000 0.936652 0.000000 -0.350262 0.215880 0.215880 0.215880
4622.686523 0.000000 1709.122681 0.000000 0.997316 0.000000 -0.073223 0.208070 0.208070 0.208070
4608.712402 0.000000 1712.752197 0.000000 0.999424 0.000000 -0.033950 0.209901 0.209901 0.209901
4741.464844 0.000000 1699.313232 0.000000 0.762281 0.000000 -0.647247 0.205888 0.205888 0.205888
4797.611816 0.000000 1733.290894 0.000000 0.726373 0.000000 -0.687301 0.206716 0.206716 0.206716
4876.526855 0.000000 1661.092651 0.000000 0.982038 0.000000 -0.188684 0.201753 0.201753 0.201753
4882.128418 0.000000 1658.808472 0.000000 0.908204 0.000000 -0.418527 0.204097 0.204097 0.204097
5179.981445 0.000000 1015.453613 0.000000 0.825399 0.000000 -0.564549 0.205092 0.205092 0.205092
5159.591309 0.000000 1058.554810 0.000000 0.972304 0.000000 -0.233719 0.203997 0.203997 0.203997
5155.689941 0.000000 1068.320435 0.000000 0.873126 0.000000 -0.487495 0.206680 0.206680 0.206680
5197.506836 0.000000 1052.533203 0.000000 0.952760 0.000000 -0.303725 0.202658 0.202658 0.202658
5129.084961 0.000000 1084.020996 0.000000 0.857495 0.000000 -0.514493 0.209424 0.209424 0.209424
5156.575195 0.000000 1075.592163 0.000000 0.861638 0.000000 -0.507523 0.205050 0.205050 0.205050
5129.795410 0.000000 1129.711914 0.000000 0.890552 0.000000 -0.454882 0.207523 0.207523 0.207523
5215.334473 0.000000 1170.672974 0.000000 0.806771 0.000000 -0.590864 0.204971 0.204971 0.204971
"}
object={
	name="baobab_generator_3_3"
	clamp_to_water_level=no
	render_under_water=no
	generated_content=yes
	layer="semidynamic_high"
	pdxmesh="tree_baobab_04_mesh"
	count=49
	transform="4686.953125 0.000000 844.752930 0.000000 0.073622 0.000000 -0.997286 0.211213 0.211213 0.211213
4703.334473 0.000000 831.766663 0.000000 0.569911 0.000000 -0.821707 0.207343 0.207343 0.207343
4702.953613 0.000000 847.033752 0.000000 0.203751 0.000000 -0.979023 0.210739 0.210739 0.210739
4758.628418 0.000000 877.292847 0.000000 0.498255 0.000000 -0.867031 0.208644 0.208644 0.208644
5103.537109 0.000000 1100.331543 0.000000 0.390378 0.000000 -0.920655 0.211835 0.211835 0.211835
4339.402344 0.000000 1692.014160 0.000000 0.475448 0.000000 -0.879744 0.209262 0.209262 0.209262
4297.866211 0.000000 1677.119263 0.000000 0.021801 0.000000 -0.999762 0.213728 0.213728 0.213728
4295.213379 0.000000 1676.246948 0.000000 0.424505 0.000000 -0.905426 0.210036 0.210036 0.210036
4290.356934 0.000000 1699.429443 0.000000 0.483415 0.000000 -0.875391 0.210115 0.210115 0.210115
4286.624512 0.000000 1759.835815 0.000000 0.289190 0.000000 -0.957272 0.210843 0.210843 0.210843
4410.504395 0.000000 1718.290161 0.000000 0.302093 0.000000 -0.953279 0.211833 0.211833 0.211833
4438.628418 0.000000 1724.558472 0.000000 0.119613 0.000000 -0.992821 0.214545 0.214545 0.214545
4521.676758 0.000000 1712.598267 0.000000 0.425063 0.000000 -0.905164 0.215445 0.215445 0.215445
4505.706543 0.000000 1708.170654 0.000000 0.564375 0.000000 -0.825518 0.212512 0.212512 0.212512
4529.394043 0.000000 1719.860962 0.000000 0.510411 0.000000 -0.859930 0.214461 0.214461 0.214461
4536.742188 0.000000 1724.425171 0.000000 0.455355 0.000000 -0.890310 0.213781 0.213781 0.213781
4597.860840 0.000000 1742.597656 0.000000 0.457372 0.000000 -0.889275 0.215079 0.215079 0.215079
4554.072266 0.000000 1750.703247 0.000000 0.654260 0.000000 -0.756270 0.207815 0.207815 0.207815
4577.910645 0.000000 1736.854126 0.000000 0.375236 0.000000 -0.926929 0.214662 0.214662 0.214662
4589.942871 0.000000 1716.472168 0.000000 0.599662 0.000000 -0.800253 0.219836 0.219836 0.219836
4607.697754 0.000000 1739.255371 0.000000 0.282804 0.000000 -0.959178 0.221071 0.221071 0.221071
4559.870117 0.000000 1731.354126 0.000000 0.248857 0.000000 -0.968540 0.215993 0.215993 0.215993
4567.339844 0.000000 1726.938721 0.000000 0.420159 0.000000 -0.907451 0.215500 0.215500 0.215500
4587.659668 0.000000 1730.710938 0.000000 0.445652 0.000000 -0.895206 0.217863 0.217863 0.217863
4510.961914 0.000000 1751.976929 0.000000 0.263703 0.000000 -0.964604 0.211719 0.211719 0.211719
4851.213867 0.000000 1571.335327 0.000000 0.600976 0.000000 -0.799267 0.207745 0.207745 0.207745
4853.860840 0.000000 1573.144531 0.000000 0.120902 0.000000 -0.992664 0.212124 0.212124 0.212124
4868.957520 0.000000 1564.925171 0.000000 0.174962 0.000000 -0.984575 0.210970 0.210970 0.210970
4611.505371 0.000000 1624.988647 0.000000 0.300180 0.000000 -0.953883 0.209955 0.209955 0.209955
4698.122559 0.000000 1592.370850 0.000000 0.649384 0.000000 -0.760460 0.205932 0.205932 0.205932
4687.831543 0.000000 1585.734375 0.000000 0.618293 0.000000 -0.785948 0.207450 0.207450 0.207450
4695.293457 0.000000 1605.127319 0.000000 0.117179 0.000000 -0.993111 0.212518 0.212518 0.212518
4694.628418 0.000000 1611.589722 0.000000 0.283741 0.000000 -0.958901 0.211051 0.211051 0.211051
4695.836426 0.000000 1632.175415 0.000000 0.639409 0.000000 -0.768867 0.207883 0.207883 0.207883
4701.422852 0.000000 1620.114380 0.000000 0.024870 0.000000 -0.999691 0.213894 0.213894 0.213894
4659.759277 0.000000 1669.411743 0.000000 0.385870 0.000000 -0.922553 0.209677 0.209677 0.209677
4712.974609 0.000000 1649.568481 0.000000 0.427623 0.000000 -0.903957 0.209865 0.209865 0.209865
4714.288574 0.000000 1661.194702 0.000000 0.598514 0.000000 -0.801112 0.208003 0.208003 0.208003
4859.981445 0.000000 1636.781738 0.000000 0.180341 0.000000 -0.983604 0.212141 0.212141 0.212141
4829.392090 0.000000 1626.235962 0.000000 0.355437 0.000000 -0.934700 0.209646 0.209646 0.209646
4838.889160 0.000000 1661.486450 0.000000 0.622776 0.000000 -0.782400 0.207290 0.207290 0.207290
4621.872070 0.000000 1722.933716 0.000000 0.369348 0.000000 -0.929291 0.225477 0.225477 0.225477
5120.936035 0.000000 1039.328247 0.000000 0.659565 0.000000 -0.751647 0.207751 0.207751 0.207751
5152.544434 0.000000 1064.050293 0.000000 0.644515 0.000000 -0.764591 0.211505 0.211505 0.211505
5173.013672 0.000000 1107.849487 0.000000 0.184725 0.000000 -0.982790 0.211929 0.211929 0.211929
5161.676758 0.000000 1147.754517 0.000000 0.473357 0.000000 -0.880871 0.209686 0.209686 0.209686
5189.119141 0.000000 1146.121704 0.000000 0.407860 0.000000 -0.913045 0.209336 0.209336 0.209336
5195.941895 0.000000 1171.491577 0.000000 0.616358 0.000000 -0.787466 0.207583 0.207583 0.207583
5226.288574 0.000000 1209.319702 0.000000 0.533528 0.000000 -0.845782 0.208934 0.208934 0.208934
"}
