object={
	name="bush_dry_02_generator_1_0"
	clamp_to_water_level=no
	render_under_water=no
	generated_content=yes
	layer="semidynamic_medium"
	pdxmesh="tree_bush_05_mesh"
	count=254
	transform="4592.205566 0.000000 790.755615 0.000000 0.050237 0.000000 0.998737 0.237473 0.237473 0.237473
4582.893555 0.000000 810.228577 0.000000 0.428408 0.000000 0.903586 0.240530 0.240530 0.240530
4607.586426 0.000000 844.215820 0.000000 0.947226 0.000000 0.320567 0.247210 0.247210 0.247210
4582.230957 0.000000 885.794678 0.000000 0.786190 0.000000 0.617985 0.244387 0.244387 0.244387
4575.826172 0.000000 855.388000 0.000000 0.842988 0.000000 0.537932 0.245179 0.245179 0.245179
4579.991211 0.000000 862.992126 0.000000 0.269074 0.000000 0.963120 0.238696 0.238696 0.238696
4643.765137 0.000000 873.112854 0.000000 0.966952 0.000000 0.254959 0.247739 0.247739 0.247739
4643.666992 0.000000 883.751831 0.000000 0.981689 0.000000 0.190489 0.248307 0.248307 0.248307
4524.083496 0.000000 923.810974 0.000000 0.942060 0.000000 0.335444 0.246872 0.246872 0.246872
4815.130859 0.000000 943.121765 0.000000 0.884828 0.000000 0.465917 0.246113 0.246113 0.246113
4788.365234 0.000000 999.500610 0.000000 0.710450 0.000000 0.703748 0.242935 0.242935 0.242935
4791.060547 0.000000 1001.834106 0.000000 0.130841 0.000000 0.991403 0.236972 0.236972 0.236972
4817.722656 0.000000 1012.411682 0.000000 0.999995 0.000000 0.003164 0.249971 0.249971 0.249971
4820.832520 0.000000 1029.298340 0.000000 0.258201 0.000000 0.966091 0.237862 0.237862 0.237862
4361.203613 0.000000 1730.232056 0.000000 0.221935 0.000000 0.975061 0.238945 0.238945 0.238945
4360.859375 0.000000 1732.018311 0.000000 0.104786 0.000000 0.994495 0.232938 0.232938 0.232938
4487.784180 0.000000 1804.332031 0.000000 0.956032 0.000000 0.293262 0.246545 0.246545 0.246545
4499.524902 0.000000 1787.949463 0.000000 0.965999 0.000000 0.258545 0.246287 0.246287 0.246287
4507.159668 0.000000 1805.144165 0.000000 0.173116 0.000000 0.984901 0.229818 0.229818 0.229818
4483.094727 0.000000 1805.799805 0.000000 0.526229 0.000000 0.850343 0.235279 0.235279 0.235279
4483.574219 0.000000 1804.439209 0.000000 0.975937 0.000000 0.218051 0.246817 0.246817 0.246817
4496.512207 0.000000 1786.760986 0.000000 0.719737 0.000000 0.694247 0.239008 0.239008 0.239008
4966.230957 0.000000 1394.154053 0.000000 0.520957 0.000000 0.853583 0.240488 0.240488 0.240488
4962.735840 0.000000 1395.278076 0.000000 0.561855 0.000000 0.827236 0.241214 0.241214 0.241214
4484.948730 0.000000 1807.615112 0.000000 0.967575 0.000000 0.252585 0.247713 0.247713 0.247713
4502.782715 0.000000 1814.803345 0.000000 0.374115 0.000000 0.927382 0.233585 0.233585 0.233585
4858.368164 0.000000 1972.394653 0.000000 0.790878 0.000000 0.611974 0.243177 0.243177 0.243177
4862.419434 0.000000 1962.616089 0.000000 0.991948 0.000000 0.126645 0.248768 0.248768 0.248768
4855.062500 0.000000 1971.486206 0.000000 0.998941 0.000000 0.046010 0.249493 0.249493 0.249493
4863.976562 0.000000 1971.084106 0.000000 0.931331 0.000000 0.364174 0.246022 0.246022 0.246022
4863.697754 0.000000 1965.192871 0.000000 0.673314 0.000000 0.739357 0.240210 0.240210 0.240210
4860.034180 0.000000 1968.291992 0.000000 0.377692 0.000000 0.925931 0.232605 0.232605 0.232605
4854.588867 0.000000 1973.651855 0.000000 0.307294 0.000000 0.951615 0.234880 0.234880 0.234880
4861.587402 0.000000 1968.366577 0.000000 0.902424 0.000000 0.430850 0.243453 0.243453 0.243453
4861.367188 0.000000 1971.604492 0.000000 0.970853 0.000000 0.239675 0.246163 0.246163 0.246163
4850.249023 0.000000 1970.148804 0.000000 0.193416 0.000000 0.981117 0.230116 0.230116 0.230116
4860.439453 0.000000 1969.521729 0.000000 0.666499 0.000000 0.745506 0.237634 0.237634 0.237634
4862.141113 0.000000 1967.337036 0.000000 0.484555 0.000000 0.874761 0.233915 0.233915 0.233915
4905.563477 0.000000 1890.475342 0.000000 0.735805 0.000000 0.677193 0.243407 0.243407 0.243407
4913.272949 0.000000 1897.609253 0.000000 0.655434 0.000000 0.755252 0.243001 0.243001 0.243001
4883.253418 0.000000 1911.571045 0.000000 0.117757 0.000000 0.993042 0.235810 0.235810 0.235810
4910.671387 0.000000 1910.438843 0.000000 0.230130 0.000000 0.973160 0.229281 0.229281 0.229281
4900.916016 0.000000 1892.046753 0.000000 0.118906 0.000000 0.992905 0.234054 0.234054 0.234054
4903.778320 0.000000 1919.819336 0.000000 0.853796 0.000000 0.520608 0.243319 0.243319 0.243319
4906.638672 0.000000 1914.416992 0.000000 0.948667 0.000000 0.316278 0.245330 0.245330 0.245330
4904.389160 0.000000 1917.614746 0.000000 0.518376 0.000000 0.855153 0.234121 0.234121 0.234121
4902.819824 0.000000 1916.236084 0.000000 0.470800 0.000000 0.882240 0.234791 0.234791 0.234791
4906.601562 0.000000 1915.833008 0.000000 0.004090 0.000000 0.999992 0.227265 0.227265 0.227265
4911.221680 0.000000 1904.686646 0.000000 0.001458 0.000000 0.999999 0.228304 0.228304 0.228304
4910.269531 0.000000 1899.286011 0.000000 0.963576 0.000000 0.267435 0.245995 0.245995 0.245995
4904.703613 0.000000 1918.852905 0.000000 0.964382 0.000000 0.264514 0.246057 0.246057 0.246057
4910.722168 0.000000 1911.796021 0.000000 0.142508 0.000000 0.989794 0.227900 0.227900 0.227900
4914.448730 0.000000 1907.209229 0.000000 0.600552 0.000000 0.799586 0.236525 0.236525 0.236525
4908.416992 0.000000 1908.987915 0.000000 0.622412 0.000000 0.782690 0.236786 0.236786 0.236786
4907.627441 0.000000 1915.167847 0.000000 0.023066 0.000000 0.999734 0.227541 0.227541 0.227541
4904.053711 0.000000 1916.338623 0.000000 0.634960 0.000000 0.772545 0.236335 0.236335 0.236335
4922.368164 0.000000 1972.394653 0.000000 0.882259 0.000000 0.470765 0.245686 0.245686 0.245686
4913.272949 0.000000 1954.093628 0.000000 0.948624 0.000000 0.316404 0.247257 0.247257 0.247257
4864.254883 0.000000 1967.609619 0.000000 0.995637 0.000000 0.093314 0.249137 0.249137 0.249137
4920.550781 0.000000 1953.327881 0.000000 0.473580 0.000000 0.880751 0.240989 0.240989 0.240989
4916.365234 0.000000 1959.734985 0.000000 0.713329 0.000000 0.700830 0.242972 0.242972 0.242972
4922.511719 0.000000 1940.978760 0.000000 0.914880 0.000000 0.403726 0.245487 0.245487 0.245487
4925.212891 0.000000 1945.860474 0.000000 0.997154 0.000000 0.075387 0.249058 0.249058 0.249058
4921.910645 0.000000 1968.419800 0.000000 0.260417 0.000000 0.965496 0.237924 0.237924 0.237924
4864.009766 0.000000 1962.661255 0.000000 0.950349 0.000000 0.311185 0.246524 0.246524 0.246524
4922.462402 0.000000 1937.538818 0.000000 0.468996 0.000000 0.883200 0.235911 0.235911 0.235911
4925.032715 0.000000 1942.656860 0.000000 0.999850 0.000000 0.017338 0.249791 0.249791 0.249791
4922.504395 0.000000 1944.227661 0.000000 0.273094 0.000000 0.961987 0.235824 0.235824 0.235824
4925.125000 0.000000 1972.947998 0.000000 0.497737 0.000000 0.867328 0.240041 0.240041 0.240041
4923.000977 0.000000 1958.269775 0.000000 0.585674 0.000000 0.810547 0.240208 0.240208 0.240208
4926.994629 0.000000 1968.092529 0.000000 0.710238 0.000000 0.703962 0.240373 0.240373 0.240373
4927.510742 0.000000 1945.205444 0.000000 0.979565 0.000000 0.201129 0.247219 0.247219 0.247219
4919.044922 0.000000 1959.557129 0.000000 0.085761 0.000000 0.996316 0.235496 0.235496 0.235496
4919.794922 0.000000 1933.474976 0.000000 0.687576 0.000000 0.726112 0.241555 0.241555 0.241555
4919.405273 0.000000 1955.321899 0.000000 0.989959 0.000000 0.141353 0.248013 0.248013 0.248013
4921.678223 0.000000 1935.590332 0.000000 0.958285 0.000000 0.285815 0.246355 0.246355 0.246355
4926.970703 0.000000 1943.124756 0.000000 0.999599 0.000000 0.028329 0.249612 0.249612 0.249612
4894.288086 0.000000 1974.931152 0.000000 0.342244 0.000000 0.939611 0.233495 0.233495 0.233495
4897.680176 0.000000 1976.296509 0.000000 0.712478 0.000000 0.701694 0.239660 0.239660 0.239660
4898.177734 0.000000 1947.401855 0.000000 0.869668 0.000000 0.493636 0.244039 0.244039 0.244039
4918.302246 0.000000 1934.756226 0.000000 0.946514 0.000000 0.322662 0.245919 0.245919 0.245919
4865.726074 0.000000 1963.373169 0.000000 0.997705 0.000000 0.067705 0.249256 0.249256 0.249256
4923.429199 0.000000 1945.781372 0.000000 0.853961 0.000000 0.520337 0.244006 0.244006 0.244006
4864.850586 0.000000 1961.033447 0.000000 0.999963 0.000000 0.008651 0.249893 0.249893 0.249893
4921.864746 0.000000 1949.059937 0.000000 0.788640 0.000000 0.614855 0.240432 0.240432 0.240432
4926.675293 0.000000 1972.219849 0.000000 0.946891 0.000000 0.321556 0.245770 0.245770 0.245770
4926.038574 0.000000 1944.452026 0.000000 0.958847 0.000000 0.283925 0.246047 0.246047 0.246047
4889.935547 0.000000 1960.871338 0.000000 0.898866 0.000000 0.438223 0.243233 0.243233 0.243233
4875.039062 0.000000 1936.725098 0.000000 0.644115 0.000000 0.764928 0.239645 0.239645 0.239645
4915.609375 0.000000 1955.817993 0.000000 0.214659 0.000000 0.976689 0.234149 0.234149 0.234149
4918.904297 0.000000 1956.776978 0.000000 0.999020 0.000000 0.044264 0.249360 0.249360 0.249360
4918.609375 0.000000 1948.317383 0.000000 0.925993 0.000000 0.377540 0.245300 0.245300 0.245300
4921.773926 0.000000 1942.257568 0.000000 0.635981 0.000000 0.771704 0.237043 0.237043 0.237043
4893.209473 0.000000 1976.429932 0.000000 0.441188 0.000000 0.897415 0.232272 0.232272 0.232272
4922.873047 0.000000 1936.217651 0.000000 0.970098 0.000000 0.242713 0.246810 0.246810 0.246810
4918.205566 0.000000 1955.682007 0.000000 0.886705 0.000000 0.462335 0.243266 0.243266 0.243266
4888.179688 0.000000 1961.077026 0.000000 0.221686 0.000000 0.975118 0.229903 0.229903 0.229903
4921.538086 0.000000 1943.419312 0.000000 0.762680 0.000000 0.646776 0.239662 0.239662 0.239662
4893.463379 0.000000 1946.544800 0.000000 0.929834 0.000000 0.367979 0.244120 0.244120 0.244120
4935.671387 0.000000 1945.325317 0.000000 0.785022 0.000000 0.619468 0.241014 0.241014 0.241014
4943.272949 0.000000 1942.387329 0.000000 0.868070 0.000000 0.496441 0.245769 0.245769 0.245769
4937.203613 0.000000 1956.169556 0.000000 0.787460 0.000000 0.616366 0.244363 0.244363 0.244363
4934.215332 0.000000 1969.406372 0.000000 0.707032 0.000000 0.707182 0.242989 0.242989 0.242989
4929.017578 0.000000 1947.161865 0.000000 0.660032 0.000000 0.751237 0.240080 0.240080 0.240080
4940.552734 0.000000 1946.662842 0.000000 0.995096 0.000000 0.098915 0.248844 0.248844 0.248844
4938.351562 0.000000 1941.347656 0.000000 0.287650 0.000000 0.957736 0.234673 0.234673 0.234673
4932.763672 0.000000 1956.661011 0.000000 0.999165 0.000000 0.040860 0.249580 0.249580 0.249580
4934.724121 0.000000 1953.976196 0.000000 0.007907 0.000000 0.999969 0.228003 0.228003 0.228003
4934.507812 0.000000 1972.559937 0.000000 0.803770 0.000000 0.594940 0.241947 0.241947 0.241947
4931.510742 0.000000 1967.396729 0.000000 0.592317 0.000000 0.805705 0.238919 0.238919 0.238919
4940.526855 0.000000 1943.514526 0.000000 0.418736 0.000000 0.908108 0.237989 0.237989 0.237989
4935.437500 0.000000 1975.512329 0.000000 0.486543 0.000000 0.873657 0.233120 0.233120 0.233120
4935.213379 0.000000 1958.668823 0.000000 0.778121 0.000000 0.628115 0.243197 0.243197 0.243197
4934.395508 0.000000 1950.524414 0.000000 0.189655 0.000000 0.981851 0.230922 0.230922 0.230922
4930.822754 0.000000 1954.436890 0.000000 0.843925 0.000000 0.536461 0.243197 0.243197 0.243197
4938.329590 0.000000 1945.173340 0.000000 0.853955 0.000000 0.520347 0.242810 0.242810 0.242810
4936.173828 0.000000 1942.735107 0.000000 0.440485 0.000000 0.897760 0.233338 0.233338 0.233338
4932.384766 0.000000 1971.241455 0.000000 0.367423 0.000000 0.930054 0.231696 0.231696 0.231696
4930.575684 0.000000 1961.595825 0.000000 0.894073 0.000000 0.447920 0.243681 0.243681 0.243681
4930.311035 0.000000 1957.079834 0.000000 0.946596 0.000000 0.322422 0.246814 0.246814 0.246814
4930.269043 0.000000 1973.902588 0.000000 0.470901 0.000000 0.882186 0.232837 0.232837 0.232837
4934.028809 0.000000 1943.398315 0.000000 0.082774 0.000000 0.996568 0.228269 0.228269 0.228269
4934.997070 0.000000 1960.725708 0.000000 0.790959 0.000000 0.611869 0.243055 0.243055 0.243055
4933.572266 0.000000 1967.399536 0.000000 0.271156 0.000000 0.962535 0.236813 0.236813 0.236813
4932.789062 0.000000 1954.325684 0.000000 0.951069 0.000000 0.308979 0.245520 0.245520 0.245520
4932.679688 0.000000 1973.083740 0.000000 0.972863 0.000000 0.231384 0.246714 0.246714 0.246714
4928.588379 0.000000 1972.771240 0.000000 0.817110 0.000000 0.576482 0.240240 0.240240 0.240240
4933.832520 0.000000 1952.334473 0.000000 0.939603 0.000000 0.342266 0.245051 0.245051 0.245051
4930.681152 0.000000 1942.687256 0.000000 0.994050 0.000000 0.108926 0.248804 0.248804 0.248804
4933.351074 0.000000 1958.594727 0.000000 0.999925 0.000000 0.012285 0.249840 0.249840 0.249840
4936.404785 0.000000 1940.896606 0.000000 0.914686 0.000000 0.404166 0.244780 0.244780 0.244780
4934.073242 0.000000 1974.256226 0.000000 0.882328 0.000000 0.470635 0.242217 0.242217 0.242217
4930.335449 0.000000 1951.698730 0.000000 0.944658 0.000000 0.328056 0.245661 0.245661 0.245661
4935.546875 0.000000 1951.773560 0.000000 0.995551 0.000000 0.094229 0.248695 0.248695 0.248695
4928.043457 0.000000 1944.719849 0.000000 0.358448 0.000000 0.933550 0.233503 0.233503 0.233503
4931.051758 0.000000 1970.321167 0.000000 0.796474 0.000000 0.604673 0.239706 0.239706 0.239706
4938.583984 0.000000 1946.692749 0.000000 0.571748 0.000000 0.820429 0.237659 0.237659 0.237659
4933.961426 0.000000 1971.101562 0.000000 0.619269 0.000000 0.785179 0.236164 0.236164 0.236164
4939.761719 0.000000 1944.878418 0.000000 0.999681 0.000000 0.025274 0.249668 0.249668 0.249668
4934.267578 0.000000 1944.908813 0.000000 0.948230 0.000000 0.317586 0.245653 0.245653 0.245653
4929.626465 0.000000 1975.386108 0.000000 0.999171 0.000000 0.040705 0.249438 0.249438 0.249438
4934.813965 0.000000 1942.232788 0.000000 0.565312 0.000000 0.824877 0.235834 0.235834 0.235834
4935.363281 0.000000 1943.919067 0.000000 0.722160 0.000000 0.691726 0.238844 0.238844 0.238844
4933.854492 0.000000 1955.221924 0.000000 0.514516 0.000000 0.857481 0.235306 0.235306 0.235306
4931.093750 0.000000 1950.538696 0.000000 0.784882 0.000000 0.619645 0.241324 0.241324 0.241324
4931.094727 0.000000 1975.252930 0.000000 0.386017 0.000000 0.922492 0.232993 0.232993 0.232993
4937.525391 0.000000 1942.516479 0.000000 0.154541 0.000000 0.987986 0.228839 0.228839 0.228839
4928.328125 0.000000 1968.937134 0.000000 0.036152 0.000000 0.999346 0.225719 0.225719 0.225719
4931.574219 0.000000 1973.892334 0.000000 0.773535 0.000000 0.633753 0.239097 0.239097 0.239097
4933.108887 0.000000 1970.101318 0.000000 0.905937 0.000000 0.423412 0.243301 0.243301 0.243301
4933.044922 0.000000 1951.345459 0.000000 0.999648 0.000000 0.026523 0.249625 0.249625 0.249625
4932.693359 0.000000 1953.109131 0.000000 0.999731 0.000000 0.023180 0.249672 0.249672 0.249672
4929.803711 0.000000 1972.794800 0.000000 0.369933 0.000000 0.929058 0.231068 0.231068 0.231068
4929.519531 0.000000 1968.012573 0.000000 0.956988 0.000000 0.290129 0.245343 0.245343 0.245343
4928.743652 0.000000 1971.389526 0.000000 0.945368 0.000000 0.326005 0.244725 0.244725 0.244725
4929.670898 0.000000 1970.389404 0.000000 0.987270 0.000000 0.159053 0.247463 0.247463 0.247463
4931.005859 0.000000 1971.426758 0.000000 0.777331 0.000000 0.629091 0.239214 0.239214 0.239214
4927.958008 0.000000 1997.852173 0.000000 0.942965 0.000000 0.332893 0.247246 0.247246 0.247246
4915.456055 0.000000 2027.241333 0.000000 0.757958 0.000000 0.652303 0.243414 0.243414 0.243414
4898.900879 0.000000 1977.017822 0.000000 0.145703 0.000000 0.989328 0.237152 0.237152 0.237152
4899.765137 0.000000 2002.800415 0.000000 0.553230 0.000000 0.833029 0.237526 0.237526 0.237526
4878.220703 0.000000 1994.034058 0.000000 0.732365 0.000000 0.680912 0.240300 0.240300 0.240300
4875.929688 0.000000 1988.958984 0.000000 0.871979 0.000000 0.489543 0.243375 0.243375 0.243375
4883.007324 0.000000 1995.031494 0.000000 0.542533 0.000000 0.840035 0.237021 0.237021 0.237021
4915.213867 0.000000 2023.210327 0.000000 0.971974 0.000000 0.235090 0.247830 0.247830 0.247830
4892.431641 0.000000 1984.460938 0.000000 0.669326 0.000000 0.742969 0.242525 0.242525 0.242525
4890.987305 0.000000 1977.041870 0.000000 0.502572 0.000000 0.864536 0.238301 0.238301 0.238301
4924.832520 0.000000 2009.274902 0.000000 0.986870 0.000000 0.161516 0.248557 0.248557 0.248557
4917.860840 0.000000 2025.019531 0.000000 0.676977 0.000000 0.736004 0.239210 0.239210 0.239210
4877.099609 0.000000 1996.729736 0.000000 0.545521 0.000000 0.838097 0.239394 0.239394 0.239394
4894.608887 0.000000 1982.492798 0.000000 0.609602 0.000000 0.792708 0.239718 0.239718 0.239718
4893.958984 0.000000 1987.153442 0.000000 0.999851 0.000000 0.017246 0.249823 0.249823 0.249823
4897.491699 0.000000 1982.848389 0.000000 0.842898 0.000000 0.538073 0.243138 0.243138 0.243138
4926.948242 0.000000 1979.107300 0.000000 0.887971 0.000000 0.459899 0.245422 0.245422 0.245422
4914.103516 0.000000 2025.286011 0.000000 0.393567 0.000000 0.919296 0.235150 0.235150 0.235150
4919.867676 0.000000 2024.184814 0.000000 0.973398 0.000000 0.229120 0.247136 0.247136 0.247136
4897.049316 0.000000 1978.203369 0.000000 0.269076 0.000000 0.963119 0.229336 0.229336 0.229336
4898.934570 0.000000 1980.522339 0.000000 0.702733 0.000000 0.711454 0.240341 0.240341 0.240341
4897.987305 0.000000 2014.566772 0.000000 0.434850 0.000000 0.900503 0.237897 0.237897 0.237897
4917.101074 0.000000 2022.278687 0.000000 0.606649 0.000000 0.794970 0.236149 0.236149 0.236149
4894.725586 0.000000 1980.545654 0.000000 0.074655 0.000000 0.997209 0.226189 0.226189 0.226189
4917.449707 0.000000 2026.844604 0.000000 0.069496 0.000000 0.997582 0.233743 0.233743 0.233743
4919.432129 0.000000 2026.036865 0.000000 0.918472 0.000000 0.395486 0.245318 0.245318 0.245318
4919.893555 0.000000 2020.457886 0.000000 0.060203 0.000000 0.998186 0.233077 0.233077 0.233077
4869.832520 0.000000 2008.818848 0.000000 0.795257 0.000000 0.606273 0.242967 0.242967 0.242967
4898.087402 0.000000 2002.008301 0.000000 0.963074 0.000000 0.269235 0.246546 0.246546 0.246546
4894.652344 0.000000 1989.038452 0.000000 0.929522 0.000000 0.368768 0.245297 0.245297 0.245297
4894.021484 0.000000 1985.220093 0.000000 0.720784 0.000000 0.693159 0.240751 0.240751 0.240751
4878.777344 0.000000 1997.205322 0.000000 0.924782 0.000000 0.380498 0.244860 0.244860 0.244860
4895.632324 0.000000 1987.621948 0.000000 0.387417 0.000000 0.921905 0.234480 0.234480 0.234480
4878.389648 0.000000 2014.737549 0.000000 0.139275 0.000000 0.990254 0.230841 0.230841 0.230841
4871.699707 0.000000 1992.807983 0.000000 0.260250 0.000000 0.965541 0.232495 0.232495 0.232495
4881.862305 0.000000 2013.280518 0.000000 0.951757 0.000000 0.306853 0.246409 0.246409 0.246409
4898.937012 0.000000 1978.737793 0.000000 0.990082 0.000000 0.140489 0.248368 0.248368 0.248368
4880.004883 0.000000 1994.420898 0.000000 0.881229 0.000000 0.472690 0.243501 0.243501 0.243501
4893.325684 0.000000 1981.428101 0.000000 0.999903 0.000000 0.013958 0.249842 0.249842 0.249842
4916.695312 0.000000 2023.925293 0.000000 0.975656 0.000000 0.219307 0.246667 0.246667 0.246667
4878.469238 0.000000 1995.611694 0.000000 0.742635 0.000000 0.669696 0.240497 0.240497 0.240497
4874.378418 0.000000 1988.814453 0.000000 0.270892 0.000000 0.962610 0.233210 0.233210 0.233210
4897.699219 0.000000 1990.383423 0.000000 0.639514 0.000000 0.768780 0.236809 0.236809 0.236809
4918.280273 0.000000 2023.532471 0.000000 0.953442 0.000000 0.301577 0.245124 0.245124 0.245124
4879.354980 0.000000 2023.175171 0.000000 0.667372 0.000000 0.744724 0.239329 0.239329 0.239329
4901.374023 0.000000 1982.919678 0.000000 0.965302 0.000000 0.261135 0.245919 0.245919 0.245919
4897.760254 0.000000 1981.361206 0.000000 0.878894 0.000000 0.477017 0.242086 0.242086 0.242086
4875.583984 0.000000 1980.510742 0.000000 0.293153 0.000000 0.956065 0.233391 0.233391 0.233391
4895.834473 0.000000 1979.106689 0.000000 0.505717 0.000000 0.862699 0.233439 0.233439 0.233439
4870.510254 0.000000 1993.553589 0.000000 0.891600 0.000000 0.452824 0.243709 0.243709 0.243709
4926.710938 0.000000 2015.179565 0.000000 0.619686 0.000000 0.784850 0.236510 0.236510 0.236510
4893.048828 0.000000 1978.595581 0.000000 0.990642 0.000000 0.136487 0.247945 0.247945 0.247945
4900.343262 0.000000 1983.494507 0.000000 0.239562 0.000000 0.970881 0.229472 0.229472 0.229472
4932.032715 0.000000 2008.564697 0.000000 0.921660 0.000000 0.387999 0.246431 0.246431 0.246431
4930.311035 0.000000 2013.564209 0.000000 0.420435 0.000000 0.907322 0.238647 0.238647 0.238647
4932.602051 0.000000 1979.558960 0.000000 0.995908 0.000000 0.090373 0.249045 0.249045 0.249045
4934.028809 0.000000 1999.882690 0.000000 0.714345 0.000000 0.699794 0.241824 0.241824 0.241824
4931.095703 0.000000 1992.403198 0.000000 0.977464 0.000000 0.211100 0.247591 0.247591 0.247591
4932.635742 0.000000 1989.355957 0.000000 0.879555 0.000000 0.475797 0.242154 0.242154 0.242154
4931.498047 0.000000 1977.710693 0.000000 0.026342 0.000000 0.999653 0.231589 0.231589 0.231589
4931.916016 0.000000 1981.566162 0.000000 0.988904 0.000000 0.148555 0.248120 0.248120 0.248120
4930.970703 0.000000 1986.400757 0.000000 0.140990 0.000000 0.990011 0.227742 0.227742 0.227742
4932.846680 0.000000 1991.860474 0.000000 0.276841 0.000000 0.960916 0.232766 0.232766 0.232766
4935.500488 0.000000 1996.249512 0.000000 0.757132 0.000000 0.653262 0.240558 0.240558 0.240558
4933.597168 0.000000 2003.839844 0.000000 0.953674 0.000000 0.300842 0.245346 0.245346 0.245346
4932.993652 0.000000 2001.136230 0.000000 0.688933 0.000000 0.724825 0.238083 0.238083 0.238083
4932.370605 0.000000 2003.542725 0.000000 0.184549 0.000000 0.982823 0.228905 0.228905 0.228905
4931.610840 0.000000 1978.934937 0.000000 0.976390 0.000000 0.216017 0.246575 0.246575 0.246575
4861.125000 0.000000 2085.916748 0.000000 0.999100 0.000000 0.042406 0.249558 0.249558 0.249558
4858.270996 0.000000 2041.771240 0.000000 0.877840 0.000000 0.478954 0.244295 0.244295 0.244295
4856.550781 0.000000 2122.781006 0.000000 0.926346 0.000000 0.376674 0.246445 0.246445 0.246445
4836.620605 0.000000 2136.630371 0.000000 0.954013 0.000000 0.299766 0.247026 0.247026 0.247026
4839.299805 0.000000 2136.301270 0.000000 0.979776 0.000000 0.200099 0.246794 0.246794 0.246794
4861.738281 0.000000 2118.171143 0.000000 0.877539 0.000000 0.479505 0.245271 0.245271 0.245271
4835.522949 0.000000 2134.567871 0.000000 0.988225 0.000000 0.153009 0.248011 0.248011 0.248011
4858.561523 0.000000 2121.681152 0.000000 0.848358 0.000000 0.529423 0.244289 0.244289 0.244289
4827.673340 0.000000 2142.695312 0.000000 0.097636 0.000000 0.995222 0.227844 0.227844 0.227844
4839.167969 0.000000 2138.391846 0.000000 0.947840 0.000000 0.318748 0.246042 0.246042 0.246042
4857.678223 0.000000 2105.043457 0.000000 0.345059 0.000000 0.938581 0.236767 0.236767 0.236767
4859.993164 0.000000 2106.465576 0.000000 0.891033 0.000000 0.453938 0.244677 0.244677 0.244677
4839.243164 0.000000 2140.822266 0.000000 0.425933 0.000000 0.904755 0.233238 0.233238 0.233238
4839.715332 0.000000 2137.428711 0.000000 1.000000 0.000000 0.000609 0.249990 0.249990 0.249990
4660.706543 0.000000 2259.206055 0.000000 0.912404 0.000000 0.409290 0.245460 0.245460 0.245460
4826.122559 0.000000 2157.214600 0.000000 0.890948 0.000000 0.454106 0.243395 0.243395 0.243395
4823.293457 0.000000 2169.970947 0.000000 0.609405 0.000000 0.792859 0.241715 0.241715 0.241715
4815.197266 0.000000 2158.039062 0.000000 0.951357 0.000000 0.308092 0.246765 0.246765 0.246765
4825.661133 0.000000 2149.472412 0.000000 0.622287 0.000000 0.782789 0.240320 0.240320 0.240320
4812.112305 0.000000 2161.312988 0.000000 0.915325 0.000000 0.402716 0.245680 0.245680 0.245680
4827.966309 0.000000 2156.019287 0.000000 0.618858 0.000000 0.785503 0.237340 0.237340 0.237340
4821.452637 0.000000 2168.389160 0.000000 0.932705 0.000000 0.360641 0.246028 0.246028 0.246028
4814.389648 0.000000 2184.190674 0.000000 0.563836 0.000000 0.825887 0.238264 0.238264 0.238264
4812.289551 0.000000 2159.853516 0.000000 0.580026 0.000000 0.814598 0.237225 0.237225 0.237225
4814.057129 0.000000 2181.068604 0.000000 0.120854 0.000000 0.992670 0.226928 0.226928 0.226928
4871.546875 0.000000 2064.742432 0.000000 0.980699 0.000000 0.195525 0.247814 0.247814 0.247814
4867.329590 0.000000 2068.865723 0.000000 0.827935 0.000000 0.560825 0.242605 0.242605 0.242605
4660.003906 0.000000 2262.702637 0.000000 0.999976 0.000000 0.007001 0.249925 0.249925 0.249925
4660.657715 0.000000 2259.411133 0.000000 0.997914 0.000000 0.064551 0.249305 0.249305 0.249305
"}
object={
	name="bush_dry_02_generator_1_1"
	clamp_to_water_level=no
	render_under_water=no
	generated_content=yes
	layer="semidynamic_medium"
	pdxmesh="tree_bush_06_mesh"
	count=237
	transform="4594.789551 0.000000 802.868530 0.000000 0.324484 0.000000 -0.945891 0.260257 0.260257 0.260257
4605.512207 0.000000 847.291809 0.000000 0.213774 0.000000 -0.976883 0.261589 0.261589 0.261589
4562.283691 0.000000 848.398315 0.000000 0.600477 0.000000 -0.799642 0.258069 0.258069 0.258069
4681.400879 0.000000 806.900391 0.000000 0.072426 0.000000 -0.997374 0.262718 0.262718 0.262718
4672.163086 0.000000 825.527771 0.000000 0.920732 0.000000 -0.390195 0.253415 0.253415 0.253415
4545.318848 0.000000 942.638428 0.000000 0.041714 0.000000 -0.999130 0.263122 0.263122 0.263122
4559.130859 0.000000 943.121765 0.000000 0.987083 0.000000 -0.160211 0.251311 0.251311 0.251311
4545.017578 0.000000 986.927429 0.000000 0.996459 0.000000 -0.084075 0.250743 0.250743 0.250743
4774.230957 0.000000 998.763428 0.000000 0.657018 0.000000 -0.753875 0.257622 0.257622 0.257622
4761.621582 0.000000 1008.109253 0.000000 0.148233 0.000000 -0.988952 0.262559 0.262559 0.262559
4757.502930 0.000000 1008.553589 0.000000 0.165447 0.000000 -0.986219 0.262361 0.262361 0.262361
4777.204590 0.000000 996.795715 0.000000 0.744385 0.000000 -0.667751 0.256366 0.256366 0.256366
4521.967773 0.000000 1780.833496 0.000000 0.387744 0.000000 -0.921767 0.260722 0.260722 0.260722
4482.552734 0.000000 1807.091797 0.000000 0.465501 0.000000 -0.885047 0.263021 0.263021 0.263021
4482.269043 0.000000 1804.449463 0.000000 0.996990 0.000000 -0.077534 0.251124 0.251124 0.251124
4486.073242 0.000000 1804.803101 0.000000 0.355555 0.000000 -0.934655 0.264015 0.264015 0.264015
4500.841797 0.000000 1785.581787 0.000000 0.872176 0.000000 -0.489192 0.256508 0.256508 0.256508
4509.034668 0.000000 1804.499390 0.000000 0.738891 0.000000 -0.673825 0.259276 0.259276 0.259276
4506.987305 0.000000 1807.588745 0.000000 0.904682 0.000000 -0.426089 0.253901 0.253901 0.253901
4503.366211 0.000000 1810.152710 0.000000 0.974319 0.000000 -0.225173 0.252424 0.252424 0.252424
4505.304688 0.000000 1808.493652 0.000000 0.414072 0.000000 -0.910244 0.263886 0.263886 0.263886
4502.020996 0.000000 1808.820068 0.000000 0.206969 0.000000 -0.978347 0.267643 0.267643 0.267643
4501.555664 0.000000 1811.585083 0.000000 0.895528 0.000000 -0.445005 0.255714 0.255714 0.255714
4500.029785 0.000000 1811.426758 0.000000 0.676412 0.000000 -0.736524 0.260257 0.260257 0.260257
4851.456055 0.000000 1970.756958 0.000000 0.639410 0.000000 -0.768866 0.262673 0.262673 0.262673
4861.248047 0.000000 1966.470825 0.000000 0.805657 0.000000 -0.592382 0.257103 0.257103 0.257103
4863.586426 0.000000 1973.903320 0.000000 0.779159 0.000000 -0.626826 0.256110 0.256110 0.256110
4861.507812 0.000000 1970.245483 0.000000 0.856944 0.000000 -0.515410 0.258584 0.258584 0.258584
4861.125000 0.000000 1972.947998 0.000000 0.409220 0.000000 -0.912436 0.268218 0.268218 0.268218
4862.994629 0.000000 1968.092529 0.000000 0.914895 0.000000 -0.403692 0.254111 0.254111 0.254111
4856.630371 0.000000 1973.923706 0.000000 0.998409 0.000000 -0.056394 0.250625 0.250625 0.250625
4861.282227 0.000000 1964.423950 0.000000 0.242324 0.000000 -0.970195 0.264111 0.264111 0.264111
4862.913574 0.000000 1966.507324 0.000000 0.377066 0.000000 -0.926186 0.267886 0.267886 0.267886
4850.230469 0.000000 1971.425049 0.000000 0.959071 0.000000 -0.283166 0.254148 0.254148 0.254148
4860.564941 0.000000 1970.838379 0.000000 0.856495 0.000000 -0.516154 0.258598 0.258598 0.258598
4920.315430 0.000000 1900.993408 0.000000 0.691564 0.000000 -0.722315 0.257305 0.257305 0.257305
4885.502930 0.000000 1912.303589 0.000000 0.913291 0.000000 -0.407307 0.253888 0.253888 0.253888
4905.967773 0.000000 1893.802246 0.000000 0.797464 0.000000 -0.603367 0.255902 0.255902 0.255902
4902.646484 0.000000 1896.141602 0.000000 0.268515 0.000000 -0.963275 0.263498 0.263498 0.263498
4884.436035 0.000000 1906.256226 0.000000 0.361373 0.000000 -0.932421 0.261432 0.261432 0.261432
4900.550293 0.000000 1894.778442 0.000000 0.029987 0.000000 -0.999550 0.265435 0.265435 0.265435
4907.596680 0.000000 1912.525879 0.000000 0.145422 0.000000 -0.989370 0.264629 0.264629 0.264629
4913.031738 0.000000 1910.322876 0.000000 0.092655 0.000000 -0.995698 0.268542 0.268542 0.268542
4907.960938 0.000000 1886.086670 0.000000 0.762917 0.000000 -0.646497 0.257261 0.257261 0.257261
4885.917480 0.000000 1908.246582 0.000000 0.210650 0.000000 -0.977562 0.266789 0.266789 0.266789
4905.936523 0.000000 1917.080811 0.000000 0.970900 0.000000 -0.239487 0.253743 0.253743 0.253743
4906.059082 0.000000 1899.267334 0.000000 0.836461 0.000000 -0.548026 0.257584 0.257584 0.257584
4909.470215 0.000000 1911.268677 0.000000 0.942474 0.000000 -0.334279 0.255254 0.255254 0.255254
4902.014160 0.000000 1894.812988 0.000000 0.934012 0.000000 -0.357242 0.254754 0.254754 0.254754
4909.556641 0.000000 1909.627563 0.000000 0.993483 0.000000 -0.113984 0.251679 0.251679 0.251679
4913.044434 0.000000 1913.064697 0.000000 0.580873 0.000000 -0.813994 0.262554 0.262554 0.262554
4912.316895 0.000000 1905.715698 0.000000 0.495012 0.000000 -0.868886 0.264852 0.264852 0.264852
4911.731934 0.000000 1911.083130 0.000000 0.993589 0.000000 -0.113054 0.251754 0.251754 0.251754
4908.346191 0.000000 1911.624268 0.000000 0.801499 0.000000 -0.597996 0.259882 0.259882 0.259882
4912.827148 0.000000 1907.822266 0.000000 0.692697 0.000000 -0.721228 0.262444 0.262444 0.262444
4895.453613 0.000000 1937.198853 0.000000 0.717549 0.000000 -0.696508 0.256853 0.256853 0.256853
4927.958008 0.000000 1941.367798 0.000000 0.305330 0.000000 -0.952247 0.262942 0.262942 0.262942
4925.658691 0.000000 1955.784546 0.000000 0.205255 0.000000 -0.978709 0.263026 0.263026 0.263026
4925.611816 0.000000 1959.228394 0.000000 0.357286 0.000000 -0.933995 0.260759 0.260759 0.260759
4916.463867 0.000000 1935.550537 0.000000 0.107479 0.000000 -0.994207 0.263287 0.263287 0.263287
4922.631836 0.000000 1955.605225 0.000000 0.345765 0.000000 -0.938321 0.263909 0.263909 0.263909
4920.346680 0.000000 1942.669678 0.000000 0.065692 0.000000 -0.997840 0.272122 0.272122 0.272122
4892.928223 0.000000 1938.348877 0.000000 0.354629 0.000000 -0.935007 0.262142 0.262142 0.262142
4891.190918 0.000000 1948.778198 0.000000 0.297270 0.000000 -0.954794 0.263385 0.263385 0.263385
4920.096680 0.000000 1948.112671 0.000000 0.862234 0.000000 -0.506511 0.257674 0.257674 0.257674
4923.815430 0.000000 1939.188599 0.000000 0.489902 0.000000 -0.871777 0.262688 0.262688 0.262688
4924.034180 0.000000 1968.291992 0.000000 0.108815 0.000000 -0.994062 0.269935 0.269935 0.269935
4893.739258 0.000000 1941.931885 0.000000 0.377634 0.000000 -0.925955 0.264331 0.264331 0.264331
4880.098633 0.000000 1930.228271 0.000000 0.968953 0.000000 -0.247247 0.252542 0.252542 0.252542
4881.219727 0.000000 1931.927490 0.000000 0.995011 0.000000 -0.099768 0.251017 0.251017 0.251017
4925.282227 0.000000 1964.423950 0.000000 0.770983 0.000000 -0.636856 0.257196 0.257196 0.257196
4886.911621 0.000000 1961.458374 0.000000 0.479090 0.000000 -0.877766 0.262602 0.262602 0.262602
4886.604004 0.000000 1958.998413 0.000000 0.307968 0.000000 -0.951397 0.264797 0.264797 0.264797
4926.854492 0.000000 1947.052124 0.000000 0.472043 0.000000 -0.881575 0.262528 0.262528 0.262528
4874.618164 0.000000 1934.013184 0.000000 0.982870 0.000000 -0.184302 0.252048 0.252048 0.252048
4877.704590 0.000000 1933.295410 0.000000 0.852444 0.000000 -0.522818 0.256404 0.256404 0.256404
4924.771484 0.000000 1957.552856 0.000000 0.171239 0.000000 -0.985229 0.264884 0.264884 0.264884
4923.262207 0.000000 1942.604736 0.000000 0.975742 0.000000 -0.218923 0.252831 0.252831 0.252831
4924.312988 0.000000 1944.223633 0.000000 0.505315 0.000000 -0.862935 0.262995 0.262995 0.262995
4923.964844 0.000000 1971.770508 0.000000 0.416087 0.000000 -0.909325 0.262968 0.262968 0.262968
4921.001953 0.000000 1955.900757 0.000000 0.862015 0.000000 -0.506883 0.256519 0.256519 0.256519
4923.993164 0.000000 1937.012329 0.000000 0.985141 0.000000 -0.171747 0.252246 0.252246 0.252246
4876.617676 0.000000 1937.116089 0.000000 0.763208 0.000000 -0.646152 0.257936 0.257936 0.257936
4917.385254 0.000000 1951.076050 0.000000 0.473077 0.000000 -0.881021 0.264937 0.264937 0.264937
4918.362793 0.000000 1954.110474 0.000000 0.540110 0.000000 -0.841595 0.264015 0.264015 0.264015
4927.025879 0.000000 1969.833862 0.000000 0.663529 0.000000 -0.748150 0.260419 0.260419 0.260419
4884.841797 0.000000 1955.034912 0.000000 0.492234 0.000000 -0.870463 0.264766 0.264766 0.264766
4921.993164 0.000000 1957.064575 0.000000 0.911736 0.000000 -0.410777 0.255720 0.255720 0.255720
4920.379395 0.000000 1934.849487 0.000000 0.037538 0.000000 -0.999295 0.269283 0.269283 0.269283
4903.388184 0.000000 1938.529541 0.000000 0.516992 0.000000 -0.855990 0.263050 0.263050 0.263050
4901.802246 0.000000 1938.745605 0.000000 0.833669 0.000000 -0.552265 0.258691 0.258691 0.258691
4918.848633 0.000000 1942.981445 0.000000 0.891964 0.000000 -0.452106 0.256778 0.256778 0.256778
4925.587402 0.000000 1968.366577 0.000000 0.986337 0.000000 -0.164738 0.252257 0.252257 0.252257
4886.696289 0.000000 1956.783447 0.000000 0.564617 0.000000 -0.825353 0.262785 0.262785 0.262785
4916.695801 0.000000 1956.572388 0.000000 0.899541 0.000000 -0.436836 0.256264 0.256264 0.256264
4924.439453 0.000000 1969.521729 0.000000 0.445949 0.000000 -0.895058 0.265118 0.265118 0.265118
4893.854004 0.000000 1949.661133 0.000000 0.872579 0.000000 -0.488473 0.257883 0.257883 0.257883
4894.762207 0.000000 1942.637329 0.000000 0.362573 0.000000 -0.931955 0.268833 0.268833 0.268833
4926.572266 0.000000 1970.986572 0.000000 0.494031 0.000000 -0.869444 0.265460 0.265460 0.265460
4892.225586 0.000000 1948.098633 0.000000 0.612763 0.000000 -0.790266 0.264076 0.264076 0.264076
4932.032715 0.000000 1952.080322 0.000000 0.196139 0.000000 -0.980576 0.269458 0.269458 0.269458
4935.979980 0.000000 1962.604004 0.000000 0.655479 0.000000 -0.755213 0.257453 0.257453 0.257453
4930.500488 0.000000 1940.212769 0.000000 0.784982 0.000000 -0.619518 0.255504 0.255504 0.255504
4937.063965 0.000000 1950.930786 0.000000 0.184837 0.000000 -0.982769 0.261885 0.261885 0.261885
4931.505371 0.000000 1963.894897 0.000000 0.847407 0.000000 -0.530943 0.255694 0.255694 0.255694
4931.837402 0.000000 1944.030884 0.000000 0.362468 0.000000 -0.931996 0.263480 0.263480 0.263480
4934.424805 0.000000 1940.828857 0.000000 0.997247 0.000000 -0.074156 0.250887 0.250887 0.250887
4932.755371 0.000000 1948.341431 0.000000 0.787483 0.000000 -0.616336 0.257917 0.257917 0.257917
4932.957520 0.000000 1960.315796 0.000000 0.773151 0.000000 -0.634223 0.259455 0.259455 0.259455
4937.604492 0.000000 1947.923096 0.000000 0.999314 0.000000 -0.037038 0.250378 0.250378 0.250378
4928.936035 0.000000 1943.078247 0.000000 0.975296 0.000000 -0.220902 0.252857 0.252857 0.252857
4941.099609 0.000000 1940.245361 0.000000 0.987239 0.000000 -0.159245 0.251517 0.251517 0.251517
4933.141602 0.000000 1945.974976 0.000000 0.998664 0.000000 -0.051665 0.250656 0.250656 0.250656
4930.627930 0.000000 1949.175903 0.000000 0.309507 0.000000 -0.950897 0.262740 0.262740 0.262740
4930.026855 0.000000 1969.094971 0.000000 0.893376 0.000000 -0.449309 0.257387 0.257387 0.257387
4933.729492 0.000000 1962.497559 0.000000 0.339464 0.000000 -0.940619 0.262954 0.262954 0.262954
4932.248535 0.000000 1941.768677 0.000000 0.795540 0.000000 -0.605901 0.256845 0.256845 0.256845
4930.069824 0.000000 1945.290405 0.000000 0.950192 0.000000 -0.311666 0.253561 0.253561 0.253561
4931.385254 0.000000 1958.903198 0.000000 0.601813 0.000000 -0.798637 0.262471 0.262471 0.262471
4936.722168 0.000000 1952.987793 0.000000 0.663934 0.000000 -0.747791 0.259095 0.259095 0.259095
4932.166992 0.000000 1969.233276 0.000000 0.939140 0.000000 -0.343535 0.254509 0.254509 0.254509
4932.483887 0.000000 1950.217407 0.000000 0.087081 0.000000 -0.996201 0.270973 0.270973 0.270973
4938.704590 0.000000 1943.211304 0.000000 0.485669 0.000000 -0.874143 0.264174 0.264174 0.264174
4928.517090 0.000000 1970.245728 0.000000 0.101543 0.000000 -0.994831 0.273335 0.273335 0.273335
4935.784180 0.000000 1973.785156 0.000000 0.337980 0.000000 -0.941153 0.265495 0.265495 0.265495
4928.850586 0.000000 1961.033447 0.000000 0.273442 0.000000 -0.961888 0.265141 0.265141 0.265141
4936.280273 0.000000 1954.699707 0.000000 0.899069 0.000000 -0.437807 0.255077 0.255077 0.255077
4941.306641 0.000000 1945.020264 0.000000 0.722368 0.000000 -0.691508 0.259055 0.259055 0.259055
4939.377441 0.000000 1940.012329 0.000000 0.640383 0.000000 -0.768056 0.260495 0.260495 0.260495
4936.954590 0.000000 1944.186768 0.000000 0.814980 0.000000 -0.579489 0.258101 0.258101 0.258101
4933.809082 0.000000 1975.951904 0.000000 0.205616 0.000000 -0.978633 0.271576 0.271576 0.271576
4931.162109 0.000000 1972.520386 0.000000 0.594146 0.000000 -0.804357 0.264845 0.264845 0.264845
4931.329590 0.000000 1955.897095 0.000000 0.847477 0.000000 -0.530833 0.256723 0.256723 0.256723
4931.452637 0.000000 1960.441284 0.000000 0.759795 0.000000 -0.650163 0.259630 0.259630 0.259630
4932.298828 0.000000 1976.367188 0.000000 0.885994 0.000000 -0.463696 0.257117 0.257117 0.257117
4930.875977 0.000000 1953.055542 0.000000 0.449684 0.000000 -0.893188 0.265026 0.265026 0.265026
4928.926758 0.000000 1974.162476 0.000000 0.122157 0.000000 -0.992511 0.269977 0.269977 0.269977
4935.754395 0.000000 1950.435059 0.000000 0.008796 0.000000 -0.999961 0.271594 0.271594 0.271594
4930.176270 0.000000 1958.401978 0.000000 0.868370 0.000000 -0.495918 0.256995 0.256995 0.256995
4931.040527 0.000000 1968.514282 0.000000 0.997759 0.000000 -0.066914 0.251062 0.251062 0.251062
4919.638184 0.000000 1992.696533 0.000000 0.457535 0.000000 -0.889192 0.259812 0.259812 0.259812
4873.400879 0.000000 1993.072266 0.000000 0.540911 0.000000 -0.841080 0.263097 0.263097 0.263097
4872.407715 0.000000 1984.765503 0.000000 0.850937 0.000000 -0.525268 0.256040 0.256040 0.256040
4896.032227 0.000000 2013.890991 0.000000 0.150294 0.000000 -0.988641 0.262629 0.262629 0.262629
4902.889160 0.000000 2000.392700 0.000000 0.989114 0.000000 -0.147152 0.251387 0.251387 0.251387
4919.062500 0.000000 2027.970581 0.000000 0.343156 0.000000 -0.939279 0.264055 0.264055 0.264055
4896.449219 0.000000 2002.948486 0.000000 0.692195 0.000000 -0.721711 0.258026 0.258026 0.258026
4905.967773 0.000000 2006.770996 0.000000 0.362659 0.000000 -0.931922 0.260932 0.260932 0.260932
4872.667480 0.000000 1981.732300 0.000000 0.779653 0.000000 -0.626212 0.257834 0.257834 0.257834
4873.084961 0.000000 1987.770996 0.000000 0.245802 0.000000 -0.969320 0.262835 0.262835 0.262835
4919.819336 0.000000 1995.784058 0.000000 0.838984 0.000000 -0.544157 0.255225 0.255225 0.255225
4881.360840 0.000000 2023.113525 0.000000 0.886881 0.000000 -0.461998 0.254421 0.254421 0.254421
4880.186523 0.000000 1996.104370 0.000000 0.393844 0.000000 -0.919177 0.262845 0.262845 0.262845
4897.412109 0.000000 1991.910278 0.000000 0.008802 0.000000 -0.999961 0.273495 0.273495 0.273495
4878.650879 0.000000 2027.293945 0.000000 0.600944 0.000000 -0.799291 0.258844 0.258844 0.258844
4875.442871 0.000000 1994.761719 0.000000 0.722417 0.000000 -0.691458 0.261246 0.261246 0.261246
4879.870117 0.000000 2013.776001 0.000000 0.061908 0.000000 -0.998082 0.274014 0.274014 0.274014
4877.612305 0.000000 1980.081787 0.000000 0.270813 0.000000 -0.962632 0.262624 0.262624 0.262624
4870.070312 0.000000 1983.993042 0.000000 0.992023 0.000000 -0.126059 0.251298 0.251298 0.251298
4894.816895 0.000000 1991.390869 0.000000 0.309695 0.000000 -0.950836 0.262855 0.262855 0.262855
4904.179688 0.000000 2005.137817 0.000000 0.749257 0.000000 -0.662279 0.258607 0.258607 0.258607
4914.394043 0.000000 2029.074951 0.000000 0.984295 0.000000 -0.176530 0.252442 0.252442 0.252442
4921.678223 0.000000 1992.074707 0.000000 0.284163 0.000000 -0.958776 0.265171 0.265171 0.265171
4904.688965 0.000000 2001.353638 0.000000 0.116202 0.000000 -0.993226 0.271603 0.271603 0.271603
4921.007324 0.000000 2022.613647 0.000000 0.883044 0.000000 -0.469289 0.256524 0.256524 0.256524
4893.096680 0.000000 1977.349365 0.000000 0.926538 0.000000 -0.376200 0.256138 0.256138 0.256138
4874.618164 0.000000 1990.497559 0.000000 0.710280 0.000000 -0.703920 0.259358 0.259358 0.259358
4898.177734 0.000000 2003.886230 0.000000 0.934511 0.000000 -0.355934 0.254611 0.254611 0.254611
4903.260742 0.000000 1998.557129 0.000000 0.791260 0.000000 -0.611480 0.258336 0.258336 0.258336
4868.483887 0.000000 2006.701782 0.000000 0.427461 0.000000 -0.904034 0.262685 0.262685 0.262685
4916.072754 0.000000 2025.456299 0.000000 0.832609 0.000000 -0.553861 0.257657 0.257657 0.257657
4899.182129 0.000000 1983.719482 0.000000 0.848610 0.000000 -0.529019 0.257533 0.257533 0.257533
4872.993164 0.000000 1980.079834 0.000000 0.067361 0.000000 -0.997729 0.267406 0.267406 0.267406
4874.256348 0.000000 1981.183838 0.000000 0.024016 0.000000 -0.999712 0.270177 0.270177 0.270177
4875.039062 0.000000 1993.209473 0.000000 0.231868 0.000000 -0.972747 0.268606 0.268606 0.268606
4896.131348 0.000000 1982.072510 0.000000 0.743650 0.000000 -0.668569 0.258844 0.258844 0.258844
4876.917480 0.000000 1995.150269 0.000000 0.960035 0.000000 -0.279880 0.253868 0.253868 0.253868
4879.453125 0.000000 2025.928345 0.000000 0.997093 0.000000 -0.076199 0.250902 0.250902 0.250902
4926.905762 0.000000 1982.763428 0.000000 0.199367 0.000000 -0.979925 0.269326 0.269326 0.269326
4894.191406 0.000000 1979.167114 0.000000 0.064767 0.000000 -0.997900 0.273968 0.273968 0.273968
4896.240234 0.000000 1990.922974 0.000000 0.099586 0.000000 -0.995029 0.272127 0.272127 0.272127
4881.469238 0.000000 1994.691528 0.000000 0.809760 0.000000 -0.586761 0.258277 0.258277 0.258277
4927.883789 0.000000 2015.692627 0.000000 0.637705 0.000000 -0.770281 0.263144 0.263144 0.263144
4902.782227 0.000000 2004.962769 0.000000 0.986103 0.000000 -0.166136 0.252136 0.252136 0.252136
4895.069336 0.000000 1986.336304 0.000000 0.868498 0.000000 -0.495693 0.256862 0.256862 0.256862
4896.052246 0.000000 1976.975342 0.000000 0.999761 0.000000 -0.021844 0.250290 0.250290 0.250290
4897.739258 0.000000 1979.477173 0.000000 0.967134 0.000000 -0.254269 0.254092 0.254092 0.254092
4915.649902 0.000000 2029.574707 0.000000 0.288858 0.000000 -0.957372 0.267585 0.267585 0.267585
4898.757812 0.000000 1982.415161 0.000000 0.999632 0.000000 -0.027136 0.250367 0.250367 0.250367
4878.689941 0.000000 2013.297485 0.000000 0.267365 0.000000 -0.963595 0.270692 0.270692 0.270692
4874.511230 0.000000 1995.643921 0.000000 0.171152 0.000000 -0.985245 0.270604 0.270604 0.270604
4904.114258 0.000000 1979.508545 0.000000 0.843429 0.000000 -0.537240 0.258584 0.258584 0.258584
4919.883789 0.000000 2023.002197 0.000000 0.945588 0.000000 -0.325365 0.255274 0.255274 0.255274
4894.228516 0.000000 1976.964722 0.000000 0.718302 0.000000 -0.695731 0.262246 0.262246 0.262246
4895.684570 0.000000 1981.088379 0.000000 0.420622 0.000000 -0.907236 0.268091 0.268091 0.268091
4932.755371 0.000000 2004.825806 0.000000 0.769139 0.000000 -0.639081 0.256253 0.256253 0.256253
4930.069824 0.000000 2001.774780 0.000000 0.288797 0.000000 -0.957390 0.263239 0.263239 0.263239
4931.050781 0.000000 1980.347412 0.000000 0.916765 0.000000 -0.399428 0.255180 0.255180 0.255180
4928.523438 0.000000 1978.609131 0.000000 0.524157 0.000000 -0.851622 0.266028 0.266028 0.266028
4928.016113 0.000000 1985.605713 0.000000 0.996033 0.000000 -0.088988 0.251171 0.251171 0.251171
4930.209961 0.000000 1987.727905 0.000000 0.551688 0.000000 -0.834051 0.265361 0.265361 0.265361
4929.598145 0.000000 1980.518921 0.000000 0.247294 0.000000 -0.968940 0.267107 0.267107 0.267107
4933.597656 0.000000 1990.420776 0.000000 0.992927 0.000000 -0.118727 0.251590 0.251590 0.251590
4928.042480 0.000000 2010.384277 0.000000 0.760225 0.000000 -0.649659 0.260901 0.260901 0.260901
4931.798340 0.000000 2005.559204 0.000000 0.059554 0.000000 -0.998225 0.274052 0.274052 0.274052
4928.489258 0.000000 2008.375122 0.000000 0.944434 0.000000 -0.328701 0.255331 0.255331 0.255331
4929.375488 0.000000 1979.345093 0.000000 0.938247 0.000000 -0.345966 0.255556 0.255556 0.255556
4862.582031 0.000000 2048.304688 0.000000 0.539996 0.000000 -0.841667 0.260645 0.260645 0.260645
4863.273438 0.000000 2044.828613 0.000000 0.792718 0.000000 -0.609589 0.256710 0.256710 0.256710
4863.825195 0.000000 2046.690186 0.000000 0.376818 0.000000 -0.926287 0.263048 0.263048 0.263048
4863.365723 0.000000 2043.402832 0.000000 0.344386 0.000000 -0.938828 0.267045 0.267045 0.267045
4859.211426 0.000000 2119.540039 0.000000 0.381345 0.000000 -0.924433 0.261337 0.261337 0.261337
4841.322754 0.000000 2138.197510 0.000000 0.992564 0.000000 -0.121721 0.251112 0.251112 0.251112
4856.346680 0.000000 2112.122803 0.000000 0.083505 0.000000 -0.996507 0.265594 0.265594 0.265594
4855.794922 0.000000 2102.927979 0.000000 0.994794 0.000000 -0.101903 0.251061 0.251061 0.251061
4826.372559 0.000000 2142.778564 0.000000 0.826631 0.000000 -0.562745 0.258990 0.258990 0.258990
4838.524902 0.000000 2137.275391 0.000000 0.558247 0.000000 -0.829675 0.265574 0.265574 0.265574
4827.131348 0.000000 2162.527344 0.000000 0.250480 0.000000 -0.968122 0.263076 0.263076 0.263076
4824.535645 0.000000 2162.761230 0.000000 0.469199 0.000000 -0.883092 0.261519 0.261519 0.261519
4821.422363 0.000000 2170.761230 0.000000 0.744196 0.000000 -0.667962 0.257944 0.257944 0.257944
4813.704590 0.000000 2159.232910 0.000000 0.390899 0.000000 -0.920434 0.265689 0.265689 0.265689
4815.325195 0.000000 2181.414795 0.000000 0.392496 0.000000 -0.919754 0.268581 0.268581 0.268581
4811.084961 0.000000 2156.784912 0.000000 0.082756 0.000000 -0.996570 0.269595 0.269595 0.269595
4825.304688 0.000000 2147.399902 0.000000 0.120254 0.000000 -0.992743 0.270094 0.270094 0.270094
4827.877441 0.000000 2157.897217 0.000000 0.998147 0.000000 -0.060840 0.250853 0.250853 0.250853
4890.122559 0.000000 2044.245850 0.000000 0.800472 0.000000 -0.599370 0.255255 0.255255 0.255255
4889.237793 0.000000 2039.596436 0.000000 0.629304 0.000000 -0.777159 0.258139 0.258139 0.258139
4865.654297 0.000000 2047.795654 0.000000 0.040015 0.000000 -0.999199 0.265860 0.265860 0.265860
4864.517090 0.000000 2083.214600 0.000000 0.396443 0.000000 -0.918059 0.264338 0.264338 0.264338
4873.880371 0.000000 2066.956055 0.000000 0.941244 0.000000 -0.337726 0.254182 0.254182 0.254182
4874.576172 0.000000 2063.781250 0.000000 0.902101 0.000000 -0.431525 0.255862 0.255862 0.255862
4866.597656 0.000000 2046.902466 0.000000 0.960464 0.000000 -0.278406 0.254288 0.254288 0.254288
4864.213379 0.000000 2045.539185 0.000000 0.881349 0.000000 -0.472465 0.257832 0.257832 0.257832
4662.816895 0.000000 2260.625732 0.000000 0.838758 0.000000 -0.544504 0.256145 0.256145 0.256145
4658.318359 0.000000 2259.580811 0.000000 0.656181 0.000000 -0.754603 0.257631 0.257631 0.257631
4658.425293 0.000000 2261.529297 0.000000 0.884220 0.000000 -0.467071 0.255172 0.255172 0.255172
4661.097168 0.000000 2261.160400 0.000000 0.791690 0.000000 -0.610923 0.258799 0.258799 0.258799
"}
