object={
	name="bush_dry_02_generator_2_0"
	clamp_to_water_level=no
	render_under_water=no
	generated_content=yes
	layer="semidynamic_high"
	pdxmesh="tree_bush_05_mesh"
	count=253
	transform="4581.098633 0.000000 777.167847 0.000000 0.998933 0.000000 0.046175 0.249618 0.249618 0.249618
4595.759277 0.000000 822.146118 0.000000 0.469286 0.000000 0.883046 0.240914 0.240914 0.240914
4642.857422 0.000000 876.394531 0.000000 0.075920 0.000000 0.997114 0.236845 0.236845 0.236845
4644.759766 0.000000 868.641846 0.000000 0.684635 0.000000 0.728886 0.242864 0.242864 0.242864
4544.009766 0.000000 945.942505 0.000000 0.497549 0.000000 0.867436 0.241087 0.241087 0.241087
4601.460938 0.000000 903.853271 0.000000 0.422620 0.000000 0.906307 0.240123 0.240123 0.240123
4611.505371 0.000000 947.176147 0.000000 0.925480 0.000000 0.378797 0.246751 0.246751 0.246751
4609.451660 0.000000 913.142456 0.000000 0.995351 0.000000 0.096309 0.249157 0.249157 0.249157
4814.650879 0.000000 1010.575195 0.000000 0.333475 0.000000 0.942759 0.238708 0.238708 0.238708
4682.351562 0.000000 1037.597656 0.000000 0.340472 0.000000 0.940255 0.239807 0.239807 0.239807
4824.077637 0.000000 1026.115234 0.000000 0.860705 0.000000 0.509104 0.245066 0.245066 0.245066
4364.164062 0.000000 1730.040894 0.000000 0.645714 0.000000 0.763580 0.240375 0.240375 0.240375
4360.396484 0.000000 1733.311890 0.000000 0.007070 0.000000 0.999975 0.231798 0.231798 0.231798
4520.199219 0.000000 1781.861572 0.000000 0.643836 0.000000 0.765164 0.242033 0.242033 0.242033
4483.162109 0.000000 1803.067261 0.000000 0.123589 0.000000 0.992333 0.233474 0.233474 0.233474
4506.914551 0.000000 1802.719482 0.000000 0.518006 0.000000 0.855377 0.238534 0.238534 0.238534
4498.317871 0.000000 1786.258301 0.000000 0.862949 0.000000 0.505291 0.242478 0.242478 0.242478
4501.654297 0.000000 1784.928467 0.000000 0.659548 0.000000 0.751663 0.239170 0.239170 0.239170
4506.225586 0.000000 1805.308350 0.000000 0.148120 0.000000 0.988969 0.229452 0.229452 0.229452
4966.581055 0.000000 1390.749390 0.000000 0.501274 0.000000 0.865289 0.240928 0.240928 0.240928
4965.123047 0.000000 1394.786987 0.000000 0.999214 0.000000 0.039630 0.249562 0.249562 0.249562
4502.014160 0.000000 1813.034058 0.000000 0.445967 0.000000 0.895049 0.238273 0.238273 0.238273
4505.950684 0.000000 1809.480469 0.000000 0.195224 0.000000 0.980759 0.233317 0.233317 0.233317
4503.689453 0.000000 1814.835938 0.000000 0.908110 0.000000 0.418731 0.244027 0.244027 0.244027
4857.072754 0.000000 1970.585815 0.000000 0.688101 0.000000 0.725615 0.242145 0.242145 0.242145
4856.427734 0.000000 1972.339722 0.000000 0.659497 0.000000 0.751707 0.240576 0.240576 0.240576
4860.027344 0.000000 1965.351196 0.000000 0.746654 0.000000 0.665212 0.242255 0.242255 0.242255
4862.147949 0.000000 1965.423462 0.000000 0.024808 0.000000 0.999692 0.231812 0.231812 0.231812
4860.166992 0.000000 1967.049927 0.000000 0.961112 0.000000 0.276159 0.246865 0.246865 0.246865
4851.368652 0.000000 1971.954590 0.000000 0.864482 0.000000 0.502663 0.242390 0.242390 0.242390
4855.218262 0.000000 1972.605225 0.000000 0.735342 0.000000 0.677696 0.241054 0.241054 0.241054
4863.416016 0.000000 1967.275757 0.000000 0.952663 0.000000 0.304030 0.245334 0.245334 0.245334
4861.234863 0.000000 1969.163696 0.000000 0.638220 0.000000 0.769854 0.237086 0.237086 0.237086
4861.895020 0.000000 1972.551636 0.000000 0.146305 0.000000 0.989240 0.227426 0.227426 0.227426
4860.310547 0.000000 1972.551880 0.000000 0.818203 0.000000 0.574930 0.240290 0.240290 0.240290
4863.655273 0.000000 1966.065186 0.000000 0.949214 0.000000 0.314632 0.245166 0.245166 0.245166
4891.739258 0.000000 1907.607788 0.000000 0.949586 0.000000 0.313506 0.246895 0.246895 0.246895
4907.954590 0.000000 1887.690430 0.000000 0.830720 0.000000 0.556691 0.243902 0.243902 0.243902
4923.962402 0.000000 1902.932739 0.000000 0.998140 0.000000 0.060956 0.249298 0.249298 0.249298
4907.248047 0.000000 1911.181396 0.000000 0.767596 0.000000 0.640934 0.242748 0.242748 0.242748
4911.816406 0.000000 1909.772705 0.000000 0.997002 0.000000 0.077375 0.249132 0.249132 0.249132
4912.927734 0.000000 1909.000366 0.000000 0.024615 0.000000 0.999697 0.232437 0.232437 0.232437
4891.430664 0.000000 1904.619019 0.000000 0.792402 0.000000 0.610000 0.242752 0.242752 0.242752
4912.896973 0.000000 1911.594849 0.000000 0.106312 0.000000 0.994333 0.231630 0.231630 0.231630
4911.887207 0.000000 1913.774048 0.000000 0.997922 0.000000 0.064440 0.249167 0.249167 0.249167
4910.873535 0.000000 1913.085815 0.000000 0.989019 0.000000 0.147790 0.248084 0.248084 0.248084
4903.513672 0.000000 1918.626465 0.000000 0.318038 0.000000 0.948078 0.234783 0.234783 0.234783
4884.580078 0.000000 1911.581543 0.000000 0.797623 0.000000 0.603157 0.241777 0.241777 0.241777
4903.150391 0.000000 1917.363525 0.000000 0.668942 0.000000 0.743315 0.238206 0.238206 0.238206
4912.564941 0.000000 1898.577393 0.000000 0.364057 0.000000 0.931377 0.234034 0.234034 0.234034
4889.886230 0.000000 1906.056763 0.000000 0.031713 0.000000 0.999497 0.231028 0.231028 0.231028
4903.180176 0.000000 1894.408691 0.000000 0.266556 0.000000 0.963820 0.233070 0.233070 0.233070
4912.086914 0.000000 1899.665894 0.000000 0.994486 0.000000 0.104870 0.248600 0.248600 0.248600
4888.446289 0.000000 1907.323608 0.000000 0.136343 0.000000 0.990662 0.232323 0.232323 0.232323
4916.024414 0.000000 1904.304321 0.000000 0.986585 0.000000 0.163251 0.247989 0.247989 0.247989
4906.594238 0.000000 1894.572876 0.000000 0.822477 0.000000 0.568799 0.241315 0.241315 0.241315
4910.308594 0.000000 1905.121704 0.000000 0.818457 0.000000 0.574568 0.241538 0.241538 0.241538
4905.783691 0.000000 1916.213135 0.000000 0.555032 0.000000 0.831829 0.234794 0.234794 0.234794
4905.793945 0.000000 1896.158081 0.000000 0.022571 0.000000 0.999745 0.227147 0.227147 0.227147
4909.224609 0.000000 1910.375977 0.000000 0.066502 0.000000 0.997786 0.226810 0.226810 0.226810
4918.158691 0.000000 1952.528564 0.000000 0.444328 0.000000 0.895864 0.240298 0.240298 0.240298
4890.245605 0.000000 1938.980591 0.000000 0.593096 0.000000 0.805131 0.241238 0.241238 0.241238
4921.129395 0.000000 1959.287354 0.000000 0.891405 0.000000 0.453207 0.245347 0.245347 0.245347
4926.383301 0.000000 1941.635254 0.000000 0.449683 0.000000 0.893188 0.238661 0.238661 0.238661
4893.380859 0.000000 1939.866455 0.000000 0.371809 0.000000 0.928309 0.238044 0.238044 0.238044
4924.027344 0.000000 1965.351196 0.000000 0.980615 0.000000 0.195947 0.247944 0.247944 0.247944
4899.500488 0.000000 1948.053345 0.000000 0.639147 0.000000 0.769085 0.240855 0.240855 0.240855
4923.962402 0.000000 1959.417114 0.000000 0.959435 0.000000 0.281931 0.247039 0.247039 0.247039
4896.868164 0.000000 1936.840210 0.000000 0.565463 0.000000 0.824774 0.240043 0.240043 0.240043
4918.908203 0.000000 1932.342773 0.000000 0.847030 0.000000 0.531545 0.244176 0.244176 0.244176
4864.421387 0.000000 1963.991943 0.000000 0.944291 0.000000 0.329112 0.246316 0.246316 0.246316
4878.755859 0.000000 1929.916870 0.000000 0.496436 0.000000 0.868073 0.236778 0.236778 0.236778
4919.777832 0.000000 1949.403809 0.000000 0.324405 0.000000 0.945918 0.234942 0.234942 0.234942
4890.696777 0.000000 1940.214844 0.000000 0.871510 0.000000 0.490377 0.244258 0.244258 0.244258
4887.285645 0.000000 1960.179199 0.000000 0.995051 0.000000 0.099361 0.248829 0.248829 0.248829
4926.281738 0.000000 1973.536255 0.000000 0.632970 0.000000 0.774176 0.238561 0.238561 0.238561
4922.116699 0.000000 1969.784912 0.000000 0.845276 0.000000 0.534329 0.242488 0.242488 0.242488
4887.843750 0.000000 1958.808960 0.000000 0.760735 0.000000 0.649062 0.241690 0.241690 0.241690
4926.477051 0.000000 1945.875000 0.000000 0.359448 0.000000 0.933165 0.233480 0.233480 0.233480
4924.166992 0.000000 1967.049927 0.000000 0.707760 0.000000 0.706453 0.239473 0.239473 0.239473
4878.511719 0.000000 1931.103149 0.000000 0.980818 0.000000 0.194926 0.247784 0.247784 0.247784
4895.371094 0.000000 1975.530029 0.000000 0.596207 0.000000 0.802831 0.237406 0.237406 0.237406
4922.917480 0.000000 1967.715332 0.000000 0.051619 0.000000 0.998667 0.230183 0.230183 0.230183
4923.012207 0.000000 1968.895508 0.000000 0.839243 0.000000 0.543756 0.242339 0.242339 0.242339
4919.966309 0.000000 1956.364502 0.000000 0.782618 0.000000 0.622502 0.240291 0.240291 0.240291
4924.564941 0.000000 1970.838379 0.000000 0.996773 0.000000 0.080270 0.249007 0.249007 0.249007
4879.758301 0.000000 1929.153809 0.000000 0.996943 0.000000 0.078130 0.249016 0.249016 0.249016
4885.654297 0.000000 1954.381592 0.000000 0.512936 0.000000 0.858427 0.235569 0.235569 0.235569
4923.427246 0.000000 1943.653687 0.000000 0.919198 0.000000 0.393797 0.244809 0.244809 0.244809
4920.633789 0.000000 1935.865845 0.000000 0.629330 0.000000 0.777138 0.238806 0.238806 0.238806
4927.583984 0.000000 1972.763794 0.000000 0.672371 0.000000 0.740214 0.239233 0.239233 0.239233
4921.850098 0.000000 1948.058350 0.000000 0.255440 0.000000 0.966825 0.231036 0.231036 0.231036
4893.353516 0.000000 1975.403076 0.000000 0.942783 0.000000 0.333408 0.245343 0.245343 0.245343
4917.687012 0.000000 1956.497803 0.000000 0.427437 0.000000 0.904045 0.234355 0.234355 0.234355
4892.714355 0.000000 1943.089722 0.000000 0.513324 0.000000 0.858195 0.235769 0.235769 0.235769
4895.888672 0.000000 1976.621704 0.000000 0.157290 0.000000 0.987553 0.227514 0.227514 0.227514
4892.763184 0.000000 1947.212769 0.000000 0.255048 0.000000 0.966928 0.229514 0.229514 0.229514
4900.287109 0.000000 1939.903564 0.000000 0.437753 0.000000 0.899095 0.233397 0.233397 0.233397
4900.006348 0.000000 1938.101196 0.000000 0.567439 0.000000 0.823415 0.235630 0.235630 0.235630
4920.991699 0.000000 1948.042236 0.000000 0.014523 0.000000 0.999895 0.227514 0.227514 0.227514
4927.283691 0.000000 1971.596802 0.000000 0.464357 0.000000 0.885648 0.234044 0.234044 0.234044
4895.615234 0.000000 1942.748291 0.000000 0.998208 0.000000 0.059844 0.249060 0.249060 0.249060
4928.163086 0.000000 1955.215332 0.000000 0.998520 0.000000 0.054381 0.249550 0.249550 0.249550
4935.143066 0.000000 1947.853271 0.000000 0.286575 0.000000 0.958058 0.238055 0.238055 0.238055
4929.042969 0.000000 1952.969849 0.000000 0.569777 0.000000 0.821800 0.241331 0.241331 0.241331
4934.953125 0.000000 1956.078979 0.000000 0.982363 0.000000 0.186982 0.248233 0.248233 0.248233
4928.597656 0.000000 1940.936035 0.000000 0.993860 0.000000 0.110647 0.248945 0.248945 0.248945
4929.843750 0.000000 1966.848389 0.000000 0.138922 0.000000 0.990303 0.235304 0.235304 0.235304
4936.953125 0.000000 1946.399414 0.000000 0.377141 0.000000 0.926156 0.237917 0.237917 0.237917
4937.880371 0.000000 1953.987305 0.000000 0.541547 0.000000 0.840671 0.239250 0.239250 0.239250
4940.904785 0.000000 1947.951172 0.000000 0.995389 0.000000 0.095918 0.248879 0.248879 0.248879
4933.933594 0.000000 1961.305420 0.000000 0.458381 0.000000 0.888756 0.234936 0.234936 0.234936
4939.572266 0.000000 1946.047607 0.000000 0.080616 0.000000 0.996745 0.230888 0.230888 0.230888
4931.149902 0.000000 1966.262085 0.000000 0.578625 0.000000 0.815594 0.238720 0.238720 0.238720
4935.807129 0.000000 1953.670410 0.000000 0.990140 0.000000 0.140081 0.248022 0.248022 0.248022
4928.361816 0.000000 1942.104736 0.000000 0.986105 0.000000 0.166125 0.247859 0.247859 0.247859
4938.092773 0.000000 1940.255249 0.000000 0.979970 0.000000 0.199146 0.247597 0.247597 0.247597
4933.747070 0.000000 1953.439697 0.000000 0.963545 0.000000 0.267545 0.246163 0.246163 0.246163
4931.692383 0.000000 1953.769775 0.000000 0.105569 0.000000 0.994412 0.230067 0.230067 0.230067
4929.144043 0.000000 1945.922974 0.000000 0.478907 0.000000 0.877866 0.235322 0.235322 0.235322
4935.583496 0.000000 1972.722046 0.000000 0.133359 0.000000 0.991068 0.231838 0.231838 0.231838
4929.148926 0.000000 1944.617920 0.000000 0.863554 0.000000 0.504256 0.242759 0.242759 0.242759
4935.241211 0.000000 1954.998291 0.000000 0.867979 0.000000 0.496600 0.242994 0.242994 0.242994
4930.037109 0.000000 1950.695190 0.000000 0.980138 0.000000 0.198315 0.247408 0.247408 0.247408
4928.040039 0.000000 1973.627686 0.000000 0.832975 0.000000 0.553311 0.240687 0.240687 0.240687
4939.583496 0.000000 1947.055176 0.000000 0.937859 0.000000 0.347017 0.245455 0.245455 0.245455
4933.709473 0.000000 1973.298218 0.000000 0.944299 0.000000 0.329089 0.245280 0.245280 0.245280
4938.930176 0.000000 1942.191406 0.000000 0.603368 0.000000 0.797463 0.237700 0.237700 0.237700
4932.888184 0.000000 1961.401855 0.000000 0.293364 0.000000 0.956001 0.232480 0.232480 0.232480
4929.178711 0.000000 1969.508179 0.000000 0.394011 0.000000 0.919106 0.231555 0.231555 0.231555
4931.472656 0.000000 1961.361938 0.000000 0.493627 0.000000 0.869674 0.235652 0.235652 0.235652
4936.997559 0.000000 1943.271973 0.000000 0.805743 0.000000 0.592265 0.240525 0.240525 0.240525
4928.029297 0.000000 1972.034180 0.000000 0.678540 0.000000 0.734563 0.236895 0.236895 0.236895
4932.928223 0.000000 1952.231689 0.000000 0.016929 0.000000 0.999857 0.227985 0.227985 0.227985
4932.944824 0.000000 1975.752930 0.000000 0.437249 0.000000 0.899341 0.232307 0.232307 0.232307
4929.211914 0.000000 1972.139282 0.000000 0.912342 0.000000 0.409429 0.243300 0.243300 0.243300
4930.305176 0.000000 1974.772095 0.000000 0.489481 0.000000 0.872014 0.234661 0.234661 0.234661
4936.206543 0.000000 1943.598999 0.000000 0.688808 0.000000 0.724944 0.237878 0.237878 0.237878
4930.894043 0.000000 1973.328979 0.000000 0.601008 0.000000 0.799243 0.235291 0.235291 0.235291
4931.833008 0.000000 1973.082153 0.000000 0.332227 0.000000 0.943199 0.230428 0.230428 0.230428
4930.395996 0.000000 1970.835205 0.000000 0.776195 0.000000 0.630493 0.239185 0.239185 0.239185
4933.162109 0.000000 1970.939819 0.000000 0.801616 0.000000 0.597839 0.240181 0.240181 0.240181
4889.916992 0.000000 2021.719360 0.000000 0.357940 0.000000 0.933744 0.239548 0.239548 0.239548
4893.422852 0.000000 2015.505005 0.000000 0.584594 0.000000 0.811326 0.241553 0.241553 0.241553
4872.614258 0.000000 1990.481934 0.000000 0.995545 0.000000 0.094288 0.249145 0.249145 0.249145
4900.916016 0.000000 2005.015503 0.000000 0.777588 0.000000 0.628775 0.243295 0.243295 0.243295
4904.199219 0.000000 2007.799072 0.000000 0.760958 0.000000 0.648801 0.243567 0.243567 0.243567
4871.620605 0.000000 1983.182373 0.000000 0.254626 0.000000 0.967040 0.236516 0.236516 0.236516
4904.687988 0.000000 1999.453735 0.000000 0.740285 0.000000 0.672293 0.241878 0.241878 0.241878
4880.425781 0.000000 2027.656128 0.000000 0.141450 0.000000 0.989945 0.234126 0.234126 0.234126
4880.278320 0.000000 1997.672363 0.000000 0.870716 0.000000 0.491786 0.244336 0.244336 0.244336
4882.010742 0.000000 2027.486206 0.000000 0.390572 0.000000 0.920572 0.237007 0.237007 0.237007
4896.868164 0.000000 1993.324585 0.000000 0.631253 0.000000 0.775577 0.240776 0.240776 0.240776
4871.015137 0.000000 1985.175171 0.000000 0.821903 0.000000 0.569627 0.243702 0.243702 0.243702
4926.208984 0.000000 2013.613770 0.000000 0.751566 0.000000 0.659658 0.242402 0.242402 0.242402
4867.093750 0.000000 2007.023071 0.000000 0.446320 0.000000 0.894873 0.237308 0.237308 0.237308
4916.601074 0.000000 2027.890747 0.000000 0.815347 0.000000 0.578973 0.243314 0.243314 0.243314
4877.796875 0.000000 2015.965942 0.000000 0.019769 0.000000 0.999805 0.230591 0.230591 0.230591
4891.970215 0.000000 1977.935303 0.000000 0.997746 0.000000 0.067102 0.249248 0.249248 0.249248
4921.099121 0.000000 2023.955200 0.000000 0.999645 0.000000 0.026626 0.249644 0.249644 0.249644
4908.736816 0.000000 1979.775146 0.000000 0.653814 0.000000 0.756656 0.238297 0.238297 0.238297
4922.750488 0.000000 1991.440552 0.000000 0.914025 0.000000 0.405659 0.245268 0.245268 0.245268
4880.512207 0.000000 2012.698486 0.000000 0.420804 0.000000 0.907152 0.236913 0.236913 0.236913
4905.341797 0.000000 2005.603027 0.000000 0.924183 0.000000 0.381950 0.245340 0.245340 0.245340
4920.311035 0.000000 2021.605225 0.000000 0.372756 0.000000 0.927930 0.233788 0.233788 0.233788
4874.865723 0.000000 1992.043945 0.000000 0.982430 0.000000 0.186633 0.247387 0.247387 0.247387
4909.104004 0.000000 1978.407593 0.000000 0.986939 0.000000 0.161094 0.247793 0.247793 0.247793
4919.038086 0.000000 2024.953247 0.000000 0.975741 0.000000 0.218929 0.247266 0.247266 0.247266
4905.081055 0.000000 2004.470459 0.000000 0.471593 0.000000 0.881816 0.237163 0.237163 0.237163
4926.400879 0.000000 2016.503784 0.000000 0.946277 0.000000 0.323356 0.246106 0.246106 0.246106
4926.358398 0.000000 1983.824829 0.000000 0.813459 0.000000 0.581622 0.241244 0.241244 0.241244
4905.191895 0.000000 1979.399170 0.000000 0.514082 0.000000 0.857741 0.234398 0.234398 0.234398
4915.127441 0.000000 2025.994507 0.000000 0.998550 0.000000 0.053827 0.249314 0.249314 0.249314
4921.960449 0.000000 2023.180908 0.000000 0.429396 0.000000 0.903117 0.234948 0.234948 0.234948
4907.303711 0.000000 1979.513306 0.000000 0.970638 0.000000 0.240547 0.246407 0.246407 0.246407
4898.564453 0.000000 2002.932983 0.000000 0.974113 0.000000 0.226064 0.247111 0.247111 0.247111
4875.088379 0.000000 1989.551270 0.000000 0.647072 0.000000 0.762429 0.238771 0.238771 0.238771
4895.628906 0.000000 1980.083984 0.000000 0.724068 0.000000 0.689729 0.237886 0.237886 0.237886
4894.329102 0.000000 1981.458374 0.000000 0.411572 0.000000 0.911377 0.231751 0.231751 0.231751
4878.073242 0.000000 1996.507202 0.000000 0.423204 0.000000 0.906035 0.235068 0.235068 0.235068
4927.976562 0.000000 1982.947021 0.000000 0.789493 0.000000 0.613760 0.240679 0.240679 0.240679
4917.367188 0.000000 2023.242798 0.000000 0.877452 0.000000 0.479664 0.242459 0.242459 0.242459
4892.227539 0.000000 1976.995728 0.000000 0.852556 0.000000 0.522636 0.241247 0.241247 0.241247
4896.790527 0.000000 1981.277100 0.000000 0.063296 0.000000 0.997995 0.226008 0.226008 0.226008
4877.274414 0.000000 1994.293457 0.000000 0.953700 0.000000 0.300759 0.245834 0.245834 0.245834
4905.785645 0.000000 2001.209106 0.000000 0.732963 0.000000 0.680269 0.238887 0.238887 0.238887
4892.175293 0.000000 1978.858887 0.000000 0.141288 0.000000 0.989969 0.228549 0.228549 0.228549
4919.162598 0.000000 2023.568726 0.000000 0.378905 0.000000 0.925436 0.231185 0.231185 0.231185
4878.467773 0.000000 2012.435059 0.000000 0.901044 0.000000 0.433727 0.242860 0.242860 0.242860
4896.800781 0.000000 1990.252563 0.000000 0.807822 0.000000 0.589427 0.240518 0.240518 0.240518
4879.551758 0.000000 2012.941528 0.000000 0.968128 0.000000 0.250455 0.245971 0.245971 0.245971
4894.864258 0.000000 1979.706665 0.000000 0.305252 0.000000 0.952272 0.229937 0.229937 0.229937
4874.729492 0.000000 1994.303101 0.000000 0.222706 0.000000 0.974886 0.230171 0.230171 0.230171
4926.679688 0.000000 2014.325806 0.000000 0.366360 0.000000 0.930473 0.232127 0.232127 0.232127
4932.035156 0.000000 1983.172852 0.000000 0.200103 0.000000 0.979775 0.236710 0.236710 0.236710
4931.329590 0.000000 2012.381470 0.000000 0.133309 0.000000 0.991075 0.235649 0.235649 0.235649
4929.657715 0.000000 1977.456909 0.000000 0.492459 0.000000 0.870336 0.238039 0.238039 0.238039
4930.009277 0.000000 1998.001831 0.000000 0.943623 0.000000 0.331022 0.246115 0.246115 0.246115
4929.219727 0.000000 1984.971680 0.000000 0.806775 0.000000 0.590859 0.241695 0.241695 0.241695
4934.218750 0.000000 1996.027222 0.000000 0.989546 0.000000 0.144215 0.248081 0.248081 0.248081
4933.575684 0.000000 1998.301636 0.000000 0.731703 0.000000 0.681624 0.241411 0.241411 0.241411
4930.732422 0.000000 1985.166748 0.000000 0.806406 0.000000 0.591362 0.241726 0.241726 0.241726
4930.034668 0.000000 2003.038818 0.000000 0.621513 0.000000 0.783404 0.238792 0.238792 0.238792
4931.510254 0.000000 1984.227173 0.000000 0.970337 0.000000 0.241755 0.246807 0.246807 0.246807
4931.692383 0.000000 2010.254150 0.000000 0.570556 0.000000 0.821259 0.235566 0.235566 0.235566
4933.937500 0.000000 1977.453003 0.000000 0.929314 0.000000 0.369289 0.244417 0.244417 0.244417
4930.595215 0.000000 2004.589355 0.000000 0.601145 0.000000 0.799140 0.235264 0.235264 0.235264
4930.037109 0.000000 2007.179565 0.000000 0.923384 0.000000 0.383877 0.243840 0.243840 0.243840
4928.148438 0.000000 2006.477051 0.000000 0.999477 0.000000 0.032350 0.249563 0.249563 0.249563
4929.302734 0.000000 1981.506348 0.000000 0.139625 0.000000 0.990204 0.231471 0.231471 0.231471
4933.411133 0.000000 1988.732910 0.000000 0.992759 0.000000 0.120119 0.248095 0.248095 0.248095
4929.423828 0.000000 1978.387329 0.000000 0.309885 0.000000 0.950774 0.230250 0.230250 0.230250
4930.586426 0.000000 2011.835693 0.000000 0.800374 0.000000 0.599501 0.240370 0.240370 0.240370
4932.478516 0.000000 2001.865356 0.000000 0.949447 0.000000 0.313927 0.245306 0.245306 0.245306
4933.199219 0.000000 2000.273926 0.000000 0.619826 0.000000 0.784739 0.236738 0.236738 0.236738
4930.186523 0.000000 1986.818604 0.000000 0.916912 0.000000 0.399089 0.243607 0.243607 0.243607
4931.832031 0.000000 1987.004272 0.000000 0.814648 0.000000 0.579956 0.240366 0.240366 0.240366
4932.643066 0.000000 1988.330811 0.000000 0.033788 0.000000 0.999429 0.225682 0.225682 0.225682
4933.510742 0.000000 1989.586304 0.000000 0.960905 0.000000 0.276878 0.245561 0.245561 0.245561
4930.038574 0.000000 2011.168945 0.000000 0.922308 0.000000 0.386457 0.244056 0.244056 0.244056
4931.840820 0.000000 1986.118530 0.000000 0.651415 0.000000 0.758721 0.236587 0.236587 0.236587
4929.046387 0.000000 2011.590942 0.000000 0.994585 0.000000 0.103929 0.248395 0.248395 0.248395
4931.168457 0.000000 2005.101685 0.000000 0.073878 0.000000 0.997267 0.226177 0.226177 0.226177
4863.976562 0.000000 2084.052979 0.000000 0.218645 0.000000 0.975805 0.237484 0.237484 0.237484
4861.251953 0.000000 2040.252075 0.000000 0.949033 0.000000 0.315177 0.247168 0.247168 0.247168
4862.281738 0.000000 2086.505127 0.000000 0.201288 0.000000 0.979532 0.234032 0.234032 0.234032
4860.196777 0.000000 2043.207397 0.000000 0.247503 0.000000 0.968887 0.233597 0.233597 0.233597
4862.436523 0.000000 2043.959717 0.000000 0.344894 0.000000 0.938642 0.232962 0.232962 0.232962
4827.595215 0.000000 2140.445557 0.000000 0.016670 0.000000 0.999861 0.236566 0.236566 0.236566
4857.728516 0.000000 2115.316650 0.000000 0.993903 0.000000 0.110260 0.248831 0.248831 0.248831
4859.955078 0.000000 2120.977051 0.000000 0.618891 0.000000 0.785477 0.240752 0.240752 0.240752
4856.379395 0.000000 2104.302734 0.000000 0.467803 0.000000 0.883833 0.238228 0.238228 0.238228
4835.590332 0.000000 2135.810059 0.000000 0.713279 0.000000 0.700880 0.239942 0.239942 0.239942
4825.752441 0.000000 2146.299072 0.000000 0.214008 0.000000 0.976832 0.231224 0.231224 0.231224
4814.686523 0.000000 2160.997803 0.000000 0.282088 0.000000 0.959389 0.238773 0.238773 0.238773
4826.245605 0.000000 2164.918213 0.000000 0.740474 0.000000 0.672085 0.243100 0.243100 0.243100
4825.909180 0.000000 2163.492432 0.000000 0.827628 0.000000 0.561278 0.243658 0.243658 0.243658
4816.272461 0.000000 2180.961670 0.000000 0.999973 0.000000 0.007393 0.249895 0.249895 0.249895
4825.756836 0.000000 2146.551514 0.000000 0.974350 0.000000 0.225037 0.246855 0.246855 0.246855
4814.467773 0.000000 2181.888184 0.000000 0.932200 0.000000 0.361944 0.244106 0.244106 0.244106
4865.451660 0.000000 2042.829956 0.000000 0.711122 0.000000 0.703069 0.243260 0.243260 0.243260
4869.351074 0.000000 2071.563477 0.000000 0.930311 0.000000 0.366771 0.246426 0.246426 0.246426
4864.328125 0.000000 2081.905762 0.000000 0.931174 0.000000 0.364576 0.245912 0.245912 0.245912
4874.479980 0.000000 2061.587158 0.000000 0.998366 0.000000 0.057151 0.249295 0.249295 0.249295
4872.698730 0.000000 2064.902344 0.000000 0.475562 0.000000 0.879682 0.235807 0.235807 0.235807
4866.627930 0.000000 2047.984497 0.000000 0.898270 0.000000 0.439444 0.243085 0.243085 0.243085
4867.781738 0.000000 2046.279175 0.000000 0.242372 0.000000 0.970183 0.229848 0.229848 0.229848
4866.182129 0.000000 2046.113159 0.000000 0.219318 0.000000 0.975654 0.229488 0.229488 0.229488
4865.429688 0.000000 2044.730469 0.000000 0.890910 0.000000 0.454180 0.242497 0.242497 0.242497
4663.848633 0.000000 2259.437988 0.000000 0.923076 0.000000 0.384618 0.246070 0.246070 0.246070
4659.663574 0.000000 2260.543457 0.000000 0.984213 0.000000 0.176986 0.248107 0.248107 0.248107
4662.252441 0.000000 2261.929688 0.000000 0.998153 0.000000 0.060747 0.249351 0.249351 0.249351
4661.817871 0.000000 2260.425537 0.000000 0.352297 0.000000 0.935888 0.233791 0.233791 0.233791
"}
object={
	name="bush_dry_02_generator_2_1"
	clamp_to_water_level=no
	render_under_water=no
	generated_content=yes
	layer="semidynamic_high"
	pdxmesh="tree_bush_06_mesh"
	count=255
	transform="4578.015137 0.000000 811.276794 0.000000 0.042692 0.000000 -0.999088 0.262828 0.262828 0.262828
4603.981445 0.000000 846.000488 0.000000 0.972543 0.000000 -0.232722 0.252008 0.252008 0.252008
4602.385254 0.000000 849.857666 0.000000 0.677273 0.000000 -0.735732 0.257095 0.257095 0.257095
4564.994629 0.000000 849.818298 0.000000 0.017631 0.000000 -0.999845 0.263523 0.263523 0.263523
4601.384766 0.000000 903.517395 0.000000 0.979930 0.000000 -0.199342 0.251747 0.251747 0.251747
4577.412109 0.000000 862.222717 0.000000 0.995913 0.000000 -0.090317 0.250787 0.250787 0.250787
4617.604492 0.000000 874.720032 0.000000 0.196402 0.000000 -0.980524 0.262041 0.262041 0.262041
4618.329590 0.000000 871.970215 0.000000 0.988760 0.000000 -0.149515 0.251311 0.251311 0.251311
4528.587891 0.000000 924.003235 0.000000 0.126783 0.000000 -0.991931 0.263155 0.263155 0.263155
4364.607910 0.000000 1731.466919 0.000000 0.958405 0.000000 -0.285413 0.253207 0.253207 0.253207
4527.917480 0.000000 1787.797607 0.000000 0.990780 0.000000 -0.135483 0.251171 0.251171 0.251171
4506.372559 0.000000 1803.872437 0.000000 0.995112 0.000000 -0.098751 0.251105 0.251105 0.251105
4498.823242 0.000000 1787.154175 0.000000 0.208676 0.000000 -0.977985 0.269319 0.269319 0.269319
4482.305176 0.000000 1805.318970 0.000000 0.782920 0.000000 -0.622122 0.259723 0.259723 0.259723
4967.147461 0.000000 1392.528320 0.000000 0.094447 0.000000 -0.995530 0.263820 0.263820 0.263820
4503.673828 0.000000 1813.456177 0.000000 0.968294 0.000000 -0.249813 0.252671 0.252671 0.252671
4504.231445 0.000000 1809.178345 0.000000 0.911504 0.000000 -0.411291 0.255146 0.255146 0.255146
4504.312988 0.000000 1810.929077 0.000000 0.961347 0.000000 -0.275341 0.253308 0.253308 0.253308
4503.045898 0.000000 1809.133911 0.000000 0.761112 0.000000 -0.648620 0.259140 0.259140 0.259140
4503.759277 0.000000 1815.918945 0.000000 0.981300 0.000000 -0.192484 0.252678 0.252678 0.252678
4860.995605 0.000000 1973.874512 0.000000 0.532413 0.000000 -0.846485 0.266001 0.266001 0.266001
4862.096680 0.000000 1966.286255 0.000000 0.414031 0.000000 -0.910263 0.267278 0.267278 0.267278
4860.342773 0.000000 1973.350342 0.000000 0.046241 0.000000 -0.998930 0.274169 0.274169 0.274169
4917.789062 0.000000 1907.428101 0.000000 0.984540 0.000000 -0.175162 0.251593 0.251593 0.251593
4904.179688 0.000000 1892.169067 0.000000 0.999138 0.000000 -0.041507 0.250378 0.250378 0.250378
4888.887695 0.000000 1905.584595 0.000000 0.466005 0.000000 -0.884782 0.260134 0.260134 0.260134
4904.199219 0.000000 1894.830322 0.000000 0.954285 0.000000 -0.298898 0.252842 0.252842 0.252842
4887.416992 0.000000 1911.917114 0.000000 0.868266 0.000000 -0.496099 0.255151 0.255151 0.255151
4904.567383 0.000000 1898.667725 0.000000 0.999854 0.000000 -0.017069 0.250161 0.250161 0.250161
4917.635254 0.000000 1902.506958 0.000000 0.254727 0.000000 -0.967013 0.264057 0.264057 0.264057
4886.889648 0.000000 1913.246338 0.000000 0.539365 0.000000 -0.842072 0.260403 0.260403 0.260403
4914.478027 0.000000 1905.860107 0.000000 0.933239 0.000000 -0.359255 0.254576 0.254576 0.254576
4922.406250 0.000000 1903.064697 0.000000 0.374336 0.000000 -0.927293 0.263670 0.263670 0.263670
4915.748047 0.000000 1905.439697 0.000000 0.999051 0.000000 -0.043554 0.250542 0.250542 0.250542
4908.134277 0.000000 1898.965698 0.000000 0.208194 0.000000 -0.978088 0.265588 0.265588 0.265588
4910.644531 0.000000 1908.980591 0.000000 0.785191 0.000000 -0.619253 0.257481 0.257481 0.257481
4913.638184 0.000000 1905.072998 0.000000 0.144435 0.000000 -0.989514 0.270112 0.270112 0.270112
4906.742676 0.000000 1888.174072 0.000000 0.996070 0.000000 -0.088573 0.251201 0.251201 0.251201
4904.466309 0.000000 1897.521851 0.000000 0.964362 0.000000 -0.264585 0.253953 0.253953 0.253953
4905.375000 0.000000 1918.027344 0.000000 0.860907 0.000000 -0.508762 0.257862 0.257862 0.257862
4903.486328 0.000000 1892.971558 0.000000 0.280570 0.000000 -0.959834 0.269711 0.269711 0.269711
4907.103516 0.000000 1899.257324 0.000000 0.916811 0.000000 -0.399321 0.255371 0.255371 0.255371
4880.360840 0.000000 1910.528931 0.000000 0.998589 0.000000 -0.053108 0.250688 0.250688 0.250688
4886.346191 0.000000 1907.249390 0.000000 0.610286 0.000000 -0.792181 0.261499 0.261499 0.261499
4903.420898 0.000000 1895.488037 0.000000 0.913906 0.000000 -0.405925 0.255439 0.255439 0.255439
4904.988770 0.000000 1916.691772 0.000000 0.291393 0.000000 -0.956603 0.269737 0.269737 0.269737
4910.263184 0.000000 1898.362305 0.000000 0.037612 0.000000 -0.999292 0.272679 0.272679 0.272679
4905.803711 0.000000 1919.786377 0.000000 0.494163 0.000000 -0.869369 0.265524 0.265524 0.265524
4913.754395 0.000000 1907.766724 0.000000 0.647918 0.000000 -0.761710 0.263377 0.263377 0.263377
4907.233398 0.000000 1895.785278 0.000000 0.595831 0.000000 -0.803109 0.263386 0.263386 0.263386
4917.566895 0.000000 1932.931030 0.000000 0.274241 0.000000 -0.961661 0.261742 0.261742 0.261742
4925.638184 0.000000 1940.192017 0.000000 0.082779 0.000000 -0.996568 0.262955 0.262955 0.262955
4890.529785 0.000000 1975.875610 0.000000 0.875194 0.000000 -0.483772 0.255216 0.255216 0.255216
4924.180664 0.000000 1954.571289 0.000000 0.043998 0.000000 -0.999032 0.264580 0.264580 0.264580
4921.814453 0.000000 1939.311157 0.000000 0.870242 0.000000 -0.492625 0.255417 0.255417 0.255417
4920.654297 0.000000 1937.681641 0.000000 0.906205 0.000000 -0.422839 0.254401 0.254401 0.254401
4919.822754 0.000000 1951.761963 0.000000 0.418079 0.000000 -0.908410 0.262161 0.262161 0.262161
4926.913574 0.000000 1966.507324 0.000000 0.131361 0.000000 -0.991335 0.265359 0.265359 0.265359
4924.112793 0.000000 1956.143799 0.000000 0.326037 0.000000 -0.945357 0.263182 0.263182 0.263182
4891.159668 0.000000 1974.597290 0.000000 0.189903 0.000000 -0.981803 0.264252 0.264252 0.264252
4914.362305 0.000000 1955.166382 0.000000 0.129759 0.000000 -0.991546 0.266860 0.266860 0.266860
4925.367188 0.000000 1971.604492 0.000000 0.048238 0.000000 -0.998836 0.268815 0.268815 0.268815
4885.353516 0.000000 1956.358521 0.000000 0.053643 0.000000 -0.998560 0.268322 0.268322 0.268322
4879.028809 0.000000 1933.574585 0.000000 0.251442 0.000000 -0.967872 0.264792 0.264792 0.264792
4920.862793 0.000000 1954.591675 0.000000 0.266893 0.000000 -0.963726 0.265951 0.265951 0.265951
4922.264648 0.000000 1971.106689 0.000000 0.172962 0.000000 -0.984929 0.265868 0.265868 0.265868
4865.950684 0.000000 1960.443237 0.000000 0.529266 0.000000 -0.848456 0.262583 0.262583 0.262583
4894.868164 0.000000 1941.210938 0.000000 0.003406 0.000000 -0.999994 0.268587 0.268587 0.268587
4923.344238 0.000000 1957.105835 0.000000 0.870172 0.000000 -0.492747 0.256560 0.256560 0.256560
4886.176758 0.000000 1957.891724 0.000000 0.839651 0.000000 -0.543127 0.257561 0.257561 0.257561
4919.669922 0.000000 1954.133423 0.000000 0.997749 0.000000 -0.067055 0.250940 0.250940 0.250940
4927.956055 0.000000 1947.387085 0.000000 0.971626 0.000000 -0.236521 0.252772 0.252772 0.252772
4922.833496 0.000000 1939.877930 0.000000 0.955699 0.000000 -0.294347 0.253580 0.253580 0.253580
4919.779785 0.000000 1943.654907 0.000000 0.680654 0.000000 -0.732605 0.261879 0.261879 0.261879
4895.222656 0.000000 1974.303345 0.000000 0.864030 0.000000 -0.503441 0.257129 0.257129 0.257129
4897.173340 0.000000 1944.865967 0.000000 0.851454 0.000000 -0.524429 0.257322 0.257322 0.257322
4893.720703 0.000000 1943.052002 0.000000 0.999608 0.000000 -0.028005 0.250386 0.250386 0.250386
4922.830078 0.000000 1938.723022 0.000000 0.946601 0.000000 -0.322408 0.253934 0.253934 0.253934
4892.949219 0.000000 1941.173828 0.000000 0.049088 0.000000 -0.998794 0.268425 0.268425 0.268425
4919.381348 0.000000 1934.495605 0.000000 0.571315 0.000000 -0.820731 0.261957 0.261957 0.261957
4920.785645 0.000000 1948.992920 0.000000 0.240609 0.000000 -0.970622 0.269185 0.269185 0.269185
4927.124512 0.000000 1944.182129 0.000000 0.186535 0.000000 -0.982448 0.268992 0.268992 0.268992
4917.292480 0.000000 1950.035522 0.000000 0.993107 0.000000 -0.117208 0.251628 0.251628 0.251628
4926.093750 0.000000 1969.345703 0.000000 0.999994 0.000000 -0.003350 0.250041 0.250041 0.250041
4894.155273 0.000000 1975.962402 0.000000 0.999993 0.000000 -0.003806 0.250051 0.250051 0.250051
4918.707520 0.000000 1935.752563 0.000000 0.027460 0.000000 -0.999623 0.269169 0.269169 0.269169
4879.814453 0.000000 1928.081787 0.000000 0.363438 0.000000 -0.931619 0.265077 0.265077 0.265077
4916.330566 0.000000 1954.329712 0.000000 0.179975 0.000000 -0.983671 0.268737 0.268737 0.268737
4893.979492 0.000000 1948.672485 0.000000 0.619326 0.000000 -0.785134 0.263948 0.263948 0.263948
4927.352051 0.000000 1942.162598 0.000000 0.621160 0.000000 -0.783684 0.262338 0.262338 0.262338
4892.115234 0.000000 1974.296753 0.000000 0.975588 0.000000 -0.219611 0.253033 0.253033 0.253033
4925.072754 0.000000 1967.444336 0.000000 0.807132 0.000000 -0.590371 0.258474 0.258474 0.258474
4917.342773 0.000000 1954.209106 0.000000 0.714050 0.000000 -0.700095 0.260455 0.260455 0.260455
4921.056152 0.000000 1956.872314 0.000000 0.424895 0.000000 -0.905243 0.265296 0.265296 0.265296
4900.938477 0.000000 1939.253418 0.000000 0.980199 0.000000 -0.198014 0.252961 0.252961 0.252961
4916.538086 0.000000 1950.628906 0.000000 0.310192 0.000000 -0.950674 0.267395 0.267395 0.267395
4892.412109 0.000000 1946.341309 0.000000 0.992503 0.000000 -0.122224 0.251912 0.251912 0.251912
4889.062012 0.000000 1960.718750 0.000000 0.749163 0.000000 -0.662385 0.260800 0.260800 0.260800
4918.953613 0.000000 1943.912109 0.000000 0.532565 0.000000 -0.846389 0.264581 0.264581 0.264581
4892.428223 0.000000 1976.151367 0.000000 0.377638 0.000000 -0.925953 0.268837 0.268837 0.268837
4928.009766 0.000000 1962.661255 0.000000 0.995769 0.000000 -0.091890 0.250801 0.250801 0.250801
4942.979980 0.000000 1945.308960 0.000000 0.649894 0.000000 -0.760025 0.257571 0.257571 0.257571
4939.616211 0.000000 1949.809937 0.000000 0.032335 0.000000 -0.999477 0.263347 0.263347 0.263347
4939.442871 0.000000 1938.277344 0.000000 0.281920 0.000000 -0.959438 0.261349 0.261349 0.261349
4940.062012 0.000000 1941.774170 0.000000 0.856703 0.000000 -0.515810 0.255141 0.255141 0.255141
4932.140625 0.000000 1962.036621 0.000000 0.884291 0.000000 -0.466937 0.255140 0.255140 0.255140
4941.642090 0.000000 1942.120361 0.000000 0.589395 0.000000 -0.807845 0.259920 0.259920 0.259920
4931.597168 0.000000 1945.575317 0.000000 0.351976 0.000000 -0.936009 0.263606 0.263606 0.263606
4928.049316 0.000000 1946.166260 0.000000 0.849957 0.000000 -0.526852 0.256476 0.256476 0.256476
4929.993652 0.000000 1943.918823 0.000000 0.712525 0.000000 -0.701647 0.259975 0.259975 0.259975
4932.788086 0.000000 1942.969604 0.000000 0.360007 0.000000 -0.932949 0.265686 0.265686 0.265686
4932.993652 0.000000 1944.651855 0.000000 0.598505 0.000000 -0.801119 0.261801 0.261801 0.261801
4929.950684 0.000000 1960.443237 0.000000 0.765399 0.000000 -0.643556 0.258182 0.258182 0.258182
4933.217285 0.000000 1968.617798 0.000000 0.758923 0.000000 -0.651180 0.259118 0.259118 0.259118
4932.470703 0.000000 1955.457886 0.000000 0.973032 0.000000 -0.230672 0.253320 0.253320 0.253320
4934.969727 0.000000 1952.792847 0.000000 0.093371 0.000000 -0.995631 0.270792 0.270792 0.270792
4933.351562 0.000000 1972.101807 0.000000 0.968783 0.000000 -0.247910 0.253526 0.253526 0.253526
4932.465332 0.000000 1959.258423 0.000000 0.361411 0.000000 -0.932407 0.265667 0.265667 0.265667
4930.422363 0.000000 1959.467041 0.000000 0.917829 0.000000 -0.396977 0.255503 0.255503 0.255503
4928.016602 0.000000 1943.622070 0.000000 0.917495 0.000000 -0.397747 0.255247 0.255247 0.255247
4938.056641 0.000000 1944.115967 0.000000 0.857956 0.000000 -0.513723 0.257088 0.257088 0.257088
4939.732910 0.000000 1942.780273 0.000000 0.785224 0.000000 -0.619212 0.258898 0.258898 0.258898
4937.207520 0.000000 1945.210815 0.000000 0.976627 0.000000 -0.214941 0.252839 0.252839 0.252839
4935.085449 0.000000 1974.555054 0.000000 0.999791 0.000000 -0.020461 0.250325 0.250325 0.250325
4939.538086 0.000000 1943.813721 0.000000 0.998359 0.000000 -0.057262 0.250763 0.250763 0.250763
4933.068848 0.000000 1974.095093 0.000000 0.180595 0.000000 -0.983558 0.271980 0.271980 0.271980
4934.455566 0.000000 1951.543091 0.000000 0.512648 0.000000 -0.858599 0.264274 0.264274 0.264274
4932.163086 0.000000 1972.251709 0.000000 0.680459 0.000000 -0.732786 0.261575 0.261575 0.261575
4933.456055 0.000000 1975.024658 0.000000 0.868499 0.000000 -0.495690 0.258206 0.258206 0.258206
4934.509766 0.000000 1975.316406 0.000000 0.338911 0.000000 -0.940818 0.269459 0.269459 0.269459
4931.990234 0.000000 1970.352783 0.000000 0.211862 0.000000 -0.977300 0.271518 0.271518 0.271518
4935.293457 0.000000 1943.016479 0.000000 0.270303 0.000000 -0.962775 0.268944 0.268944 0.268944
4935.889648 0.000000 1952.633545 0.000000 0.632730 0.000000 -0.774372 0.262466 0.262466 0.262466
4931.235840 0.000000 1969.446777 0.000000 0.999940 0.000000 -0.010987 0.250174 0.250174 0.250174
4933.883789 0.000000 1954.295532 0.000000 0.004807 0.000000 -0.999988 0.272333 0.272333 0.272333
4930.389160 0.000000 1972.184570 0.000000 0.964447 0.000000 -0.264276 0.254248 0.254248 0.254248
4931.908203 0.000000 1968.421021 0.000000 0.720906 0.000000 -0.693032 0.262138 0.262138 0.262138
4930.363770 0.000000 1969.854004 0.000000 0.391783 0.000000 -0.920058 0.268520 0.268520 0.268520
4929.198730 0.000000 1973.344360 0.000000 0.050820 0.000000 -0.998708 0.274143 0.274143 0.274143
4928.750977 0.000000 1968.215698 0.000000 0.300557 0.000000 -0.953764 0.270023 0.270023 0.270023
4875.263184 0.000000 2013.515503 0.000000 0.888590 0.000000 -0.458702 0.254283 0.254283 0.254283
4926.970703 0.000000 1999.609131 0.000000 0.983993 0.000000 -0.178206 0.251694 0.251694 0.251694
4873.693359 0.000000 1986.015869 0.000000 0.958859 0.000000 -0.283884 0.252794 0.252794 0.252794
4891.120117 0.000000 1978.901733 0.000000 0.854570 0.000000 -0.519337 0.255266 0.255266 0.255266
4876.970703 0.000000 2023.938965 0.000000 0.842711 0.000000 -0.538366 0.256156 0.256156 0.256156
4866.335449 0.000000 2008.183105 0.000000 0.613909 0.000000 -0.789377 0.259341 0.259341 0.259341
4880.310547 0.000000 2024.548584 0.000000 0.956930 0.000000 -0.290318 0.252969 0.252969 0.252969
4894.190918 0.000000 2014.006958 0.000000 0.260614 0.000000 -0.965443 0.262972 0.262972 0.262972
4881.817871 0.000000 1996.114258 0.000000 0.941527 0.000000 -0.336938 0.253786 0.253786 0.253786
4895.750977 0.000000 1983.536133 0.000000 0.559135 0.000000 -0.829077 0.260981 0.260981 0.260981
4877.467285 0.000000 2025.599976 0.000000 0.992619 0.000000 -0.121276 0.251229 0.251229 0.251229
4877.681641 0.000000 2022.622070 0.000000 0.419322 0.000000 -0.907837 0.262324 0.262324 0.262324
4922.590332 0.000000 2019.507568 0.000000 0.911634 0.000000 -0.411004 0.254481 0.254481 0.254481
4884.196289 0.000000 2025.715454 0.000000 0.996348 0.000000 -0.085383 0.250899 0.250899 0.250899
4876.607910 0.000000 2013.888794 0.000000 0.720185 0.000000 -0.693782 0.258877 0.258877 0.258877
4876.164062 0.000000 2012.462769 0.000000 0.102555 0.000000 -0.994727 0.266997 0.266997 0.266997
4894.425293 0.000000 1983.837524 0.000000 0.319530 0.000000 -0.947576 0.263993 0.263993 0.263993
4923.628418 0.000000 2020.628662 0.000000 0.156853 0.000000 -0.987622 0.266716 0.266716 0.266716
4903.639160 0.000000 2004.026245 0.000000 0.515369 0.000000 -0.856969 0.263170 0.263170 0.263170
4869.044922 0.000000 2007.829834 0.000000 0.980488 0.000000 -0.196581 0.252223 0.252223 0.252223
4915.326660 0.000000 2024.468872 0.000000 0.254163 0.000000 -0.967161 0.266728 0.266728 0.266728
4921.239746 0.000000 2020.282471 0.000000 0.875053 0.000000 -0.484027 0.256890 0.256890 0.256890
4921.471191 0.000000 1993.292358 0.000000 0.986960 0.000000 -0.160963 0.251912 0.251912 0.251912
4897.743164 0.000000 1977.191528 0.000000 0.957786 0.000000 -0.287483 0.253877 0.253877 0.253877
4915.368652 0.000000 2028.438965 0.000000 0.654352 0.000000 -0.756190 0.261801 0.261801 0.261801
4896.901855 0.000000 1983.836792 0.000000 0.385576 0.000000 -0.922676 0.264190 0.264190 0.264190
4879.546387 0.000000 2014.834961 0.000000 0.331157 0.000000 -0.943576 0.266511 0.266511 0.266511
4898.086426 0.000000 1983.851196 0.000000 0.680287 0.000000 -0.732946 0.261116 0.261116 0.261116
4907.013184 0.000000 1978.163330 0.000000 0.965350 0.000000 -0.260960 0.253905 0.253905 0.253905
4895.664551 0.000000 1988.672241 0.000000 0.936186 0.000000 -0.351505 0.254472 0.254472 0.254472
4905.171875 0.000000 2000.429688 0.000000 0.998030 0.000000 -0.062740 0.250933 0.250933 0.250933
4903.486328 0.000000 2005.940308 0.000000 0.344340 0.000000 -0.938845 0.265600 0.265600 0.265600
4878.294922 0.000000 2023.461426 0.000000 0.277690 0.000000 -0.960671 0.266377 0.266377 0.266377
4921.357910 0.000000 2021.412476 0.000000 0.972132 0.000000 -0.234434 0.253227 0.253227 0.253227
4879.467773 0.000000 1995.329956 0.000000 0.028849 0.000000 -0.999584 0.269969 0.269969 0.269969
4894.662598 0.000000 1988.013306 0.000000 0.640986 0.000000 -0.767553 0.260895 0.260895 0.260895
4895.969727 0.000000 1978.080078 0.000000 0.316087 0.000000 -0.948730 0.269882 0.269882 0.269882
4893.897949 0.000000 1977.978516 0.000000 0.060640 0.000000 -0.998160 0.274034 0.274034 0.274034
4876.040527 0.000000 1995.725586 0.000000 0.999819 0.000000 -0.019052 0.250260 0.250260 0.250260
4917.111816 0.000000 2025.744873 0.000000 0.034955 0.000000 -0.999389 0.270034 0.270034 0.270034
4879.179688 0.000000 1996.297607 0.000000 0.997371 0.000000 -0.072466 0.250955 0.250955 0.250955
4880.583008 0.000000 1995.209717 0.000000 0.301736 0.000000 -0.953392 0.266689 0.266689 0.266689
4896.829590 0.000000 1979.145386 0.000000 0.342557 0.000000 -0.939497 0.269435 0.269435 0.269435
4875.947266 0.000000 1992.861206 0.000000 0.043514 0.000000 -0.999053 0.271257 0.271257 0.271257
4874.185059 0.000000 1993.636230 0.000000 0.231938 0.000000 -0.972731 0.268605 0.268605 0.268605
4918.158691 0.000000 2022.581787 0.000000 0.895646 0.000000 -0.444767 0.257336 0.257336 0.257336
4901.896973 0.000000 1983.705444 0.000000 0.826942 0.000000 -0.562287 0.259224 0.259224 0.259224
4875.714844 0.000000 1993.837158 0.000000 0.532538 0.000000 -0.846406 0.264046 0.264046 0.264046
4874.227051 0.000000 1992.753296 0.000000 0.961783 0.000000 -0.273812 0.253860 0.253860 0.253860
4895.155762 0.000000 1981.799561 0.000000 0.924816 0.000000 -0.380415 0.256211 0.256211 0.256211
4894.970703 0.000000 1978.779907 0.000000 0.751545 0.000000 -0.659682 0.261465 0.261465 0.261465
4916.199219 0.000000 2023.231812 0.000000 0.987484 0.000000 -0.157720 0.252387 0.252387 0.252387
4896.583984 0.000000 1991.720947 0.000000 0.202919 0.000000 -0.979196 0.270554 0.270554 0.270554
4897.171387 0.000000 1991.046753 0.000000 0.978696 0.000000 -0.205317 0.253110 0.253110 0.253110
4895.133301 0.000000 1976.987183 0.000000 0.971902 0.000000 -0.235384 0.253782 0.253782 0.253782
4901.102051 0.000000 1983.815918 0.000000 0.832445 0.000000 -0.554107 0.259072 0.259072 0.259072
4929.945801 0.000000 1993.256958 0.000000 0.921290 0.000000 -0.388876 0.254637 0.254637 0.254637
4934.813965 0.000000 1998.717163 0.000000 0.750037 0.000000 -0.661396 0.257623 0.257623 0.257623
4929.323730 0.000000 1983.010498 0.000000 0.621710 0.000000 -0.783248 0.261401 0.261401 0.261401
4929.993652 0.000000 2000.403198 0.000000 0.885234 0.000000 -0.465146 0.255118 0.255118 0.255118
4932.081543 0.000000 1996.922974 0.000000 0.924661 0.000000 -0.380792 0.254962 0.254962 0.254962
4932.788086 0.000000 1999.453979 0.000000 0.514109 0.000000 -0.857725 0.261806 0.261806 0.261806
4929.515137 0.000000 2006.138184 0.000000 0.937430 0.000000 -0.348174 0.254805 0.254805 0.254805
4933.319336 0.000000 1996.921509 0.000000 0.820386 0.000000 -0.571811 0.257731 0.257731 0.257731
4928.361816 0.000000 1998.589111 0.000000 0.989008 0.000000 -0.147864 0.251843 0.251843 0.251843
4935.460938 0.000000 1997.896118 0.000000 0.656537 0.000000 -0.754294 0.261334 0.261334 0.261334
4931.740234 0.000000 2004.525391 0.000000 0.363346 0.000000 -0.931654 0.269082 0.269082 0.269082
4929.989746 0.000000 2010.030273 0.000000 0.970300 0.000000 -0.241905 0.253767 0.253767 0.253767
4931.727539 0.000000 2011.296021 0.000000 0.999969 0.000000 -0.007822 0.250117 0.250117 0.250117
4929.447266 0.000000 2008.575073 0.000000 0.501247 0.000000 -0.865304 0.266644 0.266644 0.266644
4931.974609 0.000000 2007.627441 0.000000 0.996424 0.000000 -0.084497 0.251323 0.251323 0.251323
4930.271484 0.000000 1979.759399 0.000000 0.861466 0.000000 -0.507816 0.258378 0.258378 0.258378
4931.037598 0.000000 1987.325562 0.000000 0.666637 0.000000 -0.745383 0.263098 0.263098 0.263098
4931.834473 0.000000 1979.962646 0.000000 0.920301 0.000000 -0.391212 0.256322 0.256322 0.256322
4932.067871 0.000000 1976.976562 0.000000 0.309937 0.000000 -0.950757 0.268535 0.268535 0.268535
4928.416016 0.000000 1979.456543 0.000000 0.683395 0.000000 -0.730049 0.262872 0.262872 0.262872
4928.139160 0.000000 2009.317261 0.000000 0.065322 0.000000 -0.997864 0.273960 0.273960 0.273960
4931.676758 0.000000 2006.423706 0.000000 0.999978 0.000000 -0.006582 0.250103 0.250103 0.250103
4930.271973 0.000000 2006.391235 0.000000 0.160147 0.000000 -0.987093 0.272044 0.272044 0.272044
4931.090332 0.000000 1979.522461 0.000000 0.998863 0.000000 -0.047677 0.250750 0.250750 0.250750
4861.535645 0.000000 2087.613037 0.000000 0.613925 0.000000 -0.789364 0.258801 0.258801 0.258801
4863.927246 0.000000 2048.182861 0.000000 0.835480 0.000000 -0.549520 0.256191 0.256191 0.256191
4862.841797 0.000000 2087.969727 0.000000 0.992429 0.000000 -0.122817 0.251437 0.251437 0.251437
4859.996582 0.000000 2040.706421 0.000000 0.989070 0.000000 -0.147449 0.251690 0.251690 0.251690
4861.552246 0.000000 2042.750854 0.000000 0.036302 0.000000 -0.999341 0.269059 0.269059 0.269059
4858.504395 0.000000 2113.680664 0.000000 0.891909 0.000000 -0.452215 0.254173 0.254173 0.254173
4837.294434 0.000000 2134.877930 0.000000 0.275303 0.000000 -0.961358 0.262377 0.262377 0.262377
4859.429199 0.000000 2115.234375 0.000000 0.979341 0.000000 -0.202216 0.252091 0.252091 0.252091
4856.710938 0.000000 2113.753418 0.000000 0.115084 0.000000 -0.993356 0.265261 0.265261 0.265261
4834.360840 0.000000 2135.295166 0.000000 0.001296 0.000000 -0.999999 0.270326 0.270326 0.270326
4839.071777 0.000000 2139.639893 0.000000 0.426928 0.000000 -0.904286 0.263784 0.263784 0.263784
4838.308594 0.000000 2141.319336 0.000000 0.518713 0.000000 -0.854948 0.265201 0.265201 0.265201
4838.550781 0.000000 2136.477051 0.000000 0.090854 0.000000 -0.995864 0.273552 0.273552 0.273552
4811.486816 0.000000 2154.965820 0.000000 0.207352 0.000000 -0.978266 0.262113 0.262113 0.262113
4815.870117 0.000000 2183.229004 0.000000 0.495891 0.000000 -0.868385 0.259717 0.259717 0.259717
4826.770996 0.000000 2156.006836 0.000000 0.294978 0.000000 -0.955504 0.267814 0.267814 0.267814
4824.484375 0.000000 2146.417480 0.000000 0.781877 0.000000 -0.623433 0.259327 0.259327 0.259327
4815.546387 0.000000 2184.288086 0.000000 0.999716 0.000000 -0.023820 0.250288 0.250288 0.250288
4810.015137 0.000000 2156.608643 0.000000 0.864178 0.000000 -0.503187 0.256944 0.256944 0.256944
4827.200684 0.000000 2157.036377 0.000000 0.919190 0.000000 -0.393815 0.255672 0.255672 0.255672
4812.740234 0.000000 2158.961182 0.000000 0.535883 0.000000 -0.844292 0.263489 0.263489 0.263489
4815.065918 0.000000 2180.478516 0.000000 0.615832 0.000000 -0.787877 0.264441 0.264441 0.264441
4826.924316 0.000000 2157.900146 0.000000 0.997553 0.000000 -0.069913 0.250980 0.250980 0.250980
4864.163086 0.000000 2068.184082 0.000000 0.631995 0.000000 -0.774973 0.257471 0.257471 0.257471
4874.329590 0.000000 2058.142090 0.000000 0.228404 0.000000 -0.973566 0.262339 0.262339 0.262339
4864.588379 0.000000 2085.739990 0.000000 0.922393 0.000000 -0.386252 0.254010 0.254010 0.254010
4872.309570 0.000000 2062.230713 0.000000 0.217427 0.000000 -0.976077 0.262865 0.262865 0.262865
4867.162109 0.000000 2085.489258 0.000000 0.963699 0.000000 -0.266990 0.252682 0.252682 0.252682
4887.673828 0.000000 2039.393677 0.000000 0.727290 0.000000 -0.686330 0.258404 0.258404 0.258404
4886.014160 0.000000 2038.971558 0.000000 0.651082 0.000000 -0.759007 0.259574 0.259574 0.259574
4889.534668 0.000000 2042.999512 0.000000 0.630408 0.000000 -0.776264 0.260206 0.260206 0.260206
4865.670898 0.000000 2083.358154 0.000000 0.486286 0.000000 -0.873800 0.263103 0.263103 0.263103
4871.807129 0.000000 2066.639160 0.000000 0.470615 0.000000 -0.882339 0.262851 0.262851 0.262851
4873.796387 0.000000 2065.931641 0.000000 0.998343 0.000000 -0.057548 0.250760 0.250760 0.250760
4658.317871 0.000000 2263.828125 0.000000 0.924060 0.000000 -0.382247 0.253794 0.253794 0.253794
"}
