object={
	name="bush_02_generator_2_0"
	clamp_to_water_level=no
	render_under_water=no
	generated_content=yes
	layer="semidynamic_high"
	pdxmesh="tree_bush_03_mesh"
	count=258
	transform="572.013062 0.000000 1144.552246 0.000000 0.927495 0.000000 -0.373837 0.143465 0.143465 0.143465
573.252319 0.000000 1140.113892 0.000000 0.755112 0.000000 0.655595 0.109495 0.109495 0.109495
572.518066 0.000000 1143.010132 0.000000 0.999751 0.000000 -0.022300 0.179399 0.179399 0.179399
1795.505249 0.000000 2246.316895 0.000000 0.363750 0.000000 0.931497 0.096185 0.096185 0.096185
1758.530151 0.000000 2282.834961 0.000000 0.903455 0.000000 -0.428684 0.101410 0.101410 0.101410
1772.662354 0.000000 2366.439453 0.000000 0.837028 0.000000 -0.547160 0.101843 0.101843 0.101843
1754.074097 0.000000 2346.375732 0.000000 0.917164 0.000000 -0.398510 0.101305 0.101305 0.101305
1786.807129 0.000000 2378.998291 0.000000 0.718702 0.000000 0.695319 0.097553 0.097553 0.097553
1782.816772 0.000000 2373.594482 0.000000 0.828973 0.000000 -0.559289 0.101889 0.101889 0.101889
1712.205444 0.000000 2485.286865 0.000000 0.094986 0.000000 0.995479 0.097171 0.097171 0.097171
1712.024048 0.000000 2481.363037 0.000000 0.897356 0.000000 0.441307 0.099925 0.099925 0.099925
1715.402588 0.000000 2482.795410 0.000000 0.129132 0.000000 0.991627 0.096749 0.096749 0.096749
1753.505737 0.000000 2482.599854 0.000000 0.795551 0.000000 0.605887 0.097928 0.097928 0.097928
1756.380127 0.000000 2483.678467 0.000000 0.884828 0.000000 -0.465917 0.101543 0.101543 0.101543
1823.758545 0.000000 2289.534668 0.000000 0.879791 0.000000 0.475360 0.098423 0.098423 0.098423
1830.893555 0.000000 2278.822266 0.000000 0.988148 0.000000 -0.153505 0.100491 0.100491 0.100491
1822.530151 0.000000 2282.834961 0.000000 0.220103 0.000000 0.975477 0.095706 0.095706 0.095706
1818.074097 0.000000 2289.891357 0.000000 0.724825 0.000000 0.688933 0.097581 0.097581 0.097581
1821.530396 0.000000 2286.667480 0.000000 0.402782 0.000000 0.915296 0.096320 0.096320 0.096320
1823.758545 0.000000 2346.019043 0.000000 0.411848 0.000000 0.911253 0.096351 0.096351 0.096351
1815.293579 0.000000 2339.424072 0.000000 0.810550 0.000000 -0.585670 0.101992 0.101992 0.101992
1714.318481 0.000000 2485.518311 0.000000 0.898303 0.000000 0.439377 0.100484 0.100484 0.100484
1715.402588 0.000000 2539.279785 0.000000 0.953131 0.000000 -0.302559 0.109747 0.109747 0.109747
1708.194824 0.000000 2497.389893 0.000000 0.863074 0.000000 0.505078 0.101895 0.101895 0.101895
1716.706299 0.000000 2541.627930 0.000000 0.848705 0.000000 0.528866 0.106756 0.106756 0.106756
1713.687988 0.000000 2494.265137 0.000000 0.994257 0.000000 0.107017 0.102729 0.102729 0.102729
1756.793701 0.000000 2488.154297 0.000000 0.999948 0.000000 0.010183 0.099968 0.099968 0.099968
1791.957886 0.000000 2506.211426 0.000000 0.968585 0.000000 0.248684 0.099478 0.099478 0.099478
1749.208252 0.000000 2525.191650 0.000000 0.764333 0.000000 0.644821 0.097769 0.097769 0.097769
1754.987305 0.000000 2485.401367 0.000000 0.997530 0.000000 -0.070236 0.100224 0.100224 0.100224
1753.661133 0.000000 2488.378662 0.000000 0.357626 0.000000 0.933865 0.096164 0.096164 0.096164
1748.435791 0.000000 2527.584473 0.000000 0.644910 0.000000 0.764259 0.102406 0.102406 0.102406
1751.935669 0.000000 2522.367676 0.000000 0.913771 0.000000 -0.406230 0.106157 0.106157 0.106157
1741.487915 0.000000 2495.329102 0.000000 0.204958 0.000000 0.978771 0.096997 0.096997 0.096997
1774.880859 0.000000 2535.848145 0.000000 0.981648 0.000000 0.190704 0.104679 0.104679 0.104679
1693.392090 0.000000 2586.470215 0.000000 0.784440 0.000000 0.620204 0.106369 0.106369 0.106369
1716.657715 0.000000 2541.833008 0.000000 0.959872 0.000000 -0.280438 0.109667 0.109667 0.109667
1695.373413 0.000000 2585.229980 0.000000 0.990017 0.000000 0.140949 0.110983 0.110983 0.110983
1743.130981 0.000000 2581.168701 0.000000 0.941786 0.000000 -0.336213 0.114400 0.114400 0.114400
1754.979858 0.000000 2583.629639 0.000000 0.709897 0.000000 0.704306 0.097513 0.097513 0.097513
1760.032227 0.000000 2578.734863 0.000000 0.870069 0.000000 0.492929 0.109655 0.109655 0.109655
1766.346802 0.000000 2596.054443 0.000000 0.940058 0.000000 0.341014 0.108588 0.108588 0.108588
1757.423096 0.000000 2580.348633 0.000000 0.754923 0.000000 0.655813 0.103472 0.103472 0.103472
1735.437256 0.000000 2596.840576 0.000000 0.786079 0.000000 0.618126 0.098153 0.098153 0.098153
1789.738403 0.000000 2570.046143 0.000000 0.999962 0.000000 0.008667 0.103053 0.103053 0.103053
1742.033691 0.000000 2547.687744 0.000000 0.444424 0.000000 0.895816 0.104302 0.104302 0.104302
1760.608032 0.000000 2580.887451 0.000000 0.929524 0.000000 -0.368761 0.113392 0.113392 0.113392
1767.778442 0.000000 2597.631836 0.000000 0.415005 0.000000 0.909819 0.105809 0.105809 0.105809
1761.987427 0.000000 2579.410645 0.000000 0.558713 0.000000 0.829361 0.108014 0.108014 0.108014
1756.720093 0.000000 2582.305908 0.000000 0.383878 0.000000 0.923384 0.108387 0.108387 0.108387
1713.272949 0.000000 2631.906250 0.000000 0.319023 0.000000 0.947747 0.096034 0.096034 0.096034
1722.504395 0.000000 2622.040039 0.000000 0.195810 0.000000 0.980642 0.114110 0.114110 0.114110
1694.952515 0.000000 2617.793457 0.000000 0.640406 0.000000 0.768036 0.112189 0.112189 0.112189
1699.689819 0.000000 2649.882812 0.000000 0.470502 0.000000 0.882399 0.119550 0.119550 0.119550
1684.804932 0.000000 2598.348877 0.000000 0.505890 0.000000 0.862598 0.114293 0.114293 0.114293
1718.180420 0.000000 2622.131348 0.000000 0.990472 0.000000 0.137713 0.118803 0.118803 0.118803
1723.429321 0.000000 2623.593750 0.000000 0.163206 0.000000 0.986592 0.113984 0.113984 0.113984
1721.728394 0.000000 2623.676025 0.000000 0.343651 0.000000 0.939098 0.114694 0.114694 0.114694
1698.143921 0.000000 2649.270752 0.000000 0.107806 0.000000 0.994172 0.118045 0.118045 0.118045
1780.014648 0.000000 2607.124512 0.000000 0.996109 0.000000 0.088132 0.113965 0.113965 0.113965
1770.288330 0.000000 2621.428955 0.000000 0.969330 0.000000 -0.245763 0.101073 0.101073 0.101073
1732.948608 0.000000 2598.396240 0.000000 0.091325 0.000000 0.995821 0.107303 0.107303 0.107303
1737.604492 0.000000 2625.735596 0.000000 0.981126 0.000000 -0.193368 0.119503 0.119503 0.119503
1745.664795 0.000000 2604.937256 0.000000 0.954659 0.000000 0.297702 0.102089 0.102089 0.102089
1777.393921 0.000000 2623.611084 0.000000 0.649689 0.000000 0.760200 0.112778 0.112778 0.112778
1756.928345 0.000000 2616.161377 0.000000 0.913225 0.000000 -0.407457 0.101620 0.101620 0.101620
1752.535645 0.000000 2614.636230 0.000000 0.434812 0.000000 0.900521 0.112369 0.112369 0.112369
1735.142944 0.000000 2625.665771 0.000000 0.990225 0.000000 -0.139479 0.119859 0.119859 0.119859
1779.914307 0.000000 2604.069580 0.000000 0.838678 0.000000 0.544627 0.107241 0.107241 0.107241
1736.309448 0.000000 2627.074463 0.000000 0.087527 0.000000 0.996162 0.113694 0.113694 0.113694
1780.916016 0.000000 2605.644287 0.000000 0.267051 0.000000 0.963682 0.109018 0.109018 0.109018
1736.953247 0.000000 2624.211914 0.000000 0.064130 0.000000 0.997942 0.113072 0.113072 0.113072
1804.552612 0.000000 2511.506592 0.000000 0.849636 0.000000 0.527370 0.098507 0.098507 0.098507
1793.118530 0.000000 2530.042725 0.000000 0.992702 0.000000 0.120591 0.103243 0.103243 0.103243
2965.705078 0.000000 3359.445801 0.000000 0.917167 0.000000 -0.398502 0.103859 0.103859 0.103859
2958.368652 0.000000 3388.431641 0.000000 0.764341 0.000000 0.644812 0.112832 0.112832 0.112832
2977.679932 0.000000 3388.405762 0.000000 0.525430 0.000000 0.850837 0.107331 0.107331 0.107331
2964.094971 0.000000 3404.463379 0.000000 0.958857 0.000000 -0.283888 0.112506 0.112506 0.112506
2964.804932 0.000000 3389.130127 0.000000 0.622980 0.000000 0.782238 0.112106 0.112106 0.112106
4574.060547 0.000000 782.451782 0.000000 0.983702 0.000000 0.179806 0.099425 0.099425 0.099425
4574.953613 0.000000 790.549377 0.000000 0.993982 0.000000 -0.109541 0.100349 0.100349 0.100349
4584.832520 0.000000 794.282410 0.000000 0.933964 0.000000 0.357366 0.098837 0.098837 0.098837
4602.368164 0.000000 842.707214 0.000000 0.586595 0.000000 0.809881 0.096995 0.096995 0.096995
4593.519043 0.000000 797.110901 0.000000 0.958856 0.000000 0.283892 0.099084 0.099084 0.099084
4578.900879 0.000000 790.845947 0.000000 0.830233 0.000000 0.557416 0.098118 0.098118 0.098118
4588.062988 0.000000 799.770386 0.000000 0.571471 0.000000 0.820622 0.096936 0.096936 0.096936
4580.045898 0.000000 796.056152 0.000000 0.044423 0.000000 0.999013 0.095141 0.095141 0.095141
4550.330566 0.000000 802.878052 0.000000 0.420792 0.000000 0.907157 0.096382 0.096382 0.096382
4584.763184 0.000000 805.903442 0.000000 0.987281 0.000000 0.158984 0.099492 0.099492 0.099492
4579.991211 0.000000 806.507751 0.000000 0.124876 0.000000 0.992172 0.095399 0.095399 0.095399
4589.516602 0.000000 861.998901 0.000000 0.850952 0.000000 -0.525243 0.101760 0.101760 0.101760
4600.065918 0.000000 872.628235 0.000000 0.094459 0.000000 0.995529 0.095301 0.095301 0.095301
4602.807129 0.000000 853.920166 0.000000 0.934527 0.000000 -0.355893 0.101158 0.101158 0.101158
4607.487305 0.000000 877.493347 0.000000 0.697707 0.000000 0.716384 0.097458 0.097458 0.097458
4656.205566 0.000000 790.755615 0.000000 0.574896 0.000000 0.818227 0.096950 0.096950 0.096950
4622.875488 0.000000 779.058899 0.000000 0.994654 0.000000 -0.103268 0.100329 0.100329 0.100329
4609.451172 0.000000 802.956909 0.000000 0.997640 0.000000 -0.068667 0.100219 0.100219 0.100219
4656.205566 0.000000 847.239990 0.000000 0.267461 0.000000 0.963569 0.095862 0.095862 0.095862
4652.662598 0.000000 841.361450 0.000000 0.818292 0.000000 -0.574803 0.101949 0.101949 0.101949
4633.621582 0.000000 838.656128 0.000000 0.817690 0.000000 -0.575659 0.101953 0.101953 0.101953
4669.292480 0.000000 803.340210 0.000000 0.429321 0.000000 0.903152 0.096412 0.096412 0.096412
4640.426758 0.000000 803.219055 0.000000 0.516978 0.000000 0.855999 0.096729 0.096729 0.096729
4645.098633 0.000000 833.652222 0.000000 0.953410 0.000000 0.301677 0.099025 0.099025 0.099025
4623.272949 0.000000 869.184204 0.000000 0.485974 0.000000 0.873973 0.096615 0.096615 0.096615
4631.890625 0.000000 866.323303 0.000000 0.960578 0.000000 0.278009 0.099103 0.099103 0.099103
4646.893555 0.000000 866.712952 0.000000 0.156889 0.000000 0.987616 0.095501 0.095501 0.095501
4639.826172 0.000000 855.388000 0.000000 0.256631 0.000000 0.966509 0.095826 0.095826 0.095826
4637.392090 0.000000 891.939087 0.000000 0.921661 0.000000 -0.387995 0.101268 0.101268 0.101268
4530.584961 0.000000 931.644226 0.000000 0.971345 0.000000 -0.237675 0.102740 0.102740 0.102740
4531.863281 0.000000 928.122742 0.000000 0.089911 0.000000 0.995950 0.096621 0.096621 0.096621
4521.128906 0.000000 924.615662 0.000000 0.945398 0.000000 -0.325917 0.103604 0.103604 0.103604
4556.978516 0.000000 904.485962 0.000000 0.327152 0.000000 0.944972 0.096061 0.096061 0.096061
4562.127930 0.000000 917.026062 0.000000 0.934837 0.000000 -0.355078 0.101155 0.101155 0.101155
4605.512207 0.000000 903.776184 0.000000 0.609197 0.000000 0.793019 0.097085 0.097085 0.097085
4585.260742 0.000000 947.972168 0.000000 0.821811 0.000000 -0.569761 0.102215 0.102215 0.102215
4598.816895 0.000000 905.000793 0.000000 0.071291 0.000000 0.997456 0.095227 0.095227 0.095227
4567.491699 0.000000 904.381531 0.000000 0.636743 0.000000 0.771077 0.097197 0.097197 0.097197
4547.505371 0.000000 947.176147 0.000000 0.235332 0.000000 0.971915 0.095756 0.095756 0.095756
4605.524414 0.000000 920.819702 0.000000 0.783748 0.000000 0.621079 0.097867 0.097867 0.097867
4548.763672 0.000000 939.942200 0.000000 0.923537 0.000000 0.383510 0.100130 0.100130 0.100130
4581.098633 0.000000 946.620972 0.000000 0.001046 0.000000 0.999999 0.095003 0.095003 0.095003
4606.270020 0.000000 908.181396 0.000000 0.895273 0.000000 0.445518 0.098530 0.098530 0.098530
4562.230469 0.000000 941.785522 0.000000 0.953406 0.000000 -0.301692 0.101258 0.101258 0.101258
4569.681152 0.000000 937.527466 0.000000 0.331226 0.000000 0.943551 0.096075 0.096075 0.096075
4577.448730 0.000000 927.046814 0.000000 0.988821 0.000000 -0.149110 0.100476 0.100476 0.100476
4546.822754 0.000000 937.718140 0.000000 0.639615 0.000000 0.768695 0.098026 0.098026 0.098026
4546.575684 0.000000 944.877075 0.000000 0.524747 0.000000 0.851258 0.098656 0.098656 0.098656
4558.401855 0.000000 945.445862 0.000000 0.711780 0.000000 0.702402 0.098341 0.098341 0.098341
4503.491699 0.000000 960.865906 0.000000 0.930234 0.000000 0.366967 0.098804 0.098804 0.098804
4543.374512 0.000000 1000.329895 0.000000 0.938054 0.000000 -0.346490 0.110474 0.110474 0.110474
4602.511719 0.000000 980.744385 0.000000 0.827255 0.000000 -0.561826 0.106180 0.106180 0.106180
4582.535645 0.000000 989.742493 0.000000 0.999383 0.000000 0.035132 0.105764 0.105764 0.105764
4569.681152 0.000000 994.011841 0.000000 0.329566 0.000000 0.944133 0.102797 0.102797 0.102797
4605.738281 0.000000 988.483521 0.000000 0.904715 0.000000 0.426017 0.103847 0.103847 0.103847
4550.395508 0.000000 990.290039 0.000000 0.868772 0.000000 -0.495213 0.107059 0.107059 0.107059
4546.552734 0.000000 1016.310608 0.000000 0.640308 0.000000 0.768118 0.108376 0.108376 0.108376
4549.141602 0.000000 985.740601 0.000000 0.986048 0.000000 0.166463 0.106433 0.106433 0.106433
4600.096680 0.000000 987.878296 0.000000 0.969267 0.000000 0.246012 0.104489 0.104489 0.104489
4547.099121 0.000000 986.936035 0.000000 0.928627 0.000000 0.371014 0.105708 0.105708 0.105708
4543.958008 0.000000 1037.617798 0.000000 0.992512 0.000000 0.122145 0.113840 0.113840 0.113840
4541.638184 0.000000 1036.442017 0.000000 0.957172 0.000000 0.289521 0.103227 0.103227 0.103227
4543.509766 0.000000 1053.937256 0.000000 0.930789 0.000000 0.365558 0.115139 0.115139 0.115139
4542.970703 0.000000 1039.374756 0.000000 0.045473 0.000000 0.998966 0.108737 0.108737 0.108737
4593.272949 0.000000 1050.343628 0.000000 0.392852 0.000000 0.919602 0.098173 0.098173 0.098173
4574.236816 0.000000 1069.248657 0.000000 0.961311 0.000000 -0.275464 0.114171 0.114171 0.114171
4569.621582 0.000000 1064.593628 0.000000 0.286735 0.000000 0.958010 0.106942 0.106942 0.106942
4558.953125 0.000000 1070.690430 0.000000 0.039705 0.000000 0.999211 0.109782 0.109782 0.109782
4555.929688 0.000000 1028.724609 0.000000 0.895212 0.000000 -0.445641 0.114261 0.114261 0.114261
4544.163086 0.000000 1051.465332 0.000000 0.486756 0.000000 0.873538 0.112045 0.112045 0.112045
4606.624512 0.000000 1025.538940 0.000000 0.858453 0.000000 0.512892 0.105168 0.105168 0.105168
4595.213867 0.000000 1062.975952 0.000000 0.998248 0.000000 0.059172 0.110156 0.110156 0.110156
4595.863281 0.000000 1041.091431 0.000000 0.418569 0.000000 0.908185 0.103124 0.103124 0.103124
4595.634277 0.000000 1059.446655 0.000000 0.899514 0.000000 0.436891 0.108776 0.108776 0.108776
4602.028320 0.000000 1029.817383 0.000000 0.307520 0.000000 0.951542 0.106482 0.106482 0.106482
4596.463867 0.000000 1031.800537 0.000000 0.996540 0.000000 -0.083111 0.111780 0.111780 0.111780
4567.836426 0.000000 1067.331665 0.000000 0.101631 0.000000 0.994822 0.108942 0.108942 0.108942
4556.457520 0.000000 1068.494629 0.000000 0.987288 0.000000 -0.158943 0.115993 0.115993 0.115993
4548.948730 0.000000 1016.833801 0.000000 0.897970 0.000000 -0.440056 0.112533 0.112533 0.112533
4544.042480 0.000000 1016.726074 0.000000 0.942948 0.000000 -0.332941 0.101080 0.101080 0.101080
4567.068359 0.000000 1021.229919 0.000000 0.846987 0.000000 -0.531614 0.112903 0.112903 0.112903
4556.375000 0.000000 1071.386597 0.000000 0.886273 0.000000 0.463163 0.113637 0.113637 0.113637
4563.443848 0.000000 1066.638550 0.000000 0.891387 0.000000 0.453243 0.113126 0.113126 0.113126
4558.650879 0.000000 1067.059570 0.000000 0.989153 0.000000 -0.146887 0.115948 0.115948 0.115948
4598.180664 0.000000 1040.568970 0.000000 0.948712 0.000000 0.316141 0.109789 0.109789 0.109789
4563.253418 0.000000 1064.305420 0.000000 0.417124 0.000000 0.908850 0.110677 0.110677 0.110677
4567.348633 0.000000 1069.717163 0.000000 0.999667 0.000000 -0.025786 0.114380 0.114380 0.114380
4599.794922 0.000000 1029.724976 0.000000 0.867311 0.000000 0.497767 0.109636 0.109636 0.109636
4593.314941 0.000000 1059.416992 0.000000 0.904846 0.000000 0.425739 0.106057 0.106057 0.106057
4605.252441 0.000000 1027.145142 0.000000 0.998936 0.000000 0.046115 0.110202 0.110202 0.110202
4591.448242 0.000000 1041.226318 0.000000 0.888015 0.000000 -0.459815 0.113180 0.113180 0.113180
4594.216309 0.000000 1061.263550 0.000000 0.463182 0.000000 0.886263 0.106538 0.106538 0.106538
4594.709961 0.000000 1030.808594 0.000000 0.041589 0.000000 0.999135 0.103926 0.103926 0.103926
4567.416992 0.000000 1064.651489 0.000000 0.606411 0.000000 0.795151 0.110942 0.110942 0.110942
4550.912598 0.000000 1016.720398 0.000000 0.886595 0.000000 -0.462546 0.112622 0.112622 0.112622
4601.360352 0.000000 1027.975464 0.000000 0.832114 0.000000 -0.554605 0.113000 0.113000 0.113000
4560.905273 0.000000 1070.618164 0.000000 0.295397 0.000000 0.955375 0.110200 0.110200 0.110200
4598.302246 0.000000 1031.006226 0.000000 0.656017 0.000000 0.754746 0.107905 0.107905 0.107905
4546.396484 0.000000 1075.065308 0.000000 0.843811 0.000000 -0.536640 0.101803 0.101803 0.101803
4555.486816 0.000000 1081.762695 0.000000 0.844218 0.000000 0.536000 0.098199 0.098199 0.098199
4557.487793 0.000000 1083.219849 0.000000 0.916751 0.000000 0.399459 0.113897 0.113897 0.113897
4555.084961 0.000000 1083.581787 0.000000 0.980107 0.000000 -0.198470 0.116140 0.116140 0.116140
4597.994141 0.000000 1207.458008 0.000000 0.426880 0.000000 0.904308 0.106935 0.106935 0.106935
4596.393066 0.000000 1208.565430 0.000000 0.773736 0.000000 0.633508 0.111790 0.111790 0.111790
4600.708984 0.000000 1206.615356 0.000000 0.300086 0.000000 0.953912 0.109143 0.109143 0.109143
4626.283691 0.000000 904.882690 0.000000 0.996518 0.000000 0.083382 0.099734 0.099734 0.099734
4698.979980 0.000000 945.582825 0.000000 0.573487 0.000000 0.819214 0.096944 0.096944 0.096944
4704.032227 0.000000 940.687866 0.000000 0.420409 0.000000 0.907335 0.096381 0.096381 0.096381
4697.621582 0.000000 951.624878 0.000000 0.980288 0.000000 -0.197574 0.100633 0.100633 0.100633
4698.709961 0.000000 940.789917 0.000000 0.428400 0.000000 0.903589 0.096409 0.096409 0.096409
4703.334473 0.000000 944.735413 0.000000 0.602573 0.000000 0.798064 0.097059 0.097059 0.097059
4756.089355 0.000000 1005.051270 0.000000 0.344717 0.000000 0.938707 0.096120 0.096120 0.096120
4790.864258 0.000000 1015.233032 0.000000 0.216573 0.000000 0.976266 0.095695 0.095695 0.095695
4809.641113 0.000000 1013.422241 0.000000 0.984012 0.000000 -0.178104 0.100570 0.100570 0.100570
4610.500488 0.000000 1036.462769 0.000000 0.747318 0.000000 0.664466 0.106716 0.106716 0.106716
4609.451660 0.000000 1026.111206 0.000000 0.880566 0.000000 -0.473924 0.111530 0.111530 0.111530
4614.475098 0.000000 1031.309448 0.000000 0.906943 0.000000 0.421254 0.107732 0.107732 0.107732
4825.237793 0.000000 1022.877625 0.000000 0.984432 0.000000 0.175763 0.099438 0.099438 0.099438
4821.668945 0.000000 1026.507690 0.000000 0.916184 0.000000 0.400759 0.098687 0.098687 0.098687
4873.400879 0.000000 976.353516 0.000000 0.933238 0.000000 0.359258 0.098830 0.098830 0.098830
5118.390625 0.000000 959.510559 0.000000 0.821212 0.000000 -0.570623 0.107929 0.107929 0.107929
5114.544434 0.000000 1000.657471 0.000000 0.072980 0.000000 0.997333 0.101368 0.101368 0.101368
5114.368164 0.000000 1012.160339 0.000000 0.991343 0.000000 -0.131294 0.100419 0.100419 0.100419
5112.550781 0.000000 993.093567 0.000000 0.427123 0.000000 0.904193 0.108557 0.108557 0.108557
5117.212891 0.000000 985.626160 0.000000 0.929644 0.000000 -0.368459 0.115091 0.115091 0.115091
5112.315430 0.000000 997.243347 0.000000 0.731822 0.000000 0.681496 0.097613 0.097613 0.097613
5117.611816 0.000000 998.994019 0.000000 0.712832 0.000000 0.701335 0.109819 0.109819 0.109819
5116.832520 0.000000 992.556152 0.000000 0.807047 0.000000 0.590488 0.104851 0.104851 0.104851
5114.631836 0.000000 995.370789 0.000000 0.896563 0.000000 0.442916 0.110960 0.110960 0.110960
5117.032715 0.000000 982.422424 0.000000 0.994500 0.000000 0.104734 0.103854 0.103854 0.103854
5114.504395 0.000000 983.993225 0.000000 0.978067 0.000000 0.208289 0.112966 0.112966 0.112966
5117.738281 0.000000 988.483521 0.000000 0.927396 0.000000 -0.374082 0.111144 0.111144 0.111144
5112.346680 0.000000 982.435242 0.000000 0.968660 0.000000 -0.248389 0.114634 0.114634 0.114634
5119.509766 0.000000 997.452881 0.000000 0.966067 0.000000 -0.258292 0.102244 0.102244 0.102244
5112.742188 0.000000 990.128235 0.000000 0.953257 0.000000 0.302161 0.111505 0.111505 0.111505
5118.948242 0.000000 962.388489 0.000000 0.948835 0.000000 0.315771 0.114226 0.114226 0.114226
5110.180664 0.000000 984.084595 0.000000 0.188254 0.000000 0.982120 0.108189 0.108189 0.108189
5112.096680 0.000000 987.878296 0.000000 0.939768 0.000000 -0.341813 0.114422 0.114422 0.114422
5114.561523 0.000000 991.993652 0.000000 0.984815 0.000000 -0.173606 0.113794 0.113794 0.113794
5117.382324 0.000000 990.536682 0.000000 0.793817 0.000000 0.608156 0.106422 0.106422 0.106422
5116.771484 0.000000 997.318481 0.000000 0.960587 0.000000 0.277980 0.112151 0.112151 0.112151
5112.708984 0.000000 980.677856 0.000000 0.944155 0.000000 -0.329503 0.114941 0.114941 0.114941
5115.429199 0.000000 985.546997 0.000000 0.993675 0.000000 0.112296 0.113318 0.113318 0.113318
5116.473145 0.000000 987.218445 0.000000 0.851945 0.000000 0.523631 0.111730 0.111730 0.111730
4657.272949 0.000000 1389.249878 0.000000 0.673926 0.000000 0.738798 0.097354 0.097354 0.097354
4663.060547 0.000000 1397.224731 0.000000 0.836790 0.000000 -0.547525 0.102700 0.102700 0.102700
4658.798340 0.000000 1392.306152 0.000000 0.995953 0.000000 -0.089879 0.102253 0.102253 0.102253
4663.044922 0.000000 1394.713379 0.000000 0.464456 0.000000 0.885596 0.098430 0.098430 0.098430
4672.156738 0.000000 1410.525146 0.000000 0.876654 0.000000 -0.481121 0.101598 0.101598 0.101598
4669.512207 0.000000 1412.135498 0.000000 0.814604 0.000000 -0.580018 0.101970 0.101970 0.101970
4663.531250 0.000000 1422.713013 0.000000 0.995542 0.000000 0.094320 0.099699 0.099699 0.099699
4667.100586 0.000000 1422.202148 0.000000 0.500317 0.000000 0.865842 0.096668 0.096668 0.096668
5124.032715 0.000000 991.845947 0.000000 0.793612 0.000000 0.608425 0.097918 0.097918 0.097918
5120.163086 0.000000 994.980896 0.000000 0.674141 0.000000 0.738603 0.097355 0.097355 0.097355
5122.822754 0.000000 994.202515 0.000000 0.965480 0.000000 0.260478 0.104994 0.104994 0.104994
5122.311035 0.000000 996.845459 0.000000 0.885406 0.000000 0.464818 0.103701 0.103701 0.103701
5138.127930 0.000000 1029.994751 0.000000 0.904276 0.000000 -0.426948 0.115322 0.115322 0.115322
5129.400879 0.000000 1032.837891 0.000000 0.990233 0.000000 -0.139420 0.113106 0.113106 0.113106
5134.873047 0.000000 1024.765869 0.000000 0.052986 0.000000 0.998595 0.095169 0.095169 0.095169
5134.220703 0.000000 1033.799683 0.000000 0.773195 0.000000 0.634168 0.110691 0.110691 0.110691
5131.929688 0.000000 1028.724609 0.000000 0.790880 0.000000 0.611971 0.110245 0.110245 0.110245
5141.668945 0.000000 1026.507690 0.000000 0.957022 0.000000 -0.290016 0.111963 0.111963 0.111963
5126.424805 0.000000 1037.078857 0.000000 0.114412 0.000000 0.993433 0.095365 0.095365 0.095365
5132.526855 0.000000 1039.764526 0.000000 0.953638 0.000000 -0.300955 0.111438 0.111438 0.111438
5132.112305 0.000000 1031.625488 0.000000 0.820822 0.000000 0.571185 0.110975 0.110975 0.110975
5133.099609 0.000000 1036.495361 0.000000 0.997569 0.000000 0.069685 0.112355 0.112355 0.112355
5136.939453 0.000000 1032.647461 0.000000 0.947888 0.000000 0.318604 0.112552 0.112552 0.112552
5128.614258 0.000000 1030.247559 0.000000 0.280218 0.000000 0.959936 0.107993 0.107993 0.107993
5134.686523 0.000000 1031.310181 0.000000 0.985327 0.000000 -0.170676 0.113783 0.113783 0.113783
5128.173828 0.000000 1038.985107 0.000000 0.723567 0.000000 0.690254 0.109328 0.109328 0.109328
5131.442871 0.000000 1034.527344 0.000000 0.947995 0.000000 -0.318286 0.113766 0.113766 0.113766
5138.498535 0.000000 1020.536743 0.000000 0.976201 0.000000 -0.216866 0.107183 0.107183 0.107183
5139.894531 0.000000 1024.490479 0.000000 0.574217 0.000000 0.818703 0.110796 0.110796 0.110796
5133.487793 0.000000 1026.735474 0.000000 0.970104 0.000000 0.242689 0.106724 0.106724 0.106724
5126.475098 0.000000 1031.309448 0.000000 0.148040 0.000000 0.988981 0.102159 0.102159 0.102159
5137.219727 0.000000 1028.177490 0.000000 0.999110 0.000000 0.042187 0.113573 0.113573 0.113573
5139.236816 0.000000 1028.041870 0.000000 0.994002 0.000000 0.109363 0.113329 0.113329 0.113329
5133.704590 0.000000 1029.545410 0.000000 0.141352 0.000000 0.989959 0.108018 0.108018 0.108018
5136.278320 0.000000 1030.274536 0.000000 0.969209 0.000000 -0.246238 0.114626 0.114626 0.114626
"}
object={
	name="bush_02_generator_2_1"
	clamp_to_water_level=no
	render_under_water=no
	generated_content=yes
	layer="semidynamic_high"
	pdxmesh="tree_bush_04_mesh"
	count=136
	transform="571.524109 0.000000 1143.146851 0.000000 0.749773 0.000000 -0.661696 0.168497 0.168497 0.168497
573.240173 0.000000 1143.718750 0.000000 0.637150 0.000000 -0.770740 0.184293 0.184293 0.184293
573.294678 0.000000 1145.202881 0.000000 0.249044 0.000000 -0.968492 0.147688 0.147688 0.147688
1812.968506 0.000000 2198.531250 0.000000 0.129199 0.000000 -0.991619 0.104588 0.104588 0.104588
1782.382080 0.000000 2288.702637 0.000000 0.164262 0.000000 -0.986417 0.104475 0.104475 0.104475
1775.447998 0.000000 2272.060791 0.000000 0.052017 0.000000 -0.998646 0.104834 0.104834 0.104834
1779.455933 0.000000 2366.147705 0.000000 0.086378 0.000000 -0.996262 0.104725 0.104725 0.104725
1750.937134 0.000000 2330.286621 0.000000 0.610686 0.000000 -0.791873 0.102909 0.102909 0.102909
1749.208252 0.000000 2412.222900 0.000000 0.098802 0.000000 -0.995107 0.104685 0.104685 0.104685
1708.376709 0.000000 2475.095703 0.000000 0.359681 0.000000 -0.933075 0.104120 0.104120 0.104120
1746.230469 0.000000 2466.863770 0.000000 0.142542 0.000000 -0.989789 0.104545 0.104545 0.104545
1818.122314 0.000000 2270.183350 0.000000 0.686923 0.000000 -0.726730 0.102590 0.102590 0.102590
1702.535767 0.000000 2514.820557 0.000000 0.738972 0.000000 -0.673736 0.108947 0.108947 0.108947
1704.198975 0.000000 2516.158447 0.000000 0.607259 0.000000 -0.794504 0.109554 0.109554 0.109554
1739.929565 0.000000 2497.318359 0.000000 0.567344 0.000000 -0.823481 0.104523 0.104523 0.104523
1775.868652 0.000000 2533.723389 0.000000 0.216935 0.000000 -0.976186 0.109271 0.109271 0.109271
1748.984863 0.000000 2522.510498 0.000000 0.244838 0.000000 -0.969564 0.104213 0.104213 0.104213
1725.212891 0.000000 2567.188721 0.000000 0.293971 0.000000 -0.955814 0.104050 0.104050 0.104050
1759.334473 0.000000 2582.782227 0.000000 0.692124 0.000000 -0.721779 0.114921 0.114921 0.114921
1740.721313 0.000000 2580.121826 0.000000 0.699376 0.000000 -0.714754 0.116034 0.116034 0.116034
1720.065796 0.000000 2623.643799 0.000000 0.522739 0.000000 -0.852493 0.123205 0.123205 0.123205
1682.283569 0.000000 2599.414062 0.000000 0.302916 0.000000 -0.953017 0.122960 0.122960 0.122960
1725.524170 0.000000 2615.351074 0.000000 0.060048 0.000000 -0.998195 0.104809 0.104809 0.104809
1720.096558 0.000000 2625.925293 0.000000 0.023836 0.000000 -0.999716 0.112860 0.112860 0.112860
1720.710815 0.000000 2622.112793 0.000000 0.559714 0.000000 -0.828686 0.123038 0.123038 0.123038
1755.131470 0.000000 2614.402344 0.000000 0.769276 0.000000 -0.638917 0.119097 0.119097 0.119097
1775.447998 0.000000 2610.967041 0.000000 0.413709 0.000000 -0.910409 0.113803 0.113803 0.113803
1773.942993 0.000000 2620.222168 0.000000 0.576796 0.000000 -0.816888 0.119495 0.119495 0.119495
1754.245850 0.000000 2616.793213 0.000000 0.633272 0.000000 -0.773929 0.120385 0.120385 0.120385
1775.448120 0.000000 2622.788818 0.000000 0.585846 0.000000 -0.810422 0.119454 0.119454 0.119454
1792.009766 0.000000 2527.505127 0.000000 0.112458 0.000000 -0.993657 0.107866 0.107866 0.107866
1792.936157 0.000000 2507.922119 0.000000 0.785969 0.000000 -0.618265 0.102408 0.102408 0.102408
2953.866211 0.000000 3315.166016 0.000000 0.377450 0.000000 -0.926030 0.103768 0.103768 0.103768
2954.235840 0.000000 3319.778076 0.000000 0.799076 0.000000 -0.601229 0.108628 0.108628 0.108628
2968.641113 0.000000 3388.302734 0.000000 0.567219 0.000000 -0.823567 0.118961 0.118961 0.118961
2958.749756 0.000000 3389.093506 0.000000 0.606632 0.000000 -0.794983 0.118782 0.118782 0.118782
4595.213867 0.000000 780.554077 0.000000 0.685592 0.000000 -0.727986 0.102595 0.102595 0.102595
4552.407715 0.000000 798.593628 0.000000 0.690669 0.000000 -0.723171 0.102573 0.102573 0.102573
4588.062988 0.000000 856.254761 0.000000 0.720177 0.000000 -0.693791 0.102441 0.102441 0.102441
4594.584961 0.000000 875.159851 0.000000 0.468631 0.000000 -0.883394 0.103447 0.103447 0.103447
4605.212891 0.000000 872.657410 0.000000 0.365429 0.000000 -0.930839 0.103809 0.103809 0.103809
4603.981445 0.000000 902.484863 0.000000 0.427512 0.000000 -0.904010 0.103594 0.103594 0.103594
4567.836426 0.000000 897.878479 0.000000 0.618321 0.000000 -0.785925 0.102878 0.102878 0.102878
4646.230957 0.000000 829.310303 0.000000 0.321068 0.000000 -0.947056 0.103960 0.103960 0.103960
4639.453613 0.000000 807.511353 0.000000 0.121464 0.000000 -0.992596 0.104612 0.104612 0.104612
4641.210449 0.000000 835.654602 0.000000 0.461468 0.000000 -0.887157 0.103473 0.103473 0.103473
4609.451172 0.000000 859.441284 0.000000 0.027221 0.000000 -0.999629 0.104913 0.104913 0.104913
4636.793945 0.000000 850.107422 0.000000 0.278381 0.000000 -0.960471 0.104102 0.104102 0.104102
4649.563477 0.000000 873.756653 0.000000 0.672146 0.000000 -0.740419 0.102654 0.102654 0.102654
4645.432617 0.000000 858.292664 0.000000 0.488740 0.000000 -0.872429 0.103375 0.103375 0.103375
4634.122559 0.000000 858.074036 0.000000 0.361450 0.000000 -0.932392 0.103823 0.103823 0.103823
4640.032227 0.000000 884.203491 0.000000 0.697862 0.000000 -0.716232 0.102541 0.102541 0.102541
4653.943359 0.000000 849.620544 0.000000 0.778284 0.000000 -0.627912 0.102161 0.102161 0.102161
4620.552734 0.000000 873.459656 0.000000 0.746713 0.000000 -0.665146 0.102316 0.102316 0.102316
4648.015625 0.000000 854.894226 0.000000 0.029167 0.000000 -0.999575 0.104907 0.104907 0.104907
4639.334473 0.000000 888.251038 0.000000 0.669312 0.000000 -0.742982 0.102666 0.102666 0.102666
4626.579102 0.000000 902.454529 0.000000 0.069494 0.000000 -0.997582 0.104779 0.104779 0.104779
4529.394043 0.000000 929.079773 0.000000 0.699327 0.000000 -0.714802 0.104545 0.104545 0.104545
4543.697754 0.000000 948.474121 0.000000 0.382215 0.000000 -0.924074 0.106367 0.106367 0.106367
4542.994629 0.000000 951.373779 0.000000 0.564237 0.000000 -0.825613 0.106268 0.106268 0.106268
4575.758301 0.000000 933.909607 0.000000 0.444897 0.000000 -0.895582 0.103532 0.103532 0.103532
4544.254883 0.000000 950.890869 0.000000 0.755616 0.000000 -0.655015 0.105425 0.105425 0.105425
4548.032715 0.000000 935.361572 0.000000 0.655057 0.000000 -0.755579 0.103590 0.103590 0.103590
4570.074219 0.000000 934.266418 0.000000 0.384289 0.000000 -0.923213 0.103744 0.103744 0.103744
4561.256836 0.000000 938.464844 0.000000 0.575272 0.000000 -0.817962 0.103338 0.103338 0.103338
4562.190430 0.000000 913.272156 0.000000 0.071039 0.000000 -0.997474 0.104774 0.104774 0.104774
4576.449219 0.000000 929.745300 0.000000 0.195300 0.000000 -0.980744 0.104374 0.104374 0.104374
4568.795410 0.000000 931.662170 0.000000 0.502942 0.000000 -0.864320 0.103323 0.103323 0.103323
4575.328613 0.000000 954.071899 0.000000 0.729073 0.000000 -0.684436 0.103834 0.103834 0.103834
4545.118652 0.000000 948.480103 0.000000 0.535096 0.000000 -0.844792 0.105805 0.105805 0.105805
4543.487305 0.000000 990.462097 0.000000 0.704170 0.000000 -0.710032 0.110841 0.110841 0.110841
4542.419434 0.000000 1002.381653 0.000000 0.423526 0.000000 -0.905884 0.113766 0.113766 0.113766
4575.826172 0.000000 968.356750 0.000000 0.398722 0.000000 -0.917072 0.107471 0.107471 0.107471
4605.212891 0.000000 985.626160 0.000000 0.582613 0.000000 -0.812750 0.107926 0.107926 0.107926
4553.063965 0.000000 990.696350 0.000000 0.136047 0.000000 -0.990702 0.112474 0.112474 0.112474
4570.709961 0.000000 997.274292 0.000000 0.119412 0.000000 -0.992845 0.104619 0.104619 0.104619
4572.431641 0.000000 967.742249 0.000000 0.267717 0.000000 -0.963498 0.104137 0.104137 0.104137
4546.822754 0.000000 994.202515 0.000000 0.161557 0.000000 -0.986863 0.112971 0.112971 0.112971
4597.428223 0.000000 978.075623 0.000000 0.684877 0.000000 -0.728659 0.106909 0.106909 0.106909
4572.944336 0.000000 996.101746 0.000000 0.199947 0.000000 -0.979807 0.112252 0.112252 0.112252
4570.165527 0.000000 968.492126 0.000000 0.287803 0.000000 -0.957690 0.107860 0.107860 0.107860
4568.887695 0.000000 1001.834595 0.000000 0.571847 0.000000 -0.820360 0.111434 0.111434 0.111434
4605.382324 0.000000 990.536682 0.000000 0.382723 0.000000 -0.923863 0.109853 0.109853 0.109853
4572.793945 0.000000 1019.560547 0.000000 0.060430 0.000000 -0.998172 0.108037 0.108037 0.108037
4599.638184 0.000000 1032.462158 0.000000 0.737382 0.000000 -0.675476 0.113543 0.113543 0.113543
4564.569336 0.000000 1022.105225 0.000000 0.614903 0.000000 -0.788602 0.102892 0.102892 0.102892
4595.456055 0.000000 1067.006958 0.000000 0.058312 0.000000 -0.998298 0.104814 0.104814 0.104814
4560.971680 0.000000 1065.895752 0.000000 0.782140 0.000000 -0.623102 0.117305 0.117305 0.117305
4562.283691 0.000000 1017.851440 0.000000 0.330130 0.000000 -0.943936 0.103929 0.103929 0.103929
4589.375000 0.000000 1041.640381 0.000000 0.395975 0.000000 -0.918261 0.111547 0.111547 0.111547
4565.502930 0.000000 1065.037964 0.000000 0.215671 0.000000 -0.976466 0.119209 0.119209 0.119209
4562.579102 0.000000 1071.907593 0.000000 0.730209 0.000000 -0.683224 0.117596 0.117596 0.117596
4603.100586 0.000000 1026.811523 0.000000 0.080320 0.000000 -0.996769 0.116187 0.116187 0.116187
4565.934570 0.000000 1071.530762 0.000000 0.252849 0.000000 -0.967506 0.119070 0.119070 0.119070
4567.191895 0.000000 1062.609375 0.000000 0.742120 0.000000 -0.670267 0.116958 0.116958 0.116958
4577.062500 0.000000 1068.792725 0.000000 0.438976 0.000000 -0.898499 0.116606 0.116606 0.116606
4564.805176 0.000000 1016.786255 0.000000 0.575614 0.000000 -0.817722 0.113728 0.113728 0.113728
4594.103516 0.000000 1065.051636 0.000000 0.081599 0.000000 -0.996665 0.115595 0.115595 0.115595
4601.678223 0.000000 1031.840332 0.000000 0.584272 0.000000 -0.811558 0.114267 0.114267 0.114267
4564.141113 0.000000 1070.650513 0.000000 0.565890 0.000000 -0.824481 0.117812 0.117812 0.117812
4559.590332 0.000000 1068.815186 0.000000 0.528837 0.000000 -0.848724 0.119129 0.119129 0.119129
4557.704590 0.000000 1029.545410 0.000000 0.480480 0.000000 -0.877005 0.116439 0.116439 0.116439
4603.502441 0.000000 1028.716064 0.000000 0.426337 0.000000 -0.904564 0.114915 0.114915 0.114915
4557.317383 0.000000 1069.946045 0.000000 0.502948 0.000000 -0.864317 0.119241 0.119241 0.119241
4561.664551 0.000000 1079.859131 0.000000 0.726917 0.000000 -0.686726 0.102410 0.102410 0.102410
4564.805176 0.000000 1073.270630 0.000000 0.184131 0.000000 -0.982902 0.119326 0.119326 0.119326
4548.602051 0.000000 1075.808960 0.000000 0.312670 0.000000 -0.949862 0.121173 0.121173 0.121173
4608.098633 0.000000 910.698975 0.000000 0.331133 0.000000 -0.943584 0.103926 0.103926 0.103926
4701.392090 0.000000 948.423462 0.000000 0.190277 0.000000 -0.981730 0.104391 0.104391 0.104391
4844.760254 0.000000 998.739502 0.000000 0.633972 0.000000 -0.773356 0.102814 0.102814 0.102814
4608.098633 0.000000 1023.667725 0.000000 0.356948 0.000000 -0.934124 0.114600 0.114600 0.114600
4614.330566 0.000000 1028.815552 0.000000 0.619047 0.000000 -0.785354 0.112385 0.112385 0.112385
4612.047852 0.000000 1025.068848 0.000000 0.704533 0.000000 -0.709671 0.112562 0.112562 0.112562
4613.119141 0.000000 1033.152954 0.000000 0.392485 0.000000 -0.919759 0.113303 0.113303 0.113303
4614.363770 0.000000 1026.231445 0.000000 0.339668 0.000000 -0.940545 0.113501 0.113501 0.113501
4790.816895 0.000000 1017.969543 0.000000 0.654785 0.000000 -0.755815 0.102728 0.102728 0.102728
5117.658691 0.000000 995.550110 0.000000 0.054802 0.000000 -0.998497 0.106294 0.106294 0.106294
5115.211426 0.000000 989.852539 0.000000 0.393898 0.000000 -0.919154 0.117365 0.117365 0.117365
5114.637207 0.000000 987.168091 0.000000 0.230376 0.000000 -0.973102 0.117986 0.117986 0.117986
5115.000977 0.000000 998.035461 0.000000 0.295568 0.000000 -0.955322 0.117160 0.117160 0.117160
5116.008301 0.000000 1002.511536 0.000000 0.733725 0.000000 -0.679446 0.105532 0.105532 0.105532
5115.262207 0.000000 982.370361 0.000000 0.572363 0.000000 -0.820000 0.117206 0.117206 0.117206
4660.365234 0.000000 1394.891235 0.000000 0.520322 0.000000 -0.853970 0.104704 0.104704 0.104704
4663.107910 0.000000 1400.826294 0.000000 0.364595 0.000000 -0.931166 0.104103 0.104103 0.104103
4661.633789 0.000000 1392.682251 0.000000 0.129810 0.000000 -0.991539 0.104879 0.104879 0.104879
4666.807129 0.000000 1418.763916 0.000000 0.354975 0.000000 -0.934876 0.103845 0.103845 0.103845
4672.042480 0.000000 1412.116699 0.000000 0.716245 0.000000 -0.697848 0.102459 0.102459 0.102459
5140.569336 0.000000 1022.105225 0.000000 0.054667 0.000000 -0.998505 0.119801 0.119801 0.119801
5130.351562 0.000000 1037.597656 0.000000 0.241508 0.000000 -0.970399 0.117361 0.117361 0.117361
5138.190430 0.000000 1026.240967 0.000000 0.512756 0.000000 -0.858534 0.117463 0.117463 0.117463
5135.197266 0.000000 1028.351562 0.000000 0.451193 0.000000 -0.892426 0.117137 0.117137 0.117137
5130.329590 0.000000 1041.423340 0.000000 0.400007 0.000000 -0.916512 0.116179 0.116179 0.116179
5129.322266 0.000000 1035.686401 0.000000 0.263297 0.000000 -0.964715 0.116697 0.116697 0.116697
5136.098633 0.000000 1026.478271 0.000000 0.521855 0.000000 -0.853034 0.117424 0.117424 0.117424
5130.618164 0.000000 1030.263184 0.000000 0.532116 0.000000 -0.846671 0.116224 0.116224 0.116224
5130.704590 0.000000 1039.461304 0.000000 0.136671 0.000000 -0.990616 0.117744 0.117744 0.117744
"}
