object={
	name="cypress_mediterranean_sparse_generator_1_0"
	clamp_to_water_level=no
	render_under_water=no
	generated_content=yes
	layer="semidynamic"
	pdxmesh="tree_cypress_mediterranean_02_mesh"
	count=150
	transform="4004.276123 0.000000 2405.590576 0.000000 0.532709 0.000000 0.846299 0.198850 0.198850 0.198850
7148.760254 0.000000 885.770752 0.000000 0.949465 0.000000 0.313874 0.293902 0.293902 0.293902
7159.060547 0.000000 888.865356 0.000000 0.924152 0.000000 0.382025 0.236460 0.236460 0.236460
7151.917480 0.000000 884.047668 0.000000 0.941141 0.000000 0.338015 0.236419 0.236419 0.236419
7159.044922 0.000000 886.353943 0.000000 0.697675 0.000000 0.716414 0.285674 0.285674 0.285674
7161.190430 0.000000 889.372437 0.000000 0.238250 0.000000 0.971204 0.230406 0.230406 0.230406
7149.814941 0.000000 883.811707 0.000000 0.961918 0.000000 0.273339 0.294712 0.294712 0.294712
7160.471680 0.000000 887.721741 0.000000 0.677452 0.000000 0.735567 0.284494 0.284494 0.284494
7158.203613 0.000000 887.596069 0.000000 0.735127 0.000000 0.677929 0.286637 0.286637 0.286637
7227.000977 0.000000 659.129211 0.000000 0.942930 0.000000 0.332991 0.293517 0.293517 0.293517
7221.633789 0.000000 658.385376 0.000000 0.536056 0.000000 0.844183 0.247557 0.247557 0.247557
7227.962402 0.000000 660.276489 0.000000 0.991830 0.000000 -0.127570 0.302443 0.302443 0.302443
7218.318359 0.000000 678.018372 0.000000 0.837137 0.000000 0.546993 0.266571 0.266571 0.266571
7220.657715 0.000000 677.848572 0.000000 0.995034 0.000000 -0.099536 0.247331 0.247331 0.247331
7246.953125 0.000000 731.784180 0.000000 0.531041 0.000000 0.847346 0.208567 0.208567 0.208567
7244.457520 0.000000 729.588440 0.000000 0.833439 0.000000 0.552611 0.288818 0.288818 0.288818
7246.650879 0.000000 728.153320 0.000000 0.864038 0.000000 -0.503426 0.276942 0.276942 0.276942
7247.590332 0.000000 729.908997 0.000000 0.529702 0.000000 0.848184 0.255940 0.255940 0.255940
7244.919922 0.000000 727.848206 0.000000 0.996793 0.000000 0.080019 0.291412 0.291412 0.291412
7258.122559 0.000000 745.105286 0.000000 0.930129 0.000000 0.367234 0.201984 0.201984 0.201984
7245.506836 0.000000 770.111328 0.000000 0.985345 0.000000 0.170575 0.216194 0.216194 0.216194
7260.431641 0.000000 741.804749 0.000000 0.315201 0.000000 0.949025 0.276686 0.276686 0.276686
7242.072266 0.000000 790.468872 0.000000 0.954304 0.000000 -0.298836 0.219644 0.219644 0.219644
7256.077637 0.000000 743.693359 0.000000 0.990128 0.000000 -0.140165 0.302686 0.302686 0.302686
7258.957520 0.000000 740.923706 0.000000 0.106953 0.000000 0.994264 0.274623 0.274623 0.274623
7254.733398 0.000000 743.067993 0.000000 0.922315 0.000000 -0.386440 0.307578 0.307578 0.307578
7257.534668 0.000000 743.858887 0.000000 0.695323 0.000000 0.718698 0.284684 0.284684 0.284684
7332.342285 0.000000 789.965515 0.000000 0.653130 0.000000 0.757246 0.231508 0.231508 0.231508
7336.388184 0.000000 784.298523 0.000000 0.272000 0.000000 0.962297 0.248238 0.248238 0.248238
7244.978516 0.000000 791.517212 0.000000 0.776052 0.000000 0.630669 0.196545 0.196545 0.196545
7258.074219 0.000000 821.297668 0.000000 0.999982 0.000000 -0.005977 0.200041 0.200041 0.200041
7244.552734 0.000000 816.975281 0.000000 0.900904 0.000000 0.434018 0.273198 0.273198 0.273198
7243.929688 0.000000 802.787109 0.000000 0.402535 0.000000 0.915405 0.197233 0.197233 0.197233
7251.771973 0.000000 813.406677 0.000000 0.005079 0.000000 0.999987 0.198557 0.198557 0.198557
7237.119141 0.000000 807.215454 0.000000 0.983304 0.000000 0.181972 0.238676 0.238676 0.238676
7276.412598 0.000000 833.054993 0.000000 0.901248 0.000000 -0.433304 0.248877 0.248877 0.248877
7255.293457 0.000000 814.346008 0.000000 0.378780 0.000000 0.925487 0.197040 0.197040 0.197040
7261.530273 0.000000 818.073608 0.000000 0.993163 0.000000 -0.116732 0.207323 0.207323 0.207323
7240.667480 0.000000 795.560486 0.000000 0.592058 0.000000 0.805896 0.244879 0.244879 0.244879
7242.564941 0.000000 793.330200 0.000000 0.676447 0.000000 0.736491 0.284189 0.284189 0.284189
7242.329590 0.000000 815.485840 0.000000 0.353397 0.000000 0.935473 0.243025 0.243025 0.243025
7245.612305 0.000000 793.909851 0.000000 0.411324 0.000000 0.911489 0.259966 0.259966 0.259966
7259.443848 0.000000 823.046204 0.000000 0.896124 0.000000 0.443805 0.291218 0.291218 0.291218
7272.179688 0.000000 818.965881 0.000000 0.986945 0.000000 -0.161058 0.260553 0.260553 0.260553
7253.422363 0.000000 815.136108 0.000000 0.470095 0.000000 0.882616 0.279347 0.279347 0.279347
7262.609375 0.000000 816.443909 0.000000 0.864300 0.000000 0.502977 0.274675 0.274675 0.274675
7253.452637 0.000000 812.764160 0.000000 0.794237 0.000000 0.607608 0.288506 0.288506 0.288506
7261.614258 0.000000 822.509155 0.000000 0.837802 0.000000 -0.545975 0.307526 0.307526 0.307526
7257.034668 0.000000 822.727783 0.000000 0.989120 0.000000 0.147113 0.297180 0.297180 0.297180
7242.256348 0.000000 795.011963 0.000000 0.813536 0.000000 0.581515 0.288148 0.288148 0.288148
7243.039062 0.000000 807.037659 0.000000 0.753785 0.000000 0.657121 0.286306 0.286306 0.286306
7242.583984 0.000000 817.005249 0.000000 0.049397 0.000000 0.998779 0.271172 0.271172 0.271172
7236.846680 0.000000 805.688538 0.000000 0.947924 0.000000 -0.318498 0.306191 0.306191 0.306191
7250.930176 0.000000 814.643921 0.000000 0.998352 0.000000 0.057384 0.298961 0.298961 0.298961
7250.172363 0.000000 815.928589 0.000000 0.842910 0.000000 0.538055 0.289724 0.289724 0.289724
7243.583984 0.000000 794.338928 0.000000 0.778207 0.000000 0.628008 0.287032 0.287032 0.287032
7237.597656 0.000000 804.248840 0.000000 0.968415 0.000000 0.249346 0.295187 0.295187 0.295187
7272.459473 0.000000 820.300781 0.000000 0.851536 0.000000 -0.524296 0.310540 0.310540 0.310540
7282.842773 0.000000 865.135559 0.000000 0.770294 0.000000 0.637689 0.273736 0.273736 0.273736
7345.519043 0.000000 797.110901 0.000000 0.883102 0.000000 -0.469181 0.213615 0.213615 0.213615
7330.900879 0.000000 790.845947 0.000000 0.716661 0.000000 0.697422 0.194855 0.194855 0.194855
7342.042969 0.000000 796.635925 0.000000 0.846580 0.000000 0.532261 0.239428 0.239428 0.239428
7344.746582 0.000000 794.018921 0.000000 0.439070 0.000000 0.898453 0.227283 0.227283 0.227283
7312.244141 0.000000 819.979065 0.000000 0.857435 0.000000 -0.514592 0.261708 0.261708 0.261708
7315.640625 0.000000 816.093018 0.000000 0.833203 0.000000 -0.552968 0.255129 0.255129 0.255129
7315.362793 0.000000 818.769104 0.000000 0.419895 0.000000 0.907573 0.278276 0.278276 0.278276
7309.139648 0.000000 834.325928 0.000000 0.746479 0.000000 0.665409 0.264451 0.264451 0.264451
7330.934570 0.000000 794.350464 0.000000 0.947469 0.000000 0.319848 0.269087 0.269087 0.269087
7332.990723 0.000000 791.466858 0.000000 0.712746 0.000000 0.701422 0.279541 0.279541 0.279541
7343.105469 0.000000 794.342590 0.000000 0.998884 0.000000 -0.047228 0.300902 0.300902 0.300902
7313.267090 0.000000 821.415039 0.000000 0.386234 0.000000 0.922401 0.279728 0.279728 0.279728
7319.408203 0.000000 859.103821 0.000000 0.931527 0.000000 -0.363672 0.281243 0.281243 0.281243
7320.512695 0.000000 854.998535 0.000000 0.995580 0.000000 -0.093916 0.273861 0.273861 0.273861
7322.692383 0.000000 859.716553 0.000000 0.925472 0.000000 -0.378817 0.307420 0.307420 0.307420
7321.045410 0.000000 859.157471 0.000000 0.710696 0.000000 0.703500 0.285097 0.285097 0.285097
7321.534668 0.000000 856.827637 0.000000 0.994292 0.000000 0.106689 0.297959 0.297959 0.297959
7320.631836 0.000000 857.878479 0.000000 0.561744 0.000000 0.827311 0.281392 0.281392 0.281392
7165.512207 0.000000 903.776184 0.000000 0.588651 0.000000 0.808387 0.207095 0.207095 0.207095
7163.529785 0.000000 904.396973 0.000000 0.795600 0.000000 0.605822 0.250457 0.250457 0.250457
7154.317871 0.000000 908.203125 0.000000 0.018569 0.000000 0.999828 0.269694 0.269694 0.269694
7154.425293 0.000000 905.904358 0.000000 0.985281 0.000000 -0.170944 0.299520 0.299520 0.299520
7167.462891 0.000000 904.099976 0.000000 0.977913 0.000000 0.209012 0.296373 0.296373 0.296373
7155.663574 0.000000 904.918396 0.000000 0.999859 0.000000 -0.016765 0.296920 0.296920 0.296920
6740.089355 0.000000 1513.410645 0.000000 0.999185 0.000000 0.040355 0.269755 0.269755 0.269755
6753.947754 0.000000 1518.067261 0.000000 0.999911 0.000000 -0.013320 0.207665 0.207665 0.207665
6743.371094 0.000000 1511.607666 0.000000 0.095850 0.000000 0.995396 0.242109 0.242109 0.242109
6741.502930 0.000000 1516.912964 0.000000 0.998649 0.000000 0.051966 0.247310 0.247310 0.247310
6743.836426 0.000000 1519.206665 0.000000 0.860070 0.000000 -0.510176 0.309544 0.309544 0.309544
6726.057129 0.000000 1513.531494 0.000000 0.664939 0.000000 0.746898 0.281487 0.281487 0.281487
6753.062500 0.000000 1520.667725 0.000000 0.233527 0.000000 0.972350 0.247715 0.247715 0.247715
6739.443848 0.000000 1518.513550 0.000000 0.362543 0.000000 0.931967 0.260655 0.260655 0.260655
6734.401855 0.000000 1510.289551 0.000000 0.865884 0.000000 -0.500245 0.234408 0.234408 0.234408
6743.348633 0.000000 1521.592163 0.000000 0.990493 0.000000 0.137564 0.238048 0.238048 0.238048
6743.416992 0.000000 1516.526489 0.000000 0.725745 0.000000 0.687964 0.249632 0.249632 0.249632
6728.076660 0.000000 1512.647095 0.000000 0.840154 0.000000 0.542349 0.252473 0.252473 0.252473
7182.007324 0.000000 934.640198 0.000000 0.378221 0.000000 0.925715 0.277408 0.277408 0.277408
7185.260254 0.000000 930.207153 0.000000 0.753930 0.000000 0.656955 0.229367 0.229367 0.229367
7191.293457 0.000000 927.314758 0.000000 0.994445 0.000000 0.105255 0.290999 0.290999 0.290999
7193.283691 0.000000 925.367737 0.000000 0.938662 0.000000 0.344838 0.215749 0.215749 0.215749
7187.362793 0.000000 931.737854 0.000000 0.003425 0.000000 0.999994 0.270065 0.270065 0.270065
7189.422363 0.000000 928.104858 0.000000 0.403951 0.000000 0.914781 0.277942 0.277942 0.277942
7193.598145 0.000000 927.381592 0.000000 0.498996 0.000000 0.866604 0.244022 0.244022 0.244022
7180.080078 0.000000 935.038818 0.000000 0.921658 0.000000 -0.388004 0.278107 0.278107 0.278107
7183.736328 0.000000 934.511230 0.000000 0.975358 0.000000 0.220628 0.295751 0.295751 0.295751
7186.834473 0.000000 930.339478 0.000000 0.958860 0.000000 0.283879 0.294503 0.294503 0.294503
7183.217285 0.000000 935.898499 0.000000 0.331168 0.000000 0.943572 0.276447 0.276447 0.276447
7191.838867 0.000000 934.773682 0.000000 0.969263 0.000000 -0.246025 0.304747 0.304747 0.304747
7190.292480 0.000000 935.170593 0.000000 0.166856 0.000000 0.985981 0.273202 0.273202 0.273202
7462.346680 0.000000 958.007690 0.000000 0.152392 0.000000 0.988320 0.272922 0.272922 0.272922
7442.230469 0.000000 941.785522 0.000000 0.859297 0.000000 0.511477 0.278200 0.278200 0.278200
7449.661133 0.000000 906.816223 0.000000 0.999321 0.000000 -0.036844 0.217397 0.217397 0.217397
7453.422852 0.000000 942.301819 0.000000 0.856776 0.000000 -0.515689 0.222240 0.222240 0.222240
7446.782715 0.000000 911.053345 0.000000 0.949313 0.000000 -0.314332 0.224966 0.224966 0.224966
7447.339844 0.000000 936.157471 0.000000 0.970252 0.000000 0.242099 0.295540 0.295540 0.295540
7443.576660 0.000000 939.201599 0.000000 0.915739 0.000000 0.401774 0.248046 0.248046 0.248046
7460.342285 0.000000 959.418640 0.000000 0.007933 0.000000 0.999969 0.266339 0.266339 0.266339
7462.819824 0.000000 956.001709 0.000000 0.873594 0.000000 0.486655 0.283383 0.283383 0.283383
7451.528320 0.000000 938.289185 0.000000 0.333713 0.000000 0.942675 0.276498 0.276498 0.276498
7448.332520 0.000000 938.954407 0.000000 0.739544 0.000000 0.673108 0.285898 0.285898 0.285898
7448.779785 0.000000 908.286560 0.000000 0.996624 0.000000 0.082107 0.286940 0.286940 0.286940
7442.929199 0.000000 909.224243 0.000000 0.440108 0.000000 0.897945 0.263844 0.263844 0.263844
7452.266602 0.000000 941.117188 0.000000 0.973264 0.000000 -0.229688 0.304426 0.304426 0.304426
7444.841797 0.000000 938.316101 0.000000 0.984704 0.000000 -0.174233 0.303141 0.303141 0.303141
7447.955566 0.000000 937.540588 0.000000 0.800787 0.000000 0.598949 0.288288 0.288288 0.288288
7449.172852 0.000000 940.264771 0.000000 0.955800 0.000000 -0.294017 0.305700 0.305700 0.305700
7478.173828 0.000000 966.418640 0.000000 0.827336 0.000000 0.561707 0.288609 0.288609 0.288609
7469.375000 0.000000 985.156067 0.000000 0.862661 0.000000 -0.505783 0.310128 0.310128 0.310128
7471.145508 0.000000 978.382202 0.000000 0.986913 0.000000 0.161255 0.238899 0.238899 0.238899
7466.288574 0.000000 983.382202 0.000000 0.875736 0.000000 -0.482790 0.309623 0.309623 0.309623
7454.608887 0.000000 965.774048 0.000000 0.405681 0.000000 0.914015 0.277978 0.277978 0.277978
7469.942871 0.000000 982.175232 0.000000 0.964702 0.000000 0.263345 0.294910 0.294910 0.294910
7472.914551 0.000000 977.417969 0.000000 0.995930 0.000000 0.090125 0.298276 0.298276 0.298276
7467.311523 0.000000 985.382141 0.000000 0.493884 0.000000 0.869528 0.279865 0.279865 0.279865
7467.960938 0.000000 982.336609 0.000000 0.998214 0.000000 -0.059734 0.301142 0.301142 0.301142
7454.725586 0.000000 963.826965 0.000000 0.997424 0.000000 -0.071724 0.290497 0.290497 0.290497
7474.516602 0.000000 976.265808 0.000000 0.893508 0.000000 0.449047 0.291542 0.291542 0.291542
7459.182129 0.000000 967.000732 0.000000 0.764197 0.000000 0.644983 0.274619 0.274619 0.274619
7460.990723 0.000000 960.919983 0.000000 0.444044 0.000000 0.896005 0.258527 0.258527 0.258527
7479.353516 0.000000 967.378174 0.000000 0.976964 0.000000 -0.213406 0.304107 0.304107 0.304107
7472.663086 0.000000 978.890320 0.000000 0.971600 0.000000 0.236629 0.295437 0.295437 0.295437
7468.992676 0.000000 983.135132 0.000000 0.787484 0.000000 0.616335 0.287317 0.287317 0.287317
4890.979980 0.000000 2244.723389 0.000000 0.917868 0.000000 -0.396885 0.202751 0.202751 0.202751
4547.505371 0.000000 2528.738770 0.000000 0.953625 0.000000 -0.300998 0.202107 0.202107 0.202107
4766.530273 0.000000 2452.288086 0.000000 0.985966 0.000000 -0.166947 0.212249 0.212249 0.212249
4901.432617 0.000000 2270.402100 0.000000 0.984757 0.000000 -0.173938 0.201192 0.201192 0.201192
5096.832520 0.000000 2658.266846 0.000000 0.904433 0.000000 -0.426615 0.202971 0.202971 0.202971
5176.550781 0.000000 2631.140381 0.000000 0.937144 0.000000 0.348943 0.198320 0.198320 0.198320
5136.971680 0.000000 2647.458252 0.000000 0.987449 0.000000 -0.157941 0.201109 0.201109 0.201109
5542.535645 0.000000 2740.758057 0.000000 0.239804 0.000000 0.970821 0.200927 0.200927 0.200927
5558.173828 0.000000 2886.887451 0.000000 0.197894 0.000000 0.980223 0.191143 0.191143 0.191143
"}
object={
	name="cypress_mediterranean_sparse_generator_1_1"
	clamp_to_water_level=no
	render_under_water=no
	generated_content=yes
	layer="semidynamic"
	pdxmesh="tree_cypress_mediterranean_01_mesh"
	count=73
	transform="4067.764893 0.000000 2511.159668 0.000000 0.406341 0.000000 -0.913722 0.207825 0.207825 0.207825
7153.272949 0.000000 880.890564 0.000000 0.192180 0.000000 -0.981360 0.226813 0.226813 0.226813
7156.365234 0.000000 886.531860 0.000000 0.101561 0.000000 -0.994829 0.269690 0.269690 0.269690
7160.315430 0.000000 884.274597 0.000000 0.791142 0.000000 -0.611633 0.304652 0.304652 0.304652
7157.633789 0.000000 884.322876 0.000000 0.071732 0.000000 -0.997424 0.316484 0.316484 0.316484
7166.390625 0.000000 903.026184 0.000000 0.713085 0.000000 -0.701078 0.292532 0.292532 0.292532
7146.678223 0.000000 885.440674 0.000000 0.211603 0.000000 -0.977356 0.317451 0.317451 0.317451
7161.129395 0.000000 886.084229 0.000000 0.133558 0.000000 -0.991041 0.326957 0.326957 0.326957
7147.628906 0.000000 887.656738 0.000000 0.330931 0.000000 -0.943655 0.300618 0.300618 0.300618
7156.122559 0.000000 884.930786 0.000000 0.095754 0.000000 -0.995405 0.316093 0.316093 0.316093
7226.631836 0.000000 656.464539 0.000000 0.776560 0.000000 -0.630043 0.309894 0.309894 0.309894
7220.706543 0.000000 677.643494 0.000000 0.154563 0.000000 -0.987983 0.262012 0.262012 0.262012
7218.425293 0.000000 679.966858 0.000000 0.418618 0.000000 -0.908163 0.290963 0.290963 0.290963
7247.130859 0.000000 773.668640 0.000000 0.524099 0.000000 -0.851657 0.318090 0.318090 0.318090
7247.870117 0.000000 771.119751 0.000000 0.667551 0.000000 -0.744564 0.261668 0.261668 0.261668
7246.401855 0.000000 775.992737 0.000000 0.798402 0.000000 -0.602125 0.311954 0.311954 0.311954
7258.165527 0.000000 742.554626 0.000000 0.334005 0.000000 -0.942571 0.323496 0.323496 0.323496
7259.966309 0.000000 743.909973 0.000000 0.750081 0.000000 -0.661346 0.313801 0.313801 0.313801
7246.389648 0.000000 772.081299 0.000000 0.159987 0.000000 -0.987119 0.325030 0.325030 0.325030
7256.512695 0.000000 742.029785 0.000000 0.568368 0.000000 -0.822774 0.318455 0.318455 0.318455
7261.055664 0.000000 740.310669 0.000000 0.285647 0.000000 -0.958335 0.323892 0.323892 0.323892
7337.322754 0.000000 782.572510 0.000000 0.360253 0.000000 -0.932855 0.218570 0.218570 0.218570
7262.530273 0.000000 814.241333 0.000000 0.537508 0.000000 -0.843259 0.227980 0.227980 0.227980
7270.535645 0.000000 820.289368 0.000000 0.698756 0.000000 -0.715360 0.241227 0.241227 0.241227
7243.786133 0.000000 795.834167 0.000000 0.313897 0.000000 -0.949457 0.323902 0.323902 0.323902
7261.237305 0.000000 824.303467 0.000000 0.714889 0.000000 -0.699238 0.227203 0.227203 0.227203
7272.567383 0.000000 825.464539 0.000000 0.342124 0.000000 -0.939655 0.297882 0.297882 0.297882
7242.618164 0.000000 804.325623 0.000000 0.714255 0.000000 -0.699886 0.310256 0.310256 0.310256
7262.945801 0.000000 819.245178 0.000000 0.754141 0.000000 -0.656713 0.297095 0.297095 0.297095
7277.943359 0.000000 849.620544 0.000000 0.722484 0.000000 -0.691388 0.230100 0.230100 0.230100
7314.817383 0.000000 821.225159 0.000000 0.740386 0.000000 -0.672182 0.313002 0.313002 0.313002
7311.870117 0.000000 827.604126 0.000000 0.634024 0.000000 -0.773314 0.276274 0.276274 0.276274
7343.882812 0.000000 795.804932 0.000000 0.162554 0.000000 -0.986700 0.326882 0.326882 0.326882
7309.340332 0.000000 831.008057 0.000000 0.435603 0.000000 -0.900139 0.298913 0.298913 0.298913
7322.122559 0.000000 858.074036 0.000000 0.755166 0.000000 -0.655533 0.313653 0.313653 0.313653
7320.077637 0.000000 856.662109 0.000000 0.650472 0.000000 -0.759530 0.316474 0.316474 0.316474
7323.877441 0.000000 858.756531 0.000000 0.334039 0.000000 -0.942559 0.323495 0.323495 0.323495
7162.385254 0.000000 906.342041 0.000000 0.387883 0.000000 -0.921709 0.244322 0.244322 0.244322
7156.003906 0.000000 907.077576 0.000000 0.759530 0.000000 -0.650472 0.313526 0.313526 0.313526
7166.948242 0.000000 905.904114 0.000000 0.482646 0.000000 -0.875816 0.318382 0.318382 0.318382
7155.914062 0.000000 909.538391 0.000000 0.170798 0.000000 -0.985306 0.318796 0.318796 0.318796
7160.246582 0.000000 906.606873 0.000000 0.296912 0.000000 -0.954905 0.322341 0.322341 0.322341
6740.968750 0.000000 1520.718872 0.000000 0.062274 0.000000 -0.998059 0.236149 0.236149 0.236149
6731.941895 0.000000 1510.397827 0.000000 0.550894 0.000000 -0.834575 0.256003 0.256003 0.256003
6755.689941 0.000000 1520.195435 0.000000 0.209748 0.000000 -0.977756 0.237335 0.237335 0.237335
6730.235840 0.000000 1512.277954 0.000000 0.469269 0.000000 -0.883055 0.253331 0.253331 0.253331
6741.843750 0.000000 1518.878418 0.000000 0.648586 0.000000 -0.761142 0.316522 0.316522 0.316522
6741.917480 0.000000 1512.855957 0.000000 0.497032 0.000000 -0.867732 0.284701 0.284701 0.284701
6726.562500 0.000000 1512.015747 0.000000 0.139759 0.000000 -0.990185 0.319319 0.319319 0.319319
6740.561035 0.000000 1519.359131 0.000000 0.140032 0.000000 -0.990147 0.327317 0.327317 0.327317
7184.244141 0.000000 932.947815 0.000000 0.662399 0.000000 -0.749151 0.316172 0.316172 0.316172
7191.885254 0.000000 929.530090 0.000000 0.697630 0.000000 -0.716458 0.315254 0.315254 0.315254
7187.576660 0.000000 939.201599 0.000000 0.631873 0.000000 -0.775072 0.298497 0.298497 0.298497
7190.404297 0.000000 929.365295 0.000000 0.472038 0.000000 -0.881578 0.320611 0.320611 0.320611
7188.958984 0.000000 929.419739 0.000000 0.533180 0.000000 -0.846002 0.319260 0.319260 0.319260
7450.709961 0.000000 940.789917 0.000000 0.062880 0.000000 -0.998021 0.326483 0.326483 0.326483
7449.237793 0.000000 909.908875 0.000000 0.280832 0.000000 -0.959757 0.308504 0.308504 0.308504
7444.984863 0.000000 940.947998 0.000000 0.654159 0.000000 -0.756357 0.316381 0.316381 0.316381
7463.778320 0.000000 959.584961 0.000000 0.066065 0.000000 -0.997815 0.328737 0.328737 0.328737
7450.057129 0.000000 939.213135 0.000000 0.279512 0.000000 -0.960142 0.324590 0.324590 0.324590
7449.336426 0.000000 941.748291 0.000000 0.378840 0.000000 -0.925462 0.322579 0.322579 0.322579
7451.559082 0.000000 939.639343 0.000000 0.674967 0.000000 -0.737848 0.315849 0.315849 0.315849
7452.793945 0.000000 963.076172 0.000000 0.658707 0.000000 -0.752400 0.205932 0.205932 0.205932
7462.686523 0.000000 960.540161 0.000000 0.562489 0.000000 -0.826805 0.298579 0.298579 0.298579
7457.491699 0.000000 966.129639 0.000000 0.069792 0.000000 -0.997562 0.325968 0.325968 0.325968
7464.687988 0.000000 982.734985 0.000000 0.213590 0.000000 -0.976924 0.325889 0.325889 0.325889
7467.954590 0.000000 983.940430 0.000000 0.471768 0.000000 -0.881723 0.320617 0.320617 0.320617
4865.318848 0.000000 2241.779053 0.000000 0.798582 0.000000 -0.601886 0.204257 0.204257 0.204257
4431.272949 0.000000 2507.230957 0.000000 0.606550 0.000000 -0.795045 0.206264 0.206264 0.206264
4765.237305 0.000000 2462.350342 0.000000 0.574274 0.000000 -0.818663 0.211846 0.211846 0.211846
4958.236816 0.000000 2368.389160 0.000000 0.648838 0.000000 -0.760926 0.207553 0.207553 0.207553
5505.318848 0.000000 2863.107178 0.000000 0.550509 0.000000 -0.834829 0.209033 0.209033 0.209033
5554.789551 0.000000 2892.790527 0.000000 0.726444 0.000000 -0.687226 0.205603 0.205603 0.205603
"}
