object={
	name="cypress_mediterranean_sparse_generator_3_0"
	clamp_to_water_level=no
	render_under_water=no
	generated_content=yes
	layer="semidynamic_high"
	pdxmesh="tree_cypress_mediterranean_02_mesh"
	count=164
	transform="4029.738281 0.000000 2513.561768 0.000000 0.989241 0.000000 -0.146296 0.201026 0.201026 0.201026
4049.664795 0.000000 2491.968506 0.000000 0.606649 0.000000 0.794970 0.193622 0.193622 0.193622
7153.424316 0.000000 885.682190 0.000000 0.992942 0.000000 -0.118601 0.206771 0.206771 0.206771
7150.049316 0.000000 885.179199 0.000000 0.299712 0.000000 0.954030 0.226698 0.226698 0.226698
7150.890137 0.000000 883.520447 0.000000 0.906620 0.000000 -0.421949 0.269232 0.269232 0.269232
7154.433594 0.000000 885.024109 0.000000 0.814326 0.000000 -0.580407 0.290782 0.290782 0.290782
7146.652344 0.000000 886.918274 0.000000 0.990676 0.000000 -0.136236 0.284128 0.284128 0.284128
7148.419434 0.000000 884.020569 0.000000 0.640860 0.000000 0.767658 0.283285 0.283285 0.283285
7156.704102 0.000000 885.709045 0.000000 0.999565 0.000000 -0.029501 0.292636 0.292636 0.292636
7149.417480 0.000000 882.466980 0.000000 0.869592 0.000000 0.493771 0.290137 0.290137 0.290137
7218.798340 0.000000 658.009277 0.000000 0.966226 0.000000 -0.257695 0.201822 0.201822 0.201822
7220.147949 0.000000 676.490356 0.000000 0.871909 0.000000 -0.489669 0.251928 0.251928 0.251928
7227.621094 0.000000 656.236694 0.000000 0.266280 0.000000 0.963896 0.276223 0.276223 0.276223
7226.668457 0.000000 657.357300 0.000000 0.920778 0.000000 -0.390087 0.305124 0.305124 0.305124
7227.146973 0.000000 660.018494 0.000000 0.943483 0.000000 0.331420 0.293548 0.293548 0.293548
7219.501953 0.000000 677.879395 0.000000 0.773577 0.000000 0.633702 0.258317 0.258317 0.258317
7247.440918 0.000000 728.848572 0.000000 0.919232 0.000000 -0.393717 0.275266 0.275266 0.275266
7247.688965 0.000000 727.788757 0.000000 0.999019 0.000000 -0.044283 0.269226 0.269226 0.269226
7244.758789 0.000000 728.748230 0.000000 0.991830 0.000000 -0.127566 0.302443 0.302443 0.302443
7245.307617 0.000000 729.360291 0.000000 0.941958 0.000000 0.335731 0.293461 0.293461 0.293461
7248.024902 0.000000 775.715454 0.000000 0.872984 0.000000 0.487749 0.217073 0.217073 0.217073
7255.222656 0.000000 747.006714 0.000000 0.986564 0.000000 -0.163375 0.302999 0.302999 0.302999
7246.905273 0.000000 772.831970 0.000000 0.989600 0.000000 -0.143846 0.302562 0.302562 0.302562
7254.602051 0.000000 743.924866 0.000000 0.999386 0.000000 -0.035033 0.300669 0.300669 0.300669
7255.187012 0.000000 747.856201 0.000000 0.999107 0.000000 -0.042251 0.300772 0.300772 0.300772
7259.628418 0.000000 741.446533 0.000000 0.995114 0.000000 -0.098732 0.301715 0.301715 0.301715
7254.559082 0.000000 746.432373 0.000000 0.957449 0.000000 0.288602 0.294650 0.294650 0.294650
7257.369141 0.000000 742.140625 0.000000 0.798031 0.000000 0.602616 0.287648 0.287648 0.287648
7246.122559 0.000000 774.979614 0.000000 0.281289 0.000000 0.959623 0.276216 0.276216 0.276216
7255.301270 0.000000 743.595825 0.000000 0.999906 0.000000 0.013719 0.299738 0.299738 0.299738
7255.041992 0.000000 742.330261 0.000000 0.993150 0.000000 0.116849 0.297763 0.297763 0.297763
7335.243164 0.000000 785.197144 0.000000 0.965549 0.000000 -0.260221 0.242258 0.242258 0.242258
7332.170898 0.000000 788.693481 0.000000 0.992471 0.000000 -0.122480 0.241918 0.241918 0.241918
7337.492676 0.000000 784.780640 0.000000 0.120418 0.000000 0.992723 0.246204 0.246204 0.246204
7333.378906 0.000000 790.726074 0.000000 0.398583 0.000000 0.917132 0.273318 0.273318 0.273318
7235.820801 0.000000 804.586609 0.000000 0.971992 0.000000 -0.235013 0.201646 0.201646 0.201646
7249.436523 0.000000 814.650269 0.000000 0.289440 0.000000 0.957196 0.191104 0.191104 0.191104
7243.461426 0.000000 818.375671 0.000000 0.962480 0.000000 0.271354 0.219144 0.219144 0.219144
7263.972656 0.000000 815.162231 0.000000 0.920379 0.000000 0.391027 0.215863 0.215863 0.215863
7252.841797 0.000000 825.347351 0.000000 0.901632 0.000000 -0.432505 0.227263 0.227263 0.227263
7272.074707 0.000000 823.114197 0.000000 0.201471 0.000000 0.979494 0.219299 0.219299 0.219299
7270.014160 0.000000 821.609924 0.000000 0.744875 0.000000 0.667204 0.226100 0.226100 0.226100
7252.314941 0.000000 817.686829 0.000000 0.964967 0.000000 -0.262369 0.248605 0.248605 0.248605
7252.958984 0.000000 816.450989 0.000000 0.883661 0.000000 0.468127 0.240250 0.240250 0.240250
7273.341797 0.000000 819.431213 0.000000 0.734970 0.000000 0.678100 0.249284 0.249284 0.249284
7273.081055 0.000000 818.298584 0.000000 0.847841 0.000000 -0.530251 0.265488 0.265488 0.265488
7272.466309 0.000000 824.318726 0.000000 0.980406 0.000000 -0.196989 0.282762 0.282762 0.282762
7263.979004 0.000000 819.849182 0.000000 0.909074 0.000000 -0.416635 0.292653 0.292653 0.292653
7245.181641 0.000000 792.597229 0.000000 0.643291 0.000000 0.765621 0.263921 0.263921 0.263921
7260.799316 0.000000 823.301025 0.000000 0.999158 0.000000 -0.041025 0.298453 0.298453 0.298453
7263.795898 0.000000 818.695496 0.000000 0.856800 0.000000 -0.515649 0.294388 0.294388 0.294388
7242.227051 0.000000 806.581482 0.000000 0.852383 0.000000 0.522918 0.289491 0.289491 0.289491
7237.606445 0.000000 805.143494 0.000000 0.856436 0.000000 0.516253 0.289640 0.289640 0.289640
7243.237793 0.000000 795.147095 0.000000 0.905167 0.000000 -0.425055 0.308385 0.308385 0.308385
7256.141602 0.000000 822.814026 0.000000 0.967097 0.000000 0.254409 0.295087 0.295087 0.295087
7257.665527 0.000000 822.154236 0.000000 0.893343 0.000000 0.449376 0.291099 0.291099 0.291099
7253.675293 0.000000 815.987976 0.000000 0.862995 0.000000 0.505213 0.289885 0.289885 0.289885
7250.187500 0.000000 815.041138 0.000000 0.952924 0.000000 0.303211 0.294428 0.294428 0.294428
7236.600586 0.000000 804.928467 0.000000 0.971067 0.000000 0.238807 0.295395 0.295395 0.295395
7243.473633 0.000000 793.542969 0.000000 0.540906 0.000000 0.841083 0.280915 0.280915 0.280915
7242.817383 0.000000 794.114075 0.000000 0.929046 0.000000 0.369963 0.292762 0.292762 0.292762
7280.918945 0.000000 862.251770 0.000000 0.471386 0.000000 0.881927 0.192640 0.192640 0.192640
7279.757812 0.000000 850.030884 0.000000 0.986300 0.000000 -0.164961 0.282851 0.282851 0.282851
7283.106445 0.000000 864.133911 0.000000 0.250492 0.000000 0.968119 0.264159 0.264159 0.264159
7278.127441 0.000000 850.568542 0.000000 0.567711 0.000000 0.823228 0.266041 0.266041 0.266041
7307.557617 0.000000 830.729004 0.000000 0.920046 0.000000 0.391810 0.210990 0.210990 0.210990
7310.389648 0.000000 828.565674 0.000000 0.922149 0.000000 0.386835 0.220225 0.220225 0.220225
7343.546387 0.000000 797.128662 0.000000 0.998060 0.000000 0.062265 0.244967 0.244967 0.244967
7342.601562 0.000000 797.883789 0.000000 0.989151 0.000000 -0.146904 0.247295 0.247295 0.247295
7308.862793 0.000000 835.443604 0.000000 0.058552 0.000000 0.998284 0.253315 0.253315 0.253315
7308.307617 0.000000 831.541748 0.000000 0.118448 0.000000 0.992960 0.260241 0.260241 0.260241
7308.499512 0.000000 830.164124 0.000000 0.923699 0.000000 -0.383118 0.287984 0.287984 0.287984
7331.282715 0.000000 795.317505 0.000000 0.999964 0.000000 -0.008489 0.273789 0.273789 0.273789
7315.763672 0.000000 821.584534 0.000000 0.995983 0.000000 0.089546 0.298418 0.298418 0.298418
7312.566406 0.000000 821.964233 0.000000 0.397537 0.000000 0.917586 0.279940 0.279940 0.279940
7314.499512 0.000000 818.802551 0.000000 0.976991 0.000000 0.213279 0.295895 0.295895 0.295895
7321.039551 0.000000 855.893127 0.000000 0.923675 0.000000 -0.383176 0.278034 0.278034 0.278034
7321.814453 0.000000 859.924988 0.000000 0.988244 0.000000 0.152887 0.297069 0.297069 0.297069
7320.152832 0.000000 859.638062 0.000000 0.999884 0.000000 -0.015229 0.300291 0.300291 0.300291
7322.924316 0.000000 858.759521 0.000000 0.795439 0.000000 0.606033 0.287566 0.287566 0.287566
7323.399414 0.000000 859.380676 0.000000 0.975075 0.000000 -0.221875 0.304273 0.304273 0.304273
7320.376465 0.000000 858.739746 0.000000 0.873570 0.000000 -0.486698 0.309708 0.309708 0.309708
7321.367188 0.000000 857.590393 0.000000 0.991461 0.000000 0.130406 0.297502 0.297502 0.297502
7161.144531 0.000000 905.365295 0.000000 0.880165 0.000000 0.474669 0.220417 0.220417 0.220417
7162.353516 0.000000 904.880432 0.000000 0.761313 0.000000 0.648385 0.249778 0.249778 0.249778
7163.503906 0.000000 905.655273 0.000000 0.845324 0.000000 -0.534254 0.265547 0.265547 0.265547
7167.628906 0.000000 905.053955 0.000000 0.931549 0.000000 -0.363616 0.306411 0.306411 0.306411
7160.811035 0.000000 907.792175 0.000000 0.808502 0.000000 0.588493 0.288926 0.288926 0.288926
7156.380371 0.000000 907.879822 0.000000 0.145341 0.000000 0.989382 0.272786 0.272786 0.272786
7154.802734 0.000000 904.799866 0.000000 0.813779 0.000000 -0.581174 0.307041 0.307041 0.307041
7154.949219 0.000000 906.562073 0.000000 0.950448 0.000000 -0.310885 0.306038 0.306038 0.306038
7157.621094 0.000000 907.911987 0.000000 0.843413 0.000000 0.537266 0.289167 0.289167 0.289167
7157.483887 0.000000 906.265259 0.000000 0.513316 0.000000 0.858200 0.280295 0.280295 0.280295
6731.557617 0.000000 1508.541504 0.000000 0.998414 0.000000 0.056292 0.214940 0.214940 0.214940
6754.393066 0.000000 1521.295410 0.000000 0.086255 0.000000 0.996273 0.211384 0.211384 0.211384
6730.666016 0.000000 1510.955322 0.000000 0.997189 0.000000 0.074922 0.244270 0.244270 0.244270
6740.580078 0.000000 1516.190918 0.000000 0.871342 0.000000 -0.490677 0.253708 0.253708 0.253708
6743.733887 0.000000 1510.494995 0.000000 0.574339 0.000000 0.818618 0.248640 0.248640 0.248640
6752.789062 0.000000 1521.713867 0.000000 0.815187 0.000000 -0.579198 0.273387 0.273387 0.273387
6727.104492 0.000000 1512.890625 0.000000 0.813918 0.000000 -0.580980 0.305832 0.305832 0.305832
6729.779297 0.000000 1511.133667 0.000000 0.814309 0.000000 0.580432 0.288753 0.288753 0.288753
6740.237793 0.000000 1518.628906 0.000000 0.010773 0.000000 0.999942 0.270206 0.270206 0.270206
7181.872070 0.000000 932.152466 0.000000 0.342065 0.000000 0.939676 0.191698 0.191698 0.191698
7184.399414 0.000000 931.470703 0.000000 0.825713 0.000000 0.564091 0.230568 0.230568 0.230568
7192.429199 0.000000 927.683472 0.000000 0.526556 0.000000 0.850140 0.244415 0.244415 0.244415
7190.463867 0.000000 927.992615 0.000000 0.963864 0.000000 0.266394 0.288323 0.288323 0.288323
7185.145020 0.000000 932.730957 0.000000 0.050773 0.000000 0.998710 0.270970 0.270970 0.270970
7190.974121 0.000000 934.590454 0.000000 0.801363 0.000000 0.598179 0.287753 0.287753 0.287753
7189.675293 0.000000 928.956726 0.000000 0.891022 0.000000 0.453961 0.291001 0.291001 0.291001
7187.430176 0.000000 930.923767 0.000000 0.079949 0.000000 0.996799 0.271529 0.271529 0.271529
7183.908203 0.000000 935.437683 0.000000 0.210972 0.000000 0.977492 0.274060 0.274060 0.274060
7182.694824 0.000000 934.200745 0.000000 0.411444 0.000000 0.911435 0.278099 0.278099 0.278099
7191.062500 0.000000 935.396240 0.000000 0.784411 0.000000 0.620241 0.287222 0.287222 0.287222
7185.245605 0.000000 933.552551 0.000000 0.021239 0.000000 0.999774 0.270406 0.270406 0.270406
7189.725586 0.000000 929.787231 0.000000 0.979803 0.000000 -0.199966 0.303845 0.303845 0.303845
7184.086914 0.000000 932.184143 0.000000 0.952281 0.000000 -0.305224 0.305924 0.305924 0.305924
7445.668945 0.000000 913.538879 0.000000 0.861916 0.000000 -0.507052 0.203518 0.203518 0.203518
7445.609863 0.000000 936.398987 0.000000 0.166377 0.000000 0.986062 0.203782 0.203782 0.203782
7443.350098 0.000000 906.103882 0.000000 0.922912 0.000000 -0.385011 0.221577 0.221577 0.221577
7446.696289 0.000000 940.064697 0.000000 0.917797 0.000000 0.397049 0.240051 0.240051 0.240051
7442.317871 0.000000 938.992737 0.000000 0.801367 0.000000 0.598174 0.245349 0.245349 0.245349
7447.759277 0.000000 912.168945 0.000000 0.305612 0.000000 0.952156 0.265992 0.265992 0.265992
7442.243652 0.000000 908.518433 0.000000 0.919677 0.000000 -0.392676 0.286381 0.286381 0.286381
7443.228027 0.000000 908.287537 0.000000 0.715282 0.000000 0.698836 0.268909 0.268909 0.268909
7442.564453 0.000000 940.842041 0.000000 0.855032 0.000000 0.518575 0.278072 0.278072 0.278072
7449.506836 0.000000 909.026794 0.000000 0.995603 0.000000 0.093670 0.286757 0.286757 0.286757
7443.247070 0.000000 941.599609 0.000000 0.767341 0.000000 0.641239 0.275723 0.275723 0.275723
7444.163574 0.000000 941.358032 0.000000 0.888056 0.000000 -0.459734 0.309123 0.309123 0.309123
7449.831055 0.000000 940.988098 0.000000 0.895068 0.000000 -0.445929 0.308828 0.308828 0.308828
7451.588867 0.000000 940.532776 0.000000 0.312986 0.000000 0.949758 0.278003 0.278003 0.278003
7445.793945 0.000000 940.395386 0.000000 0.114622 0.000000 0.993409 0.272194 0.272194 0.272194
7453.604980 0.000000 941.440735 0.000000 0.998678 0.000000 0.051410 0.299018 0.299018 0.299018
7444.539551 0.000000 939.123535 0.000000 0.463118 0.000000 0.886297 0.280461 0.280461 0.280461
7448.531250 0.000000 941.473633 0.000000 0.298795 0.000000 0.954317 0.275795 0.275795 0.275795
7445.570801 0.000000 938.765808 0.000000 0.990903 0.000000 0.134575 0.297579 0.297579 0.297579
7449.232910 0.000000 939.428589 0.000000 0.962944 0.000000 0.269700 0.294785 0.294785 0.294785
7453.767578 0.000000 940.123596 0.000000 0.792408 0.000000 0.609992 0.287470 0.287470 0.287470
7449.920410 0.000000 940.013000 0.000000 0.783810 0.000000 0.621001 0.287204 0.287204 0.287204
7464.688965 0.000000 984.634888 0.000000 0.937128 0.000000 -0.348985 0.212586 0.212586 0.212586
7453.325684 0.000000 964.709351 0.000000 0.946952 0.000000 -0.321376 0.231377 0.231377 0.231377
7454.425293 0.000000 967.118713 0.000000 0.993318 0.000000 0.115413 0.249357 0.249357 0.249357
7471.484375 0.000000 979.693481 0.000000 0.892776 0.000000 0.450502 0.235661 0.235661 0.235661
7455.628906 0.000000 963.365173 0.000000 0.956764 0.000000 -0.290866 0.294046 0.294046 0.294046
7479.095703 0.000000 966.494385 0.000000 0.648864 0.000000 0.760905 0.283485 0.283485 0.283485
7466.562012 0.000000 982.558472 0.000000 0.413785 0.000000 0.910374 0.278148 0.278148 0.278148
7455.473145 0.000000 965.889832 0.000000 0.919708 0.000000 0.392604 0.292294 0.292294 0.292294
7475.625977 0.000000 977.779236 0.000000 0.732641 0.000000 0.680615 0.286404 0.286404 0.286404
7472.334961 0.000000 979.664307 0.000000 0.788701 0.000000 0.614777 0.287355 0.287355 0.287355
7467.568848 0.000000 984.641785 0.000000 0.939977 0.000000 -0.341237 0.306651 0.306651 0.306651
7467.204590 0.000000 982.099792 0.000000 0.835214 0.000000 -0.549924 0.311121 0.311121 0.311121
4844.760254 0.000000 2241.395752 0.000000 0.762525 0.000000 0.646959 0.195433 0.195433 0.195433
4826.074219 0.000000 2233.406982 0.000000 0.810415 0.000000 0.585857 0.195921 0.195921 0.195921
4900.045898 0.000000 2208.165527 0.000000 0.972440 0.000000 0.233154 0.198455 0.198455 0.198455
4432.186523 0.000000 2504.463867 0.000000 0.948965 0.000000 -0.315381 0.202534 0.202534 0.202534
4488.173828 0.000000 2564.063232 0.000000 0.723139 0.000000 0.690703 0.194670 0.194670 0.194670
4446.961914 0.000000 2599.242676 0.000000 0.858802 0.000000 -0.512308 0.204059 0.204059 0.204059
4765.739258 0.000000 2450.291260 0.000000 0.692366 0.000000 0.721546 0.205602 0.205602 0.205602
4892.431641 0.000000 2266.882812 0.000000 0.966722 0.000000 0.255829 0.198256 0.198256 0.198256
4905.676758 0.000000 2277.441895 0.000000 0.957527 0.000000 0.288345 0.197999 0.197999 0.197999
5098.673340 0.000000 2654.909424 0.000000 0.785642 0.000000 0.618681 0.195504 0.195504 0.195504
5111.819336 0.000000 2673.596436 0.000000 0.988770 0.000000 0.149442 0.198974 0.198974 0.198974
5137.360840 0.000000 2644.441650 0.000000 0.954653 0.000000 -0.297722 0.202113 0.202113 0.202113
5140.436035 0.000000 2640.553223 0.000000 0.961918 0.000000 -0.273340 0.202225 0.202225 0.202225
5161.128906 0.000000 2675.631348 0.000000 0.999985 0.000000 0.005526 0.201361 0.201361 0.201361
"}
object={
	name="cypress_mediterranean_sparse_generator_3_1"
	clamp_to_water_level=no
	render_under_water=no
	generated_content=yes
	layer="semidynamic_high"
	pdxmesh="tree_cypress_mediterranean_01_mesh"
	count=72
	transform="4079.339111 0.000000 2429.074219 0.000000 0.143424 0.000000 -0.989661 0.210304 0.210304 0.210304
4035.505127 0.000000 2528.738770 0.000000 0.006119 0.000000 -0.999981 0.210352 0.210352 0.210352
7167.644043 0.000000 903.286133 0.000000 0.385404 0.000000 -0.922748 0.298468 0.298468 0.298468
7158.076172 0.000000 886.641541 0.000000 0.543532 0.000000 -0.839389 0.317869 0.317869 0.317869
7228.771484 0.000000 658.412231 0.000000 0.264898 0.000000 -0.964276 0.220592 0.220592 0.220592
7220.695801 0.000000 657.431824 0.000000 0.311025 0.000000 -0.950402 0.270327 0.270327 0.270327
7226.115723 0.000000 659.526489 0.000000 0.086825 0.000000 -0.996224 0.328340 0.328340 0.328340
7226.250488 0.000000 658.707336 0.000000 0.513600 0.000000 -0.858030 0.319699 0.319699 0.319699
7244.970703 0.000000 724.798279 0.000000 0.582549 0.000000 -0.812795 0.228119 0.228119 0.228119
7246.414551 0.000000 727.090576 0.000000 0.503567 0.000000 -0.863956 0.282723 0.282723 0.282723
7254.782715 0.000000 741.600220 0.000000 0.387664 0.000000 -0.921801 0.208168 0.208168 0.208168
7246.689941 0.000000 770.641174 0.000000 0.700105 0.000000 -0.714040 0.261145 0.261145 0.261145
7258.914062 0.000000 741.904785 0.000000 0.598185 0.000000 -0.801358 0.316117 0.316117 0.316117
7259.286133 0.000000 740.104065 0.000000 0.790300 0.000000 -0.612720 0.311435 0.311435 0.311435
7261.943359 0.000000 740.404602 0.000000 0.280577 0.000000 -0.959832 0.323990 0.323990 0.323990
7260.848633 0.000000 741.124939 0.000000 0.707560 0.000000 -0.706653 0.314635 0.314635 0.314635
7335.167969 0.000000 782.766846 0.000000 0.723478 0.000000 -0.690347 0.211581 0.211581 0.211581
7333.805176 0.000000 789.823608 0.000000 0.526511 0.000000 -0.850168 0.251392 0.251392 0.251392
7260.947754 0.000000 820.853088 0.000000 0.576489 0.000000 -0.817105 0.207602 0.207602 0.207602
7242.704590 0.000000 813.523743 0.000000 0.066256 0.000000 -0.997803 0.225335 0.225335 0.225335
7239.699707 0.000000 806.636108 0.000000 0.563409 0.000000 -0.826178 0.234412 0.234412 0.234412
7243.316406 0.000000 791.698303 0.000000 0.441513 0.000000 -0.897255 0.226471 0.226471 0.226471
7245.735352 0.000000 806.449341 0.000000 0.728511 0.000000 -0.685034 0.249821 0.249821 0.249821
7277.494141 0.000000 832.421631 0.000000 0.511690 0.000000 -0.859170 0.255279 0.255279 0.255279
7240.070801 0.000000 794.574097 0.000000 0.249729 0.000000 -0.968316 0.272373 0.272373 0.272373
7275.103516 0.000000 826.054199 0.000000 0.474727 0.000000 -0.880133 0.278162 0.278162 0.278162
7263.611328 0.000000 816.197815 0.000000 0.608121 0.000000 -0.793844 0.296481 0.296481 0.296481
7262.344238 0.000000 817.439941 0.000000 0.324365 0.000000 -0.945932 0.301364 0.301364 0.301364
7243.444824 0.000000 804.930542 0.000000 0.456533 0.000000 -0.889706 0.315670 0.315670 0.315670
7261.834473 0.000000 823.517090 0.000000 0.219679 0.000000 -0.975572 0.320578 0.320578 0.320578
7250.979004 0.000000 815.533081 0.000000 0.719018 0.000000 -0.694991 0.313899 0.313899 0.313899
7273.240723 0.000000 820.255066 0.000000 0.736969 0.000000 -0.675926 0.314175 0.314175 0.314175
7253.313477 0.000000 814.330505 0.000000 0.630878 0.000000 -0.775882 0.316962 0.316962 0.316962
7259.549316 0.000000 822.281677 0.000000 0.522425 0.000000 -0.852685 0.319502 0.319502 0.319502
7282.122070 0.000000 864.318542 0.000000 0.004118 0.000000 -0.999992 0.308278 0.308278 0.308278
7333.372070 0.000000 794.845764 0.000000 0.410673 0.000000 -0.911783 0.226758 0.226758 0.226758
7332.130371 0.000000 790.782166 0.000000 0.560226 0.000000 -0.828340 0.307998 0.307998 0.307998
7312.493164 0.000000 820.883606 0.000000 0.714660 0.000000 -0.699472 0.313373 0.313373 0.313373
7333.791992 0.000000 790.866028 0.000000 0.189258 0.000000 -0.981927 0.314559 0.314559 0.314559
7321.831543 0.000000 854.409119 0.000000 0.536036 0.000000 -0.844195 0.286568 0.286568 0.286568
7321.352539 0.000000 858.408691 0.000000 0.058723 0.000000 -0.998274 0.328878 0.328878 0.328878
7166.448730 0.000000 904.274963 0.000000 0.636990 0.000000 -0.770872 0.315163 0.315163 0.315163
7164.553711 0.000000 904.056824 0.000000 0.167601 0.000000 -0.985855 0.324211 0.324211 0.324211
7156.597656 0.000000 906.308960 0.000000 0.608375 0.000000 -0.793650 0.317509 0.317509 0.317509
7161.008789 0.000000 906.202759 0.000000 0.242504 0.000000 -0.970150 0.323336 0.323336 0.323336
6740.196289 0.000000 1517.356079 0.000000 0.533734 0.000000 -0.845653 0.259313 0.259313 0.259313
6742.761719 0.000000 1513.671509 0.000000 0.262226 0.000000 -0.965006 0.322782 0.322782 0.322782
6743.622559 0.000000 1518.355591 0.000000 0.422406 0.000000 -0.906407 0.320226 0.320226 0.320226
7192.422363 0.000000 933.450256 0.000000 0.210901 0.000000 -0.977507 0.229788 0.229788 0.229788
7181.138672 0.000000 935.288330 0.000000 0.577361 0.000000 -0.816489 0.285874 0.285874 0.285874
7187.823730 0.000000 938.014526 0.000000 0.081091 0.000000 -0.996707 0.307757 0.307757 0.307757
7180.066406 0.000000 934.015381 0.000000 0.176985 0.000000 -0.984214 0.291978 0.291978 0.291978
7186.823242 0.000000 939.888489 0.000000 0.475710 0.000000 -0.879602 0.301388 0.301388 0.301388
7186.499512 0.000000 931.771301 0.000000 0.141367 0.000000 -0.989957 0.327291 0.327291 0.327291
7450.685059 0.000000 939.891357 0.000000 0.385112 0.000000 -0.922870 0.322450 0.322450 0.322450
7446.437012 0.000000 936.145081 0.000000 0.178958 0.000000 -0.983857 0.325366 0.325366 0.325366
7451.358398 0.000000 941.391174 0.000000 0.771282 0.000000 -0.636494 0.312118 0.312118 0.312118
7450.909668 0.000000 938.960510 0.000000 0.606627 0.000000 -0.794986 0.317551 0.317551 0.317551
7452.669922 0.000000 941.823975 0.000000 0.442681 0.000000 -0.896679 0.321242 0.321242 0.321242
7452.295410 0.000000 940.125793 0.000000 0.480919 0.000000 -0.876765 0.320418 0.320418 0.320418
7446.146973 0.000000 939.475098 0.000000 0.648915 0.000000 -0.760861 0.316513 0.316513 0.316513
7476.916016 0.000000 967.597412 0.000000 0.787898 0.000000 -0.615806 0.225642 0.225642 0.225642
7460.130371 0.000000 960.235291 0.000000 0.460114 0.000000 -0.887860 0.289677 0.289677 0.289677
7458.542969 0.000000 967.985046 0.000000 0.289366 0.000000 -0.957219 0.305139 0.305139 0.305139
7456.543945 0.000000 966.233643 0.000000 0.798999 0.000000 -0.601332 0.311162 0.311162 0.311162
7455.155762 0.000000 965.080750 0.000000 0.399734 0.000000 -0.916631 0.322146 0.322146 0.322146
7475.951172 0.000000 976.049011 0.000000 0.228306 0.000000 -0.973589 0.324346 0.324346 0.324346
7468.176758 0.000000 983.147095 0.000000 0.658309 0.000000 -0.752748 0.316276 0.316276 0.316276
4888.572266 0.000000 2242.354980 0.000000 0.684493 0.000000 -0.729020 0.205506 0.205506 0.205506
5143.191895 0.000000 2644.171875 0.000000 0.575124 0.000000 -0.818066 0.207010 0.207010 0.207010
5140.994629 0.000000 2657.318359 0.000000 0.360053 0.000000 -0.932932 0.208728 0.208728 0.208728
5464.887695 0.000000 2809.334473 0.000000 0.022673 0.000000 -0.999743 0.217460 0.217460 0.217460
"}
