object={
	name="cypress_mediterranean_dense_generator_2_0"
	clamp_to_water_level=no
	render_under_water=no
	generated_content=yes
	layer="semidynamic_medium"
	pdxmesh="tree_cypress_mediterranean_02_mesh"
	count=568
	transform="3910.424561 0.000000 2449.188232 0.000000 0.975978 0.000000 -0.217871 0.201519 0.201519 0.201519
3962.305176 0.000000 2472.809570 0.000000 0.916148 0.000000 -0.400841 0.206650 0.206650 0.206650
3945.677002 0.000000 2446.895020 0.000000 0.966955 0.000000 -0.254945 0.206094 0.206094 0.206094
3962.504395 0.000000 2452.586914 0.000000 0.918681 0.000000 -0.395001 0.215870 0.215870 0.215870
3957.519043 0.000000 2455.453613 0.000000 0.821593 0.000000 -0.570074 0.218661 0.218661 0.218661
3942.469482 0.000000 2455.422119 0.000000 0.915726 0.000000 0.401804 0.212522 0.212522 0.212522
3962.637451 0.000000 2455.761719 0.000000 0.061986 0.000000 0.998077 0.200473 0.200473 0.200473
3965.738281 0.000000 2457.077393 0.000000 0.968271 0.000000 -0.249902 0.215208 0.215208 0.215208
3948.128174 0.000000 2456.269531 0.000000 0.722729 0.000000 0.691132 0.209087 0.209087 0.209087
3965.124756 0.000000 2481.307373 0.000000 0.624969 0.000000 0.780650 0.208505 0.208505 0.208505
3949.942871 0.000000 2450.769043 0.000000 0.998879 0.000000 0.047331 0.214456 0.214456 0.214456
3938.111328 0.000000 2460.443359 0.000000 0.002420 0.000000 0.999997 0.204353 0.204353 0.204353
3941.463867 0.000000 2436.433594 0.000000 0.882453 0.000000 0.470400 0.203295 0.203295 0.203295
3945.128906 0.000000 2449.693848 0.000000 0.074644 0.000000 0.997210 0.203016 0.203016 0.203016
3950.693848 0.000000 2460.886719 0.000000 0.306678 0.000000 0.951813 0.204979 0.204979 0.204979
3960.742188 0.000000 2458.721924 0.000000 0.970294 0.000000 -0.241929 0.215714 0.215714 0.215714
3940.550293 0.000000 2459.622070 0.000000 0.914985 0.000000 0.403488 0.213587 0.213587 0.213587
3958.180420 0.000000 2452.678223 0.000000 0.020053 0.000000 0.999799 0.200621 0.200621 0.200621
3967.163330 0.000000 2461.502686 0.000000 0.973491 0.000000 -0.228724 0.215032 0.215032 0.215032
3935.330566 0.000000 2461.249268 0.000000 0.503161 0.000000 0.864193 0.209310 0.209310 0.209310
3950.671387 0.000000 2475.282715 0.000000 0.927405 0.000000 -0.374060 0.220897 0.220897 0.220897
3963.305908 0.000000 2478.607178 0.000000 0.513108 0.000000 0.858324 0.207370 0.207370 0.207370
3962.561523 0.000000 2460.587402 0.000000 0.027145 0.000000 0.999632 0.201165 0.201165 0.201165
3935.005371 0.000000 2463.732910 0.000000 0.546461 0.000000 0.837485 0.210256 0.210256 0.210256
3931.444092 0.000000 2461.093018 0.000000 0.298176 0.000000 0.954511 0.204905 0.204905 0.204905
3953.031494 0.000000 2475.166748 0.000000 0.231126 0.000000 0.972924 0.205814 0.205814 0.205814
3946.219238 0.000000 2475.042725 0.000000 0.833668 0.000000 0.552265 0.213219 0.213219 0.213219
3949.465576 0.000000 2473.124023 0.000000 0.999563 0.000000 0.029572 0.216838 0.216838 0.216838
3959.867676 0.000000 2476.059814 0.000000 0.390532 0.000000 0.920589 0.206727 0.206727 0.206727
3940.916016 0.000000 2456.890625 0.000000 0.676324 0.000000 0.736604 0.210108 0.210108 0.210108
3936.801270 0.000000 2457.143311 0.000000 0.827868 0.000000 0.560924 0.212599 0.212599 0.212599
3947.060303 0.000000 2462.961670 0.000000 0.904923 0.000000 -0.425575 0.220210 0.220210 0.220210
3944.389160 0.000000 2482.458496 0.000000 0.036269 0.000000 0.999342 0.206094 0.206094 0.206094
3931.528320 0.000000 2463.367432 0.000000 0.489308 0.000000 0.872111 0.208666 0.208666 0.208666
3977.604492 0.000000 2456.282471 0.000000 0.946525 0.000000 0.322629 0.207785 0.207785 0.207785
3980.526855 0.000000 2451.874023 0.000000 0.138991 0.000000 0.990294 0.198633 0.198633 0.198633
3974.056885 0.000000 2473.765869 0.000000 0.994201 0.000000 -0.107539 0.214037 0.214037 0.214037
3982.979980 0.000000 2453.668213 0.000000 0.999996 0.000000 0.002880 0.209221 0.209221 0.209221
3974.395264 0.000000 2458.883789 0.000000 0.979838 0.000000 -0.199794 0.213083 0.213083 0.213083
3987.443848 0.000000 2478.747803 0.000000 0.736242 0.000000 0.676719 0.206103 0.206103 0.206103
3970.627686 0.000000 2457.535400 0.000000 0.882411 0.000000 -0.470479 0.215377 0.215377 0.215377
3969.042969 0.000000 2461.329102 0.000000 0.837918 0.000000 0.545797 0.207430 0.207430 0.207430
4055.371094 0.000000 2471.842041 0.000000 0.890696 0.000000 0.454599 0.196701 0.196701 0.196701
4050.579102 0.000000 2484.017090 0.000000 0.969438 0.000000 -0.245337 0.204307 0.204307 0.204307
4059.595215 0.000000 2479.351807 0.000000 0.694018 0.000000 0.719958 0.194634 0.194634 0.194634
4056.572266 0.000000 2468.292480 0.000000 0.497665 0.000000 0.867369 0.192687 0.192687 0.192687
4041.278076 0.000000 2478.911621 0.000000 0.941694 0.000000 0.336470 0.200593 0.200593 0.200593
4049.722656 0.000000 2481.005371 0.000000 0.993302 0.000000 0.115547 0.201687 0.201687 0.201687
4053.934570 0.000000 2483.640137 0.000000 0.165429 0.000000 0.986222 0.191904 0.191904 0.191904
3901.508057 0.000000 2535.089355 0.000000 0.534715 0.000000 0.845033 0.192988 0.192988 0.192988
3899.964600 0.000000 2536.614258 0.000000 0.117254 0.000000 0.993102 0.216522 0.216522 0.216522
3914.072266 0.000000 2541.484619 0.000000 0.943613 0.000000 0.331051 0.206082 0.206082 0.206082
3924.984863 0.000000 2522.510498 0.000000 0.051355 0.000000 0.998680 0.195989 0.195989 0.195989
3936.330078 0.000000 2539.609863 0.000000 0.332651 0.000000 0.943050 0.217170 0.217170 0.217170
3953.687988 0.000000 2494.265137 0.000000 0.721027 0.000000 0.692907 0.211158 0.211158 0.211158
3949.143311 0.000000 2485.614746 0.000000 0.957100 0.000000 -0.289759 0.221288 0.221288 0.221288
3911.784180 0.000000 2538.628906 0.000000 0.992774 0.000000 -0.119996 0.235091 0.235091 0.235091
3910.073242 0.000000 2539.100098 0.000000 0.020095 0.000000 0.999798 0.218455 0.218455 0.218455
3923.071045 0.000000 2528.680420 0.000000 0.967559 0.000000 0.252643 0.228070 0.228070 0.228070
3901.252197 0.000000 2552.223145 0.000000 0.972696 0.000000 -0.232084 0.240235 0.240235 0.240235
3903.824951 0.000000 2555.049561 0.000000 0.859226 0.000000 0.511595 0.232267 0.232267 0.232267
3899.993408 0.000000 2558.340576 0.000000 0.964658 0.000000 -0.263506 0.241719 0.241719 0.241719
3903.169189 0.000000 2558.674561 0.000000 0.875189 0.000000 0.483782 0.233131 0.233131 0.233131
3927.407959 0.000000 2553.635010 0.000000 0.842578 0.000000 -0.538574 0.218941 0.218941 0.218941
3957.427979 0.000000 2559.638184 0.000000 0.971262 0.000000 -0.238013 0.223689 0.223689 0.223689
3967.814697 0.000000 2560.241455 0.000000 0.054446 0.000000 0.998517 0.213989 0.213989 0.213989
3910.474854 0.000000 2556.387451 0.000000 0.470804 0.000000 0.882238 0.201880 0.201880 0.201880
3913.322266 0.000000 2560.764404 0.000000 0.501473 0.000000 0.865173 0.211836 0.211836 0.211836
3923.237061 0.000000 2553.119873 0.000000 0.955592 0.000000 -0.294694 0.228811 0.228811 0.228811
3916.062012 0.000000 2563.102295 0.000000 0.089883 0.000000 0.995952 0.210932 0.210932 0.210932
3922.442383 0.000000 2556.813477 0.000000 0.961317 0.000000 0.275444 0.232206 0.232206 0.232206
3915.316406 0.000000 2542.713867 0.000000 0.973386 0.000000 0.229173 0.231591 0.231591 0.231591
3904.233887 0.000000 2555.240234 0.000000 0.441191 0.000000 0.897413 0.225808 0.225808 0.225808
3924.433350 0.000000 2558.811523 0.000000 0.909314 0.000000 0.416110 0.228546 0.228546 0.228546
3904.369629 0.000000 2552.698730 0.000000 0.828894 0.000000 0.559405 0.231154 0.231154 0.231154
3923.704102 0.000000 2555.561035 0.000000 0.972565 0.000000 0.232633 0.232104 0.232104 0.232104
3925.729980 0.000000 2557.386963 0.000000 0.945719 0.000000 0.324986 0.231141 0.231141 0.231141
4093.524170 0.000000 2502.382324 0.000000 0.999955 0.000000 0.009500 0.199934 0.199934 0.199934
4076.376709 0.000000 2531.580078 0.000000 0.751511 0.000000 0.659721 0.197330 0.197330 0.197330
4087.060791 0.000000 2526.912109 0.000000 0.756366 0.000000 0.654149 0.197911 0.197911 0.197911
4090.305176 0.000000 2529.293945 0.000000 0.923848 0.000000 0.382759 0.199691 0.199691 0.199691
4054.628418 0.000000 2515.339600 0.000000 0.516061 0.000000 0.856552 0.198703 0.198703 0.198703
4077.386719 0.000000 2540.019531 0.000000 0.769246 0.000000 0.638952 0.201755 0.201755 0.201755
4092.832764 0.000000 2517.634277 0.000000 0.313437 0.000000 0.949609 0.191485 0.191485 0.191485
4040.667480 0.000000 2490.091797 0.000000 0.922806 0.000000 -0.385266 0.207683 0.207683 0.207683
4090.631836 0.000000 2520.448975 0.000000 0.997691 0.000000 -0.067920 0.201884 0.201884 0.201884
4068.759766 0.000000 2506.688721 0.000000 0.990302 0.000000 0.138933 0.201517 0.201517 0.201517
4060.380127 0.000000 2540.162842 0.000000 0.728369 0.000000 0.685185 0.203388 0.203388 0.203388
4056.795410 0.000000 2513.224609 0.000000 0.999199 0.000000 0.040013 0.205025 0.205025 0.205025
4070.469482 0.000000 2511.906494 0.000000 0.938576 0.000000 0.345071 0.200527 0.200527 0.200527
4065.062500 0.000000 2537.386475 0.000000 0.982587 0.000000 -0.185804 0.209556 0.209556 0.209556
4049.436523 0.000000 2509.181641 0.000000 0.152247 0.000000 0.988342 0.195773 0.195773 0.195773
4051.640381 0.000000 2510.624268 0.000000 0.550439 0.000000 0.834876 0.197464 0.197464 0.197464
4064.544434 0.000000 2532.644043 0.000000 0.246319 0.000000 0.969189 0.197493 0.197493 0.197493
4064.330078 0.000000 2539.609863 0.000000 0.991885 0.000000 -0.127140 0.209666 0.209666 0.209666
4055.348877 0.000000 2538.311035 0.000000 0.409904 0.000000 0.912129 0.201347 0.201347 0.201347
4021.566895 0.000000 2554.259033 0.000000 0.725093 0.000000 0.688651 0.211731 0.211731 0.211731
4009.128906 0.000000 2562.662598 0.000000 0.973569 0.000000 -0.228391 0.223602 0.223602 0.223602
3994.245850 0.000000 2560.308838 0.000000 0.980690 0.000000 -0.195569 0.225586 0.225586 0.225586
4021.177490 0.000000 2552.317383 0.000000 0.518555 0.000000 0.855044 0.209463 0.209463 0.209463
4011.960938 0.000000 2563.899170 0.000000 0.039483 0.000000 0.999220 0.208058 0.208058 0.208058
4049.664795 0.000000 2548.452881 0.000000 0.905702 0.000000 -0.423914 0.216706 0.216706 0.216706
4062.961914 0.000000 2542.758301 0.000000 0.991200 0.000000 -0.132373 0.210840 0.210840 0.210840
4062.952637 0.000000 2561.309082 0.000000 0.163467 0.000000 0.986549 0.196848 0.196848 0.196848
4057.706787 0.000000 2555.436279 0.000000 0.935053 0.000000 -0.354507 0.215519 0.215519 0.215519
4033.451416 0.000000 2551.189209 0.000000 0.819964 0.000000 -0.572414 0.221043 0.221043 0.221043
4042.565186 0.000000 2544.345703 0.000000 0.661250 0.000000 0.750165 0.206303 0.206303 0.206303
4040.614258 0.000000 2555.325684 0.000000 0.923478 0.000000 0.383652 0.212145 0.212145 0.212145
4065.411865 0.000000 2556.753906 0.000000 0.442391 0.000000 0.896823 0.202644 0.202644 0.202644
4093.638184 0.000000 2561.520020 0.000000 0.810428 0.000000 0.585838 0.202264 0.202264 0.202264
4075.690186 0.000000 2545.360840 0.000000 0.915355 0.000000 0.402648 0.204947 0.204947 0.204947
4073.128906 0.000000 2562.662598 0.000000 0.854671 0.000000 -0.519171 0.215236 0.215236 0.215236
4056.535645 0.000000 2558.151855 0.000000 0.555967 0.000000 0.831204 0.205228 0.205228 0.205228
4051.894287 0.000000 2549.568604 0.000000 0.715554 0.000000 0.698557 0.206386 0.206386 0.206386
4059.677979 0.000000 2546.811035 0.000000 0.423907 0.000000 0.905706 0.201975 0.201975 0.201975
4095.814697 0.000000 2560.241455 0.000000 0.953807 0.000000 -0.300421 0.209887 0.209887 0.209887
4058.245850 0.000000 2560.308838 0.000000 0.989738 0.000000 0.142895 0.212005 0.212005 0.212005
4065.365723 0.000000 2551.971680 0.000000 0.994703 0.000000 0.102792 0.207889 0.207889 0.207889
4045.612061 0.000000 2544.925537 0.000000 0.233099 0.000000 0.972453 0.201866 0.201866 0.201866
4062.816895 0.000000 2556.234619 0.000000 0.728253 0.000000 0.685308 0.206009 0.206009 0.206009
4038.474854 0.000000 2556.387451 0.000000 0.182807 0.000000 0.983149 0.204413 0.204413 0.204413
4058.165771 0.000000 2550.054688 0.000000 0.395289 0.000000 0.918557 0.202232 0.202232 0.202232
4068.916016 0.000000 2569.859375 0.000000 0.897005 0.000000 0.442021 0.209462 0.209462 0.209462
6735.272949 0.000000 699.731079 0.000000 0.078358 0.000000 0.996925 0.190313 0.190313 0.190313
6757.098633 0.000000 720.683472 0.000000 0.947847 0.000000 0.318725 0.197805 0.197805 0.197805
6782.624512 0.000000 686.632629 0.000000 0.470735 0.000000 0.882274 0.192446 0.192446 0.192446
6765.375000 0.000000 702.734192 0.000000 0.460761 0.000000 0.887524 0.192531 0.192531 0.192531
6746.074219 0.000000 764.813293 0.000000 0.753462 0.000000 0.657491 0.195253 0.195253 0.195253
6736.971680 0.000000 783.473877 0.000000 0.875826 0.000000 0.482626 0.196681 0.196681 0.196681
6746.364746 0.000000 759.858215 0.000000 0.078442 0.000000 0.996919 0.190053 0.190053 0.190053
6754.015137 0.000000 754.792419 0.000000 0.797481 0.000000 0.603344 0.195683 0.195683 0.195683
6866.230469 0.000000 715.848022 0.000000 0.961204 0.000000 0.275840 0.202150 0.202150 0.202150
6868.984863 0.000000 715.010498 0.000000 0.867103 0.000000 -0.498129 0.208614 0.208614 0.208614
6909.125000 0.000000 730.291748 0.000000 0.998589 0.000000 0.053101 0.207158 0.207158 0.207158
6799.831543 0.000000 738.468750 0.000000 0.857673 0.000000 0.514196 0.196333 0.196333 0.196333
6873.681152 0.000000 768.074341 0.000000 0.953285 0.000000 0.302073 0.197855 0.197855 0.197855
6718.419434 0.000000 832.928528 0.000000 0.828633 0.000000 -0.559793 0.204005 0.204005 0.204005
6775.107910 0.000000 835.982544 0.000000 0.611786 0.000000 0.791024 0.193986 0.193986 0.193986
6703.663086 0.000000 857.277527 0.000000 0.828152 0.000000 0.560504 0.195885 0.195885 0.195885
6694.581055 0.000000 882.390076 0.000000 0.925126 0.000000 0.379661 0.198630 0.198630 0.198630
6755.991211 0.000000 862.992126 0.000000 0.926222 0.000000 -0.376977 0.202615 0.202615 0.202615
6801.256836 0.000000 825.496094 0.000000 0.999203 0.000000 -0.039924 0.200265 0.200265 0.200265
6805.208496 0.000000 830.660461 0.000000 0.922875 0.000000 -0.385100 0.202635 0.202635 0.202635
6918.507812 0.000000 729.903625 0.000000 0.666883 0.000000 0.745163 0.202201 0.202201 0.202201
6916.384766 0.000000 728.585144 0.000000 0.945089 0.000000 0.326813 0.202848 0.202848 0.202848
6946.857422 0.000000 763.425781 0.000000 0.382777 0.000000 0.923841 0.198084 0.198084 0.198084
6936.572266 0.000000 773.761230 0.000000 0.738412 0.000000 0.674350 0.198242 0.198242 0.198242
6941.422852 0.000000 772.848694 0.000000 0.845888 0.000000 -0.533361 0.208918 0.208918 0.208918
6929.664551 0.000000 740.952881 0.000000 0.994362 0.000000 -0.106035 0.208937 0.208937 0.208937
6928.186523 0.000000 753.448120 0.000000 0.787650 0.000000 0.616123 0.201448 0.201448 0.201448
6935.068359 0.000000 738.808044 0.000000 0.733550 0.000000 0.679636 0.202922 0.202922 0.202922
6924.721191 0.000000 772.621704 0.000000 0.319575 0.000000 0.947561 0.195058 0.195058 0.195058
6926.686523 0.000000 748.888367 0.000000 0.892902 0.000000 -0.450251 0.210539 0.210539 0.210539
6946.111328 0.000000 765.912048 0.000000 0.571645 0.000000 0.820501 0.199717 0.199717 0.199717
6945.365723 0.000000 744.471741 0.000000 0.355235 0.000000 0.934777 0.199372 0.199372 0.199372
7005.422852 0.000000 772.848694 0.000000 0.992449 0.000000 0.122658 0.211616 0.211616 0.211616
6990.604980 0.000000 781.873840 0.000000 0.972027 0.000000 0.234868 0.208503 0.208503 0.208503
6990.979980 0.000000 759.137024 0.000000 0.067680 0.000000 0.997707 0.200030 0.200030 0.200030
6984.173828 0.000000 756.563171 0.000000 0.992401 0.000000 0.123046 0.211059 0.211059 0.211059
6986.235840 0.000000 777.981079 0.000000 0.991856 0.000000 -0.127364 0.211367 0.211367 0.211367
7019.659668 0.000000 770.476501 0.000000 0.908419 0.000000 -0.418060 0.217235 0.217235 0.217235
7003.190918 0.000000 762.606262 0.000000 0.077930 0.000000 0.996959 0.201090 0.201090 0.201090
7022.782227 0.000000 776.361023 0.000000 0.993227 0.000000 -0.116187 0.214107 0.214107 0.214107
7004.944336 0.000000 770.164246 0.000000 0.986236 0.000000 0.165345 0.211269 0.211269 0.211269
7007.330566 0.000000 766.717957 0.000000 0.309777 0.000000 0.950809 0.203007 0.203007 0.203007
7158.864258 0.000000 732.811157 0.000000 0.963786 0.000000 -0.266678 0.201840 0.201840 0.201840
7098.631836 0.000000 769.433289 0.000000 0.808153 0.000000 0.588973 0.198515 0.198515 0.198515
7083.601562 0.000000 787.196960 0.000000 0.979386 0.000000 0.201995 0.211520 0.211520 0.211520
7050.235840 0.000000 777.981079 0.000000 0.369868 0.000000 0.929084 0.206037 0.206037 0.206037
7067.673340 0.000000 787.070190 0.000000 0.351184 0.000000 0.936307 0.204867 0.204867 0.204867
7048.237305 0.000000 782.323425 0.000000 0.623679 0.000000 0.781681 0.207458 0.207458 0.207458
7053.139648 0.000000 777.841553 0.000000 0.440986 0.000000 0.897514 0.206686 0.206686 0.206686
7165.212891 0.000000 759.688660 0.000000 0.474643 0.000000 0.880178 0.192826 0.192826 0.192826
7129.681152 0.000000 768.074341 0.000000 0.810543 0.000000 -0.585679 0.204311 0.204311 0.204311
7136.449219 0.000000 760.292175 0.000000 0.875385 0.000000 0.483427 0.203720 0.203720 0.203720
7131.190918 0.000000 762.606262 0.000000 0.725219 0.000000 0.688519 0.206498 0.206498 0.206498
7140.550293 0.000000 765.090881 0.000000 0.981809 0.000000 -0.189869 0.213003 0.213003 0.213003
6976.009766 0.000000 832.973755 0.000000 0.977454 0.000000 0.211147 0.201539 0.201539 0.201539
7029.519043 0.000000 817.406677 0.000000 0.988366 0.000000 0.152095 0.208059 0.208059 0.208059
6988.721191 0.000000 829.106079 0.000000 0.685898 0.000000 0.727698 0.198219 0.198219 0.198219
7014.385742 0.000000 807.626282 0.000000 0.303401 0.000000 0.952863 0.199450 0.199450 0.199450
7028.003906 0.000000 850.593201 0.000000 0.893285 0.000000 0.449490 0.202396 0.202396 0.202396
7052.375000 0.000000 845.449097 0.000000 0.989891 0.000000 -0.141828 0.210348 0.210348 0.210348
7076.759766 0.000000 868.641846 0.000000 0.773275 0.000000 0.634071 0.201803 0.201803 0.201803
7416.550781 0.000000 484.734161 0.000000 0.506162 0.000000 0.862438 0.193249 0.193249 0.193249
7410.103516 0.000000 500.207886 0.000000 0.623603 0.000000 0.781741 0.223933 0.223933 0.223933
7417.007324 0.000000 497.535522 0.000000 0.453289 0.000000 0.891364 0.234441 0.234441 0.234441
7413.449707 0.000000 501.766510 0.000000 0.323653 0.000000 0.946176 0.232371 0.232371 0.232371
7416.654297 0.000000 469.087921 0.000000 0.999876 0.000000 -0.015739 0.250322 0.250322 0.250322
7415.822754 0.000000 483.168152 0.000000 0.865225 0.000000 0.501383 0.243012 0.243012 0.243012
7419.955078 0.000000 482.930145 0.000000 0.999065 0.000000 0.043231 0.247967 0.247967 0.247967
7422.095703 0.000000 483.421112 0.000000 0.839092 0.000000 0.543990 0.241912 0.241912 0.241912
7418.093750 0.000000 482.311859 0.000000 0.954712 0.000000 -0.297532 0.251898 0.251898 0.251898
7407.339355 0.000000 508.605377 0.000000 0.821826 0.000000 0.569739 0.207199 0.207199 0.207199
7377.493164 0.000000 552.332153 0.000000 0.912949 0.000000 -0.408074 0.215405 0.215405 0.215405
7400.756348 0.000000 513.825867 0.000000 0.647699 0.000000 0.761896 0.217025 0.217025 0.217025
7404.016602 0.000000 510.108002 0.000000 0.938892 0.000000 0.344213 0.240676 0.240676 0.240676
7423.462891 0.000000 508.709351 0.000000 0.993666 0.000000 0.112374 0.243854 0.243854 0.243854
7404.147461 0.000000 523.994751 0.000000 0.925236 0.000000 0.379393 0.238646 0.238646 0.238646
7397.106445 0.000000 520.957336 0.000000 0.989561 0.000000 -0.144112 0.244990 0.244990 0.244990
7291.981445 0.000000 620.062988 0.000000 0.348030 0.000000 0.937483 0.194270 0.194270 0.194270
7257.505859 0.000000 675.099854 0.000000 0.917595 0.000000 0.397516 0.197244 0.197244 0.197244
7304.908691 0.000000 610.743774 0.000000 0.893755 0.000000 -0.448556 0.204129 0.204129 0.204129
7306.072266 0.000000 621.015747 0.000000 0.936463 0.000000 -0.350766 0.205680 0.205680 0.205680
7358.994629 0.000000 612.467529 0.000000 0.577535 0.000000 0.816366 0.218260 0.218260 0.218260
7359.510742 0.000000 589.580444 0.000000 0.492767 0.000000 0.870161 0.204117 0.204117 0.204117
7328.330078 0.000000 619.141174 0.000000 0.949463 0.000000 -0.313878 0.233033 0.233033 0.233033
7319.348633 0.000000 617.842224 0.000000 0.925705 0.000000 0.378245 0.226253 0.226253 0.226253
7345.424316 0.000000 603.260315 0.000000 0.999125 0.000000 0.041817 0.231803 0.231803 0.231803
7349.007812 0.000000 605.994141 0.000000 0.413553 0.000000 0.910480 0.220500 0.220500 0.220500
7343.350098 0.000000 619.586792 0.000000 0.914156 0.000000 0.405363 0.225970 0.225970 0.225970
7306.618164 0.000000 616.286987 0.000000 0.949325 0.000000 -0.314295 0.233037 0.233037 0.233037
7320.332520 0.000000 600.048157 0.000000 0.670100 0.000000 0.742271 0.217815 0.217815 0.217815
7326.190918 0.000000 601.897583 0.000000 0.253290 0.000000 0.967391 0.219823 0.219823 0.219823
7407.436035 0.000000 599.565125 0.000000 0.886391 0.000000 -0.462938 0.221143 0.221143 0.221143
7366.997070 0.000000 605.100708 0.000000 0.688623 0.000000 0.725119 0.223748 0.223748 0.223748
7385.618652 0.000000 616.520996 0.000000 0.418757 0.000000 0.908098 0.209003 0.209003 0.209003
7422.970703 0.000000 587.499756 0.000000 0.946404 0.000000 0.322984 0.230619 0.230619 0.230619
7364.789062 0.000000 598.700684 0.000000 0.936923 0.000000 0.349536 0.228714 0.228714 0.228714
7411.318359 0.000000 598.485229 0.000000 0.939589 0.000000 -0.342304 0.235636 0.235636 0.235636
7364.483887 0.000000 594.592468 0.000000 0.994296 0.000000 -0.106657 0.233826 0.233826 0.233826
7365.832520 0.000000 596.709412 0.000000 0.996686 0.000000 -0.081350 0.233575 0.233575 0.233575
7422.675293 0.000000 616.594849 0.000000 0.999170 0.000000 0.040745 0.229581 0.229581 0.229581
7360.043457 0.000000 589.094788 0.000000 0.998816 0.000000 -0.048646 0.234378 0.234378 0.234378
7422.383301 0.000000 586.010193 0.000000 0.793328 0.000000 0.608794 0.227377 0.227377 0.227377
7329.099609 0.000000 655.277832 0.000000 0.989999 0.000000 0.141076 0.209253 0.209253 0.209253
7325.422852 0.000000 659.879944 0.000000 0.818359 0.000000 -0.574708 0.207520 0.207520 0.207520
7313.664551 0.000000 627.984131 0.000000 0.979893 0.000000 0.199526 0.206584 0.206584 0.206584
7324.928223 0.000000 639.208191 0.000000 0.453225 0.000000 0.891396 0.214889 0.214889 0.214889
7307.263184 0.000000 657.890442 0.000000 0.978668 0.000000 0.205446 0.222492 0.222492 0.222492
7346.750488 0.000000 661.881409 0.000000 0.844084 0.000000 0.536211 0.218703 0.218703 0.218703
7304.859375 0.000000 658.815247 0.000000 0.858587 0.000000 0.512668 0.219485 0.219485 0.219485
7306.780273 0.000000 656.111938 0.000000 0.855414 0.000000 0.517945 0.219429 0.219429 0.219429
7329.433594 0.000000 657.131714 0.000000 0.888763 0.000000 0.458367 0.220049 0.220049 0.220049
7355.429199 0.000000 646.640747 0.000000 0.096694 0.000000 0.995314 0.211965 0.211965 0.211965
7410.318359 0.000000 621.533997 0.000000 0.425290 0.000000 0.905057 0.192316 0.192316 0.192316
7362.356934 0.000000 626.226318 0.000000 0.082216 0.000000 0.996615 0.192290 0.192290 0.192290
7370.235840 0.000000 665.012329 0.000000 0.995233 0.000000 -0.097526 0.223561 0.223561 0.223561
7406.693848 0.000000 653.386780 0.000000 0.164503 0.000000 0.986377 0.211615 0.211615 0.211615
7383.339844 0.000000 653.735596 0.000000 0.520827 0.000000 0.853662 0.209996 0.209996 0.209996
7422.582031 0.000000 636.195190 0.000000 0.166437 0.000000 0.986052 0.213588 0.213588 0.213588
7407.339355 0.000000 621.574158 0.000000 0.839289 0.000000 0.543686 0.218622 0.218622 0.218622
7379.576660 0.000000 656.779724 0.000000 0.195268 0.000000 0.980750 0.211408 0.211408 0.211408
7381.422363 0.000000 645.682983 0.000000 0.898287 0.000000 -0.439409 0.219756 0.219756 0.219756
7377.033691 0.000000 661.289001 0.000000 0.422027 0.000000 0.906583 0.213063 0.213063 0.213063
7411.561035 0.000000 647.590027 0.000000 0.498994 0.000000 0.866606 0.214349 0.214349 0.214349
7410.395020 0.000000 651.344727 0.000000 0.147780 0.000000 0.989020 0.211950 0.211950 0.211950
7409.909180 0.000000 653.169434 0.000000 0.993751 0.000000 -0.111620 0.225385 0.225385 0.225385
7399.260742 0.000000 642.932129 0.000000 0.811976 0.000000 -0.583690 0.231801 0.231801 0.231801
7452.944336 0.000000 487.742371 0.000000 0.871901 0.000000 0.489683 0.222931 0.222931 0.222931
7460.952637 0.000000 492.351929 0.000000 0.961492 0.000000 0.274833 0.218566 0.218566 0.218566
7460.682129 0.000000 475.664368 0.000000 0.247911 0.000000 0.968783 0.224176 0.224176 0.224176
7466.281250 0.000000 494.086731 0.000000 0.825978 0.000000 -0.563702 0.230395 0.230395 0.230395
7427.099121 0.000000 478.576660 0.000000 0.069751 0.000000 0.997564 0.210749 0.210749 0.210749
7428.483887 0.000000 481.623688 0.000000 0.017308 0.000000 0.999850 0.231249 0.231249 0.231249
7463.989746 0.000000 477.778870 0.000000 0.722738 0.000000 0.691123 0.238740 0.238740 0.238740
7435.256348 0.000000 504.908356 0.000000 0.414393 0.000000 0.910098 0.232468 0.232468 0.232468
7441.288086 0.000000 456.956268 0.000000 0.782504 0.000000 0.622645 0.243940 0.243940 0.243940
7436.917480 0.000000 470.072144 0.000000 0.436348 0.000000 0.899778 0.229747 0.229747 0.229747
7455.303223 0.000000 478.886444 0.000000 0.989892 0.000000 -0.141826 0.250079 0.250079 0.250079
7438.213379 0.000000 453.579926 0.000000 0.917758 0.000000 0.397139 0.247569 0.247569 0.247569
7465.033691 0.000000 493.311707 0.000000 0.545543 0.000000 0.838083 0.235636 0.235636 0.235636
7449.237793 0.000000 514.518250 0.000000 0.319798 0.000000 0.947486 0.191451 0.191451 0.191451
7448.077637 0.000000 517.755859 0.000000 0.969059 0.000000 -0.246829 0.224342 0.224342 0.224342
7469.585449 0.000000 518.792480 0.000000 0.223597 0.000000 0.974682 0.228298 0.228298 0.228298
7469.587891 0.000000 516.131653 0.000000 0.997972 0.000000 -0.063662 0.243547 0.243547 0.243547
7454.725586 0.000000 511.951965 0.000000 0.725417 0.000000 0.688310 0.235677 0.235677 0.235677
7443.350098 0.000000 510.713226 0.000000 0.597714 0.000000 0.801709 0.234316 0.234316 0.234316
7442.929199 0.000000 513.833618 0.000000 0.940738 0.000000 -0.339135 0.235603 0.235603 0.235603
7460.144531 0.000000 613.805176 0.000000 0.839712 0.000000 0.543033 0.223938 0.223938 0.223938
7504.382324 0.000000 620.660156 0.000000 0.886198 0.000000 0.463306 0.223747 0.223747 0.223747
7495.440918 0.000000 615.250854 0.000000 0.092147 0.000000 0.995745 0.214829 0.214829 0.214829
7429.119141 0.000000 637.762329 0.000000 0.822911 0.000000 -0.568170 0.204103 0.204103 0.204103
7475.213867 0.000000 667.585327 0.000000 0.985005 0.000000 -0.172528 0.201177 0.201177 0.201177
7433.866211 0.000000 660.400452 0.000000 0.994448 0.000000 0.105228 0.202872 0.202872 0.202872
7487.509766 0.000000 658.546631 0.000000 0.756729 0.000000 0.653728 0.216331 0.216331 0.216331
7487.510742 0.000000 646.064819 0.000000 0.527714 0.000000 0.849422 0.215160 0.215160 0.215160
7460.550293 0.000000 652.122131 0.000000 0.763456 0.000000 0.645860 0.217473 0.217473 0.217473
7459.522949 0.000000 665.974060 0.000000 0.596809 0.000000 0.802383 0.213866 0.213866 0.213866
7455.373535 0.000000 664.761230 0.000000 0.977498 0.000000 -0.210944 0.224015 0.224015 0.224015
7429.729492 0.000000 663.356995 0.000000 0.085200 0.000000 0.996364 0.201638 0.201638 0.201638
7479.867676 0.000000 668.559753 0.000000 0.041135 0.000000 0.999154 0.208073 0.208073 0.208073
7430.997070 0.000000 661.585083 0.000000 0.990926 0.000000 -0.134408 0.224459 0.224459 0.224459
7437.139648 0.000000 664.872803 0.000000 0.997313 0.000000 -0.073252 0.223343 0.223343 0.223343
7454.716309 0.000000 667.566101 0.000000 0.891669 0.000000 -0.452687 0.226297 0.226297 0.226297
7486.854492 0.000000 647.911560 0.000000 0.815915 0.000000 -0.578172 0.229964 0.229964 0.229964
7432.076660 0.000000 665.381531 0.000000 0.862680 0.000000 -0.505751 0.227421 0.227421 0.227421
7479.432129 0.000000 670.411804 0.000000 0.933228 0.000000 -0.359284 0.224232 0.224232 0.224232
7427.095703 0.000000 636.778259 0.000000 0.037213 0.000000 0.999307 0.212863 0.212863 0.212863
7503.272949 0.000000 643.246704 0.000000 0.920278 0.000000 -0.391265 0.202619 0.202619 0.202619
7508.984863 0.000000 658.526123 0.000000 0.478971 0.000000 0.877831 0.195826 0.195826 0.195826
7508.436035 0.000000 663.599976 0.000000 0.120772 0.000000 0.992680 0.209266 0.209266 0.209266
7507.253418 0.000000 668.914734 0.000000 0.578643 0.000000 0.815581 0.213154 0.213154 0.213154
7511.348633 0.000000 674.326599 0.000000 0.250557 0.000000 0.968102 0.208955 0.208955 0.208955
7515.673340 0.000000 674.101440 0.000000 0.910073 0.000000 -0.414449 0.224176 0.224176 0.224176
7503.590332 0.000000 673.424622 0.000000 0.800537 0.000000 0.599284 0.215371 0.215371 0.215371
7500.251465 0.000000 628.164246 0.000000 0.999267 0.000000 -0.038270 0.227528 0.227528 0.227528
7196.380371 0.000000 732.662842 0.000000 0.594914 0.000000 0.803789 0.206644 0.206644 0.206644
7187.640625 0.000000 703.124268 0.000000 0.973533 0.000000 0.228546 0.216790 0.216790 0.216790
7187.362793 0.000000 705.800354 0.000000 0.921434 0.000000 0.388536 0.214805 0.214805 0.214805
7199.330566 0.000000 710.233582 0.000000 0.651641 0.000000 0.758528 0.209830 0.209830 0.209830
7199.373535 0.000000 721.245605 0.000000 0.989336 0.000000 -0.145650 0.217184 0.217184 0.217184
7199.005371 0.000000 712.717224 0.000000 0.853367 0.000000 -0.521311 0.221708 0.221708 0.221708
7174.997070 0.000000 718.069458 0.000000 0.638643 0.000000 0.769503 0.209169 0.209169 0.209169
7266.015137 0.000000 698.308044 0.000000 0.892778 0.000000 -0.450497 0.203185 0.203185 0.203185
7261.020508 0.000000 690.642883 0.000000 0.470241 0.000000 0.882538 0.197796 0.197796 0.197796
7259.698730 0.000000 724.311829 0.000000 0.948219 0.000000 0.317617 0.212729 0.212729 0.212729
7251.362793 0.000000 705.800354 0.000000 0.915411 0.000000 -0.402520 0.221739 0.221739 0.221739
7288.630371 0.000000 731.267517 0.000000 0.889345 0.000000 0.457237 0.205560 0.205560 0.205560
7253.422363 0.000000 702.167358 0.000000 0.069227 0.000000 0.997601 0.205892 0.205892 0.205892
7171.820801 0.000000 748.102234 0.000000 0.063112 0.000000 0.998006 0.190674 0.190674 0.190674
7184.939453 0.000000 750.225525 0.000000 0.381570 0.000000 0.924340 0.202618 0.202618 0.202618
7188.832520 0.000000 746.876526 0.000000 0.856550 0.000000 0.516063 0.205037 0.205037 0.205037
7183.671387 0.000000 735.825989 0.000000 0.119152 0.000000 0.992876 0.195521 0.195521 0.195521
7286.173828 0.000000 740.481140 0.000000 0.162255 0.000000 0.986749 0.190405 0.190405 0.190405
7249.664551 0.000000 740.952881 0.000000 0.773259 0.000000 0.634090 0.208137 0.208137 0.208137
7251.894531 0.000000 742.068665 0.000000 0.945542 0.000000 -0.325501 0.215847 0.215847 0.215847
7328.426758 0.000000 690.250305 0.000000 0.852066 0.000000 -0.523435 0.203672 0.203672 0.203672
7313.436523 0.000000 701.681519 0.000000 0.893840 0.000000 -0.448386 0.222171 0.222171 0.222171
7304.237305 0.000000 725.839050 0.000000 0.804708 0.000000 0.593671 0.209613 0.209613 0.209613
7390.060547 0.000000 725.967407 0.000000 0.703979 0.000000 0.710220 0.194538 0.194538 0.194538
7396.952637 0.000000 718.289429 0.000000 0.089179 0.000000 0.996016 0.202648 0.202648 0.202648
7405.747070 0.000000 726.504089 0.000000 0.947426 0.000000 0.319976 0.211075 0.211075 0.211075
7189.502930 0.000000 839.100464 0.000000 0.970792 0.000000 -0.239921 0.201688 0.201688 0.201688
7215.917480 0.000000 827.563293 0.000000 0.425164 0.000000 0.905116 0.192840 0.192840 0.192840
7216.580566 0.000000 821.221985 0.000000 0.992951 0.000000 0.118529 0.200555 0.200555 0.200555
7276.194824 0.000000 802.858643 0.000000 0.611353 0.000000 0.791358 0.193618 0.193618 0.193618
7240.614258 0.000000 804.310120 0.000000 0.772110 0.000000 0.635489 0.199146 0.199146 0.199146
7193.621582 0.000000 895.140503 0.000000 0.651296 0.000000 0.758824 0.194279 0.194279 0.194279
7202.015137 0.000000 867.761169 0.000000 0.999439 0.000000 0.033488 0.199773 0.199773 0.199773
7174.424805 0.000000 867.625793 0.000000 0.659903 0.000000 0.751351 0.194185 0.194185 0.194185
7393.491699 0.000000 796.676514 0.000000 0.365514 0.000000 0.930806 0.194912 0.194912 0.194912
7425.318848 0.000000 716.700928 0.000000 0.110625 0.000000 0.993862 0.190669 0.190669 0.190669
7446.628418 0.000000 707.839722 0.000000 0.097633 0.000000 0.995223 0.189703 0.189703 0.189703
7462.824707 0.000000 683.050415 0.000000 0.944004 0.000000 0.329934 0.207180 0.207180 0.207180
7444.436035 0.000000 720.084351 0.000000 0.890231 0.000000 0.455509 0.210952 0.210952 0.210952
7471.448242 0.000000 702.320068 0.000000 0.983585 0.000000 -0.180443 0.218047 0.218047 0.218047
7464.756348 0.000000 683.278992 0.000000 0.980085 0.000000 0.198581 0.217604 0.217604 0.217604
7474.425293 0.000000 679.966858 0.000000 0.058435 0.000000 0.998291 0.206771 0.206771 0.206771
7512.795410 0.000000 705.724670 0.000000 0.137104 0.000000 0.990557 0.199111 0.199111 0.199111
7508.984863 0.000000 715.010498 0.000000 0.839545 0.000000 -0.543291 0.219575 0.219575 0.219575
7534.693848 0.000000 709.871155 0.000000 0.431862 0.000000 0.901939 0.206601 0.206601 0.206601
7516.838379 0.000000 702.879883 0.000000 0.821369 0.000000 0.570397 0.211441 0.211441 0.211441
7502.875488 0.000000 779.058899 0.000000 0.886065 0.000000 -0.463561 0.203213 0.203213 0.203213
7532.412598 0.000000 776.570618 0.000000 0.844178 0.000000 0.536063 0.196840 0.196840 0.196840
7500.112305 0.000000 749.203613 0.000000 0.987830 0.000000 0.155540 0.208032 0.208032 0.208032
7505.664551 0.000000 740.952881 0.000000 0.536913 0.000000 0.843638 0.202994 0.202994 0.202994
7544.473633 0.000000 742.427612 0.000000 0.981729 0.000000 -0.190282 0.212437 0.212437 0.212437
7569.260254 0.000000 760.754028 0.000000 0.904199 0.000000 -0.427111 0.203008 0.203008 0.203008
7558.724121 0.000000 767.804382 0.000000 0.955227 0.000000 0.295873 0.204729 0.204729 0.204729
7554.311035 0.000000 770.907959 0.000000 0.990589 0.000000 0.136872 0.205409 0.205409 0.205409
7536.023926 0.000000 843.316284 0.000000 0.976492 0.000000 -0.215554 0.201502 0.201502 0.201502
7518.953613 0.000000 847.033752 0.000000 0.195241 0.000000 0.980755 0.190565 0.190565 0.190565
7543.060547 0.000000 832.380981 0.000000 0.976951 0.000000 -0.213464 0.201493 0.201493 0.201493
7543.062500 0.000000 841.798706 0.000000 0.969340 0.000000 -0.245724 0.201711 0.201711 0.201711
7500.526855 0.000000 813.827087 0.000000 0.810843 0.000000 0.585264 0.195645 0.195645 0.195645
7468.662598 0.000000 897.845825 0.000000 0.999509 0.000000 -0.031345 0.200206 0.200206 0.200206
7551.586426 0.000000 900.700195 0.000000 0.967878 0.000000 0.251420 0.198325 0.198325 0.198325
7520.618164 0.000000 850.631226 0.000000 0.539520 0.000000 0.841973 0.193153 0.193153 0.193153
7570.190430 0.000000 800.303406 0.000000 0.441830 0.000000 0.897099 0.193991 0.193991 0.193991
7567.197266 0.000000 802.414001 0.000000 0.127934 0.000000 0.991783 0.191633 0.191633 0.191633
7577.661133 0.000000 793.847473 0.000000 0.350637 0.000000 0.936511 0.194290 0.194290 0.194290
7564.112305 0.000000 805.687988 0.000000 0.992188 0.000000 -0.124753 0.202290 0.202290 0.202290
7572.094727 0.000000 806.182129 0.000000 0.894172 0.000000 -0.447724 0.204122 0.204122 0.204122
7566.220703 0.000000 864.346558 0.000000 0.213503 0.000000 0.976942 0.190930 0.190930 0.190930
6710.158691 0.000000 935.809753 0.000000 0.374765 0.000000 0.927120 0.197513 0.197513 0.197513
6709.566895 0.000000 972.696594 0.000000 0.109023 0.000000 0.994039 0.198397 0.198397 0.198397
6770.798340 0.000000 996.915527 0.000000 0.612646 0.000000 0.790357 0.194916 0.194916 0.194916
6723.820801 0.000000 974.039734 0.000000 0.932678 0.000000 0.360711 0.205295 0.205295 0.205295
6818.015137 0.000000 924.245544 0.000000 0.999779 0.000000 0.021030 0.199858 0.199858 0.199858
6787.505371 0.000000 1003.660522 0.000000 0.099795 0.000000 0.995008 0.190122 0.190122 0.190122
6816.618164 0.000000 963.599976 0.000000 0.662627 0.000000 0.748949 0.194083 0.194083 0.194083
6848.156738 0.000000 1015.134583 0.000000 0.980194 0.000000 -0.198039 0.201681 0.201681 0.201681
6854.507812 0.000000 1012.325500 0.000000 0.992258 0.000000 -0.124193 0.200870 0.200870 0.200870
6781.251953 0.000000 1023.533264 0.000000 0.703654 0.000000 0.710543 0.202590 0.202590 0.202590
6769.687988 0.000000 1025.671265 0.000000 0.751117 0.000000 0.660170 0.204177 0.204177 0.204177
6771.914062 0.000000 1022.507141 0.000000 0.997249 0.000000 0.074118 0.209225 0.209225 0.209225
6767.645996 0.000000 1024.416748 0.000000 0.430884 0.000000 0.902407 0.201529 0.201529 0.201529
6892.412598 0.000000 1115.476807 0.000000 0.972989 0.000000 0.230851 0.201942 0.201942 0.201942
6899.634277 0.000000 1115.931030 0.000000 0.996451 0.000000 0.084178 0.205252 0.205252 0.205252
6899.759277 0.000000 1104.567993 0.000000 0.549780 0.000000 0.835309 0.197459 0.197459 0.197459
6886.581055 0.000000 1108.327515 0.000000 0.842699 0.000000 0.538385 0.202165 0.202165 0.202165
6953.260742 0.000000 947.972168 0.000000 0.873779 0.000000 0.486324 0.196640 0.196640 0.196640
7057.939453 0.000000 945.545593 0.000000 0.956140 0.000000 0.292911 0.197959 0.197959 0.197959
7087.145508 0.000000 921.897827 0.000000 0.872680 0.000000 0.488293 0.199920 0.199920 0.199920
6933.502930 0.000000 1065.037964 0.000000 0.184882 0.000000 0.982761 0.190458 0.190458 0.190458
6957.386719 0.000000 1127.910156 0.000000 0.082806 0.000000 0.996566 0.192786 0.192786 0.192786
6997.668945 0.000000 1082.992065 0.000000 0.997310 0.000000 -0.073303 0.200504 0.200504 0.200504
7008.618164 0.000000 1076.568726 0.000000 0.861287 0.000000 0.508120 0.196341 0.196341 0.196341
6985.278320 0.000000 1123.286743 0.000000 0.999947 0.000000 0.010296 0.202447 0.202447 0.202447
7095.531250 0.000000 1083.806763 0.000000 0.849882 0.000000 0.526972 0.196314 0.196314 0.196314
7110.215332 0.000000 1122.140747 0.000000 0.767800 0.000000 0.640690 0.195451 0.195451 0.195451
6956.376953 0.000000 1175.955200 0.000000 0.986479 0.000000 0.163887 0.202440 0.202440 0.202440
6938.245605 0.000000 1148.199341 0.000000 0.913357 0.000000 0.407160 0.204369 0.204369 0.204369
6988.083496 0.000000 1175.201416 0.000000 0.952643 0.000000 -0.304092 0.208768 0.208768 0.208768
6980.384766 0.000000 1180.460205 0.000000 0.999799 0.000000 0.020067 0.207969 0.207969 0.207969
7094.864258 0.000000 1184.686157 0.000000 0.684813 0.000000 0.728719 0.194497 0.194497 0.194497
7112.407715 0.000000 1137.499878 0.000000 0.982522 0.000000 0.186148 0.198785 0.198785 0.198785
7087.917480 0.000000 1222.953857 0.000000 0.993715 0.000000 -0.111940 0.200781 0.200781 0.200781
7149.943359 0.000000 1188.526855 0.000000 0.133362 0.000000 0.991067 0.190493 0.190493 0.190493
7149.311035 0.000000 1220.521729 0.000000 0.745687 0.000000 0.666297 0.195048 0.195048 0.195048
7115.941895 0.000000 1227.975952 0.000000 0.852492 0.000000 0.522740 0.196196 0.196196 0.196196
7127.293457 0.000000 1209.736694 0.000000 0.833543 0.000000 0.552454 0.196025 0.196025 0.196025
7122.579102 0.000000 1241.360718 0.000000 0.709375 0.000000 0.704831 0.194552 0.194552 0.194552
7390.953613 0.000000 1016.486877 0.000000 0.095477 0.000000 0.995432 0.189725 0.189725 0.189725
7363.510742 0.000000 1007.162354 0.000000 0.623740 0.000000 0.781632 0.193773 0.193773 0.193773
7223.107910 0.000000 1118.404419 0.000000 0.684101 0.000000 0.729387 0.194572 0.194572 0.194572
7358.390625 0.000000 1072.479248 0.000000 0.996487 0.000000 0.083749 0.206924 0.206924 0.206924
7328.449219 0.000000 1099.198486 0.000000 0.332645 0.000000 0.943052 0.196671 0.196671 0.196671
7329.448730 0.000000 1096.499878 0.000000 0.983803 0.000000 0.179256 0.204534 0.204534 0.204534
7329.412109 0.000000 1088.160278 0.000000 0.034770 0.000000 0.999395 0.194395 0.194395 0.194395
7358.582031 0.000000 1088.070190 0.000000 0.688611 0.000000 0.725131 0.203473 0.203473 0.203473
7344.587891 0.000000 1093.456421 0.000000 0.959637 0.000000 -0.281242 0.210308 0.210308 0.210308
7413.860840 0.000000 1121.269531 0.000000 0.945888 0.000000 0.324492 0.199595 0.199595 0.199595
7416.639160 0.000000 1078.175415 0.000000 0.931313 0.000000 -0.364221 0.210980 0.210980 0.210980
7410.103516 0.000000 1121.536011 0.000000 0.680932 0.000000 0.732347 0.207039 0.207039 0.207039
7405.747070 0.000000 1121.894653 0.000000 0.886192 0.000000 -0.463318 0.217645 0.217645 0.217645
7472.541992 0.000000 926.335266 0.000000 0.832291 0.000000 0.554340 0.196186 0.196186 0.196186
7549.212891 0.000000 929.141785 0.000000 0.979694 0.000000 -0.200497 0.201336 0.201336 0.201336
7539.213867 0.000000 950.007202 0.000000 0.928392 0.000000 0.371602 0.197434 0.197434 0.197434
7481.910645 0.000000 1008.185425 0.000000 0.838853 0.000000 -0.544357 0.203995 0.203995 0.203995
7488.163086 0.000000 994.980896 0.000000 0.883392 0.000000 -0.468634 0.203300 0.203300 0.203300
7488.514160 0.000000 976.315247 0.000000 0.999786 0.000000 -0.020678 0.200139 0.200139 0.200139
7476.014648 0.000000 1025.562012 0.000000 0.953956 0.000000 0.299948 0.198140 0.198140 0.198140
7456.449219 0.000000 1042.714111 0.000000 0.999047 0.000000 0.043649 0.203881 0.203881 0.203881
7444.984863 0.000000 1053.916748 0.000000 0.925274 0.000000 -0.379299 0.208214 0.208214 0.208214
7434.235840 0.000000 1060.402954 0.000000 0.998485 0.000000 0.055017 0.205471 0.205471 0.205471
7205.098633 0.000000 1229.042847 0.000000 0.997217 0.000000 -0.074549 0.200509 0.200509 0.200509
7349.519043 0.000000 1156.312866 0.000000 0.944438 0.000000 -0.328691 0.212418 0.212418 0.212418
7380.832520 0.000000 1142.267090 0.000000 0.661532 0.000000 0.749917 0.207345 0.207345 0.207345
7366.363770 0.000000 1139.200195 0.000000 0.854243 0.000000 -0.519874 0.217001 0.217001 0.217001
7387.698730 0.000000 1176.186890 0.000000 0.998468 0.000000 -0.055337 0.216428 0.216428 0.216428
7403.095215 0.000000 1144.006104 0.000000 0.903555 0.000000 0.428471 0.205809 0.205809 0.205809
7401.650879 0.000000 1138.974243 0.000000 0.653950 0.000000 0.756538 0.209338 0.209338 0.209338
7362.026855 0.000000 1178.313721 0.000000 0.874723 0.000000 -0.484623 0.216673 0.216673 0.216673
7358.624512 0.000000 1194.992065 0.000000 0.478665 0.000000 0.877998 0.192696 0.192696 0.192696
7339.601562 0.000000 1239.071899 0.000000 0.999144 0.000000 0.041375 0.211156 0.211156 0.211156
7357.251953 0.000000 1192.986450 0.000000 0.661942 0.000000 0.749555 0.205271 0.205271 0.205271
7359.273438 0.000000 1197.562988 0.000000 0.798896 0.000000 0.601469 0.207416 0.207416 0.207416
7345.262695 0.000000 1240.732910 0.000000 0.741700 0.000000 0.670732 0.206693 0.206693 0.206693
7344.746582 0.000000 1245.893921 0.000000 0.969097 0.000000 0.246679 0.209504 0.209504 0.209504
4096.514160 0.000000 2501.393311 0.000000 0.999021 0.000000 0.044246 0.199695 0.199695 0.199695
4096.894531 0.000000 2515.612549 0.000000 0.233817 0.000000 0.972281 0.190703 0.190703 0.190703
4099.510742 0.000000 2532.240479 0.000000 0.959705 0.000000 0.281010 0.199921 0.199921 0.199921
4143.663086 0.000000 2551.808838 0.000000 0.968128 0.000000 0.250455 0.198256 0.198256 0.198256
4137.676758 0.000000 2559.863770 0.000000 0.247495 0.000000 0.968889 0.191002 0.191002 0.191002
4112.244141 0.000000 2570.994629 0.000000 0.961133 0.000000 0.276087 0.204338 0.204338 0.204338
4110.979980 0.000000 2566.636963 0.000000 0.967671 0.000000 0.252214 0.203976 0.203976 0.203976
4112.716797 0.000000 2573.894775 0.000000 0.926234 0.000000 -0.376948 0.209351 0.209351 0.209351
4109.872070 0.000000 2570.199463 0.000000 0.572972 0.000000 0.819575 0.199730 0.199730 0.199730
4211.863281 0.000000 2622.654053 0.000000 0.826876 0.000000 0.562384 0.198218 0.198218 0.198218
4218.028320 0.000000 2611.379883 0.000000 0.766285 0.000000 0.642501 0.195157 0.195157 0.195157
4211.759277 0.000000 2629.645996 0.000000 0.949875 0.000000 0.312631 0.201322 0.201322 0.201322
4218.462402 0.000000 2615.351318 0.000000 0.993000 0.000000 -0.118115 0.200825 0.200825 0.200825
4241.260254 0.000000 2624.738281 0.000000 0.679296 0.000000 0.733864 0.194261 0.194261 0.194261
4233.866211 0.000000 2637.353516 0.000000 0.986962 0.000000 0.160953 0.201356 0.201356 0.201356
4249.916992 0.000000 2643.047363 0.000000 0.833169 0.000000 0.553019 0.198299 0.198299 0.198299
4233.604492 0.000000 2625.735596 0.000000 0.133076 0.000000 0.991106 0.189953 0.189953 0.189953
4241.360840 0.000000 2644.441650 0.000000 0.109937 0.000000 0.993939 0.192985 0.192985 0.192985
4247.191895 0.000000 2644.171875 0.000000 0.811740 0.000000 0.584019 0.198028 0.198028 0.198028
4349.658691 0.000000 2633.596924 0.000000 0.996852 0.000000 -0.079291 0.200523 0.200523 0.200523
4335.145508 0.000000 2672.913574 0.000000 0.646859 0.000000 0.762609 0.196272 0.196272 0.196272
4323.104004 0.000000 2663.307617 0.000000 0.991741 0.000000 0.128254 0.199931 0.199931 0.199931
4330.835938 0.000000 2660.771973 0.000000 0.997535 0.000000 0.070165 0.199511 0.199511 0.199511
4318.952637 0.000000 2674.277832 0.000000 0.999563 0.000000 0.029571 0.203985 0.203985 0.203985
4332.352051 0.000000 2672.026611 0.000000 0.943384 0.000000 0.331703 0.200085 0.200085 0.200085
4313.283691 0.000000 2676.383301 0.000000 0.726524 0.000000 0.687141 0.199692 0.199692 0.199692
4374.478027 0.000000 2633.174561 0.000000 0.949595 0.000000 -0.313478 0.202086 0.202086 0.202086
4373.208496 0.000000 2638.160400 0.000000 0.975984 0.000000 -0.217843 0.201458 0.201458 0.201458
4377.505859 0.000000 2652.052979 0.000000 0.548764 0.000000 0.835977 0.193278 0.193278 0.193278
4433.256836 0.000000 2632.996094 0.000000 0.890348 0.000000 -0.455281 0.203115 0.203115 0.203115
4446.060547 0.000000 2646.436035 0.000000 0.872846 0.000000 0.487995 0.196538 0.196538 0.196538
4449.947754 0.000000 2647.754883 0.000000 0.456839 0.000000 0.889549 0.192555 0.192555 0.192555
4393.967773 0.000000 2684.583496 0.000000 0.399011 0.000000 0.916946 0.195683 0.195683 0.195683
4390.581055 0.000000 2689.890137 0.000000 0.650003 0.000000 0.759932 0.199427 0.199427 0.199427
5080.572266 0.000000 2694.229980 0.000000 0.912411 0.000000 -0.409275 0.202927 0.202927 0.202927
5170.798340 0.000000 2465.509277 0.000000 0.956965 0.000000 -0.290205 0.204069 0.204069 0.204069
5149.020508 0.000000 2498.142822 0.000000 0.030895 0.000000 0.999523 0.189462 0.189462 0.189462
5155.666992 0.000000 2521.798828 0.000000 0.920845 0.000000 -0.389929 0.204829 0.204829 0.204829
5153.099609 0.000000 2519.262207 0.000000 0.529589 0.000000 0.848254 0.194710 0.194710 0.194710
5181.125000 0.000000 2650.760498 0.000000 0.849315 0.000000 0.527886 0.203327 0.203327 0.203327
5182.390625 0.000000 2654.041748 0.000000 0.320266 0.000000 0.947328 0.198081 0.198081 0.198081
5181.032715 0.000000 2676.953613 0.000000 0.863053 0.000000 -0.505114 0.208673 0.208673 0.208673
5176.639160 0.000000 2659.738037 0.000000 0.958625 0.000000 -0.284671 0.209762 0.209762 0.209762
5176.346680 0.000000 2676.966553 0.000000 0.218259 0.000000 0.975891 0.197274 0.197274 0.197274
5199.197266 0.000000 2666.398438 0.000000 0.295814 0.000000 0.955246 0.195377 0.195377 0.195377
5193.084961 0.000000 2665.583496 0.000000 0.937448 0.000000 -0.348126 0.208542 0.208542 0.208542
5184.936035 0.000000 2677.375244 0.000000 0.855683 0.000000 -0.517500 0.210535 0.210535 0.210535
5196.112305 0.000000 2669.672363 0.000000 0.999974 0.000000 -0.007255 0.204815 0.204815 0.204815
5201.664551 0.000000 2661.421631 0.000000 0.976678 0.000000 -0.214708 0.206360 0.206360 0.206360
5187.820801 0.000000 2668.571045 0.000000 0.597265 0.000000 0.802044 0.199439 0.199439 0.199439
5198.686523 0.000000 2669.357178 0.000000 0.827506 0.000000 0.561457 0.200358 0.200358 0.200358
4467.914062 0.000000 2717.038330 0.000000 0.702695 0.000000 0.711492 0.203103 0.203103 0.203103
5091.104004 0.000000 2719.791992 0.000000 0.959940 0.000000 0.280206 0.199927 0.199927 0.199927
5086.608887 0.000000 2716.789551 0.000000 0.435831 0.000000 0.900028 0.193433 0.193433 0.193433
5036.127930 0.000000 2795.175781 0.000000 0.185128 0.000000 0.982714 0.198007 0.198007 0.198007
5035.659668 0.000000 2803.914062 0.000000 0.061164 0.000000 0.998128 0.198022 0.198022 0.198022
5070.401855 0.000000 2809.430176 0.000000 0.605858 0.000000 0.795573 0.204691 0.204691 0.204691
5089.210449 0.000000 2869.092041 0.000000 0.859075 0.000000 -0.511850 0.203488 0.203488 0.203488
5098.673340 0.000000 2824.362549 0.000000 0.975775 0.000000 0.218778 0.198502 0.198502 0.198502
5112.473633 0.000000 2888.833984 0.000000 0.930324 0.000000 0.366739 0.204160 0.204160 0.204160
5131.486816 0.000000 2719.809570 0.000000 0.400249 0.000000 0.916406 0.197721 0.197721 0.197721
5137.664551 0.000000 2717.906006 0.000000 0.499011 0.000000 0.866595 0.199066 0.199066 0.199066
5140.832520 0.000000 2723.829590 0.000000 0.948121 0.000000 -0.317909 0.210603 0.210603 0.210603
5128.614258 0.000000 2724.778809 0.000000 0.873737 0.000000 0.486398 0.202620 0.202620 0.202620
5134.686523 0.000000 2725.841553 0.000000 0.629127 0.000000 0.777303 0.200781 0.200781 0.200781
5139.894531 0.000000 2719.021729 0.000000 0.811122 0.000000 -0.584876 0.212322 0.212322 0.212322
5149.020508 0.000000 2780.564697 0.000000 0.635646 0.000000 0.771980 0.196167 0.196167 0.196167
5122.269043 0.000000 2821.168213 0.000000 0.385423 0.000000 0.922740 0.202147 0.202147 0.202147
5147.190918 0.000000 2852.528076 0.000000 0.052333 0.000000 0.998630 0.205262 0.205262 0.205262
5147.443848 0.000000 2856.483643 0.000000 0.536422 0.000000 0.843950 0.209642 0.209642 0.209642
5153.987305 0.000000 2861.832520 0.000000 0.833851 0.000000 -0.551990 0.223193 0.223193 0.223193
5147.528320 0.000000 2858.758057 0.000000 0.958413 0.000000 -0.285386 0.221249 0.221249 0.221249
5212.380371 0.000000 2879.069092 0.000000 0.996249 0.000000 -0.086537 0.214995 0.214995 0.214995
5211.673340 0.000000 2876.992188 0.000000 0.224216 0.000000 0.974539 0.203280 0.203280 0.203280
5138.127930 0.000000 2893.979248 0.000000 0.241320 0.000000 0.970446 0.191485 0.191485 0.191485
5155.217285 0.000000 2891.541748 0.000000 0.729079 0.000000 0.684429 0.214395 0.214395 0.214395
5224.179688 0.000000 2908.887695 0.000000 0.470238 0.000000 0.882540 0.207975 0.207975 0.207975
5224.199219 0.000000 2911.549072 0.000000 0.982728 0.000000 0.185055 0.213865 0.213865 0.213865
5224.688965 0.000000 2905.103516 0.000000 0.610828 0.000000 0.791763 0.208871 0.208871 0.208871
5227.311523 0.000000 2905.850830 0.000000 0.731491 0.000000 0.681852 0.210240 0.210240 0.210240
5502.582031 0.000000 2895.570312 0.000000 0.859302 0.000000 -0.511468 0.213994 0.213994 0.213994
5544.763184 0.000000 2895.825195 0.000000 0.986157 0.000000 -0.165814 0.201110 0.201110 0.201110
5551.447754 0.000000 2893.388916 0.000000 0.729063 0.000000 0.684447 0.199193 0.199193 0.199193
5801.656250 0.000000 2807.844238 0.000000 0.999779 0.000000 -0.021025 0.202111 0.202111 0.202111
5777.360840 0.000000 2813.894775 0.000000 0.973056 0.000000 0.230568 0.204142 0.204142 0.204142
6397.524414 0.000000 2389.413574 0.000000 0.931168 0.000000 0.364590 0.197447 0.197447 0.197447
6418.579102 0.000000 2371.048340 0.000000 0.123927 0.000000 0.992291 0.190118 0.190118 0.190118
6451.402344 0.000000 2369.826660 0.000000 0.594019 0.000000 0.804451 0.196822 0.196822 0.196822
6421.934570 0.000000 2370.671387 0.000000 0.819889 0.000000 0.572522 0.195998 0.195998 0.195998
6458.637207 0.000000 2342.792969 0.000000 0.474217 0.000000 0.880408 0.198851 0.198851 0.198851
6473.641113 0.000000 2369.047119 0.000000 0.859578 0.000000 -0.511005 0.203575 0.203575 0.203575
6464.009766 0.000000 2358.052002 0.000000 0.760730 0.000000 0.649068 0.200600 0.200600 0.200600
6470.507812 0.000000 2367.950439 0.000000 0.808900 0.000000 0.587947 0.201182 0.201182 0.201182
6473.278320 0.000000 2365.942871 0.000000 0.936094 0.000000 0.351751 0.203738 0.203738 0.203738
6474.072266 0.000000 2372.031494 0.000000 0.987717 0.000000 -0.156254 0.207056 0.207056 0.207056
6476.375000 0.000000 2370.527100 0.000000 0.877742 0.000000 0.479134 0.202146 0.202146 0.202146
6513.394043 0.000000 2341.189209 0.000000 0.469401 0.000000 0.882985 0.199320 0.199320 0.199320
6468.384766 0.000000 2366.632080 0.000000 0.541366 0.000000 0.840787 0.197899 0.197899 0.197899
6471.143066 0.000000 2343.243896 0.000000 0.996522 0.000000 0.083330 0.207484 0.207484 0.207484
6512.587891 0.000000 2336.112549 0.000000 0.970604 0.000000 0.240682 0.211199 0.211199 0.211199
6553.505859 0.000000 2369.631104 0.000000 0.932336 0.000000 -0.361593 0.202540 0.202540 0.202540
6561.947754 0.000000 2365.333008 0.000000 0.039188 0.000000 0.999232 0.189370 0.189370 0.189370
6575.537109 0.000000 2342.987793 0.000000 0.821272 0.000000 0.570537 0.200809 0.200809 0.200809
6586.631836 0.000000 2350.995850 0.000000 0.807994 0.000000 0.589190 0.205948 0.205948 0.205948
6578.798340 0.000000 2352.540527 0.000000 0.964327 0.000000 0.264713 0.208261 0.208261 0.208261
6553.706543 0.000000 2329.498779 0.000000 0.999864 0.000000 0.016509 0.214151 0.214151 0.214151
6557.958984 0.000000 2326.059814 0.000000 0.902683 0.000000 0.430305 0.210645 0.210645 0.210645
6589.125000 0.000000 2368.338623 0.000000 0.974819 0.000000 0.222997 0.206400 0.206400 0.206400
6551.935547 0.000000 2352.914551 0.000000 0.456375 0.000000 0.889787 0.202260 0.202260 0.202260
6555.443848 0.000000 2348.124268 0.000000 0.952649 0.000000 -0.304071 0.213940 0.213940 0.213940
6609.722656 0.000000 2368.036621 0.000000 0.332913 0.000000 0.942958 0.196170 0.196170 0.196170
6419.771973 0.000000 2394.969238 0.000000 0.714307 0.000000 0.699832 0.194659 0.194659 0.194659
6403.837402 0.000000 2395.905762 0.000000 0.922804 0.000000 -0.385270 0.202705 0.202705 0.202705
6404.755371 0.000000 2400.216309 0.000000 0.999301 0.000000 0.037394 0.199745 0.199745 0.199745
6428.431641 0.000000 2379.851562 0.000000 0.924251 0.000000 0.381785 0.197528 0.197528 0.197528
6430.608887 0.000000 2377.883301 0.000000 0.024623 0.000000 0.999697 0.189909 0.189909 0.189909
6525.507812 0.000000 2422.120605 0.000000 0.266819 0.000000 0.963747 0.193150 0.193150 0.193150
6474.564941 0.000000 2374.892578 0.000000 0.928102 0.000000 0.372327 0.202486 0.202486 0.202486
6479.671387 0.000000 2373.872803 0.000000 0.998759 0.000000 0.049801 0.206068 0.206068 0.206068
6521.910645 0.000000 2476.779053 0.000000 0.991510 0.000000 -0.130027 0.200895 0.200895 0.200895
6508.376953 0.000000 2475.095703 0.000000 0.900880 0.000000 0.434069 0.196884 0.196884 0.196884
6505.064941 0.000000 2480.533691 0.000000 0.946213 0.000000 -0.323545 0.202287 0.202287 0.202287
6553.283691 0.000000 2393.961426 0.000000 0.931045 0.000000 0.364904 0.202546 0.202546 0.202546
6605.099609 0.000000 2392.120361 0.000000 0.976990 0.000000 -0.213286 0.204640 0.204640 0.204640
6608.971680 0.000000 2478.005127 0.000000 0.226647 0.000000 0.973977 0.190986 0.190986 0.190986
6622.060547 0.000000 2476.982910 0.000000 0.317159 0.000000 0.948372 0.191556 0.191556 0.191556
6628.045898 0.000000 2490.587402 0.000000 0.922771 0.000000 0.385348 0.197363 0.197363 0.197363
"}
object={
	name="cypress_mediterranean_dense_generator_2_1"
	clamp_to_water_level=no
	render_under_water=no
	generated_content=yes
	layer="semidynamic_medium"
	pdxmesh="tree_cypress_mediterranean_01_mesh"
	count=245
	transform="3937.491699 0.000000 2434.723389 0.000000 0.783734 0.000000 -0.621097 0.216218 0.216218 0.216218
3948.051758 0.000000 2460.922363 0.000000 0.424517 0.000000 -0.905420 0.225399 0.225399 0.225399
3953.394043 0.000000 2454.157959 0.000000 0.649423 0.000000 -0.760428 0.221959 0.221959 0.221959
3958.158936 0.000000 2460.887939 0.000000 0.434492 0.000000 -0.900676 0.223464 0.223464 0.223464
3967.510498 0.000000 2453.564941 0.000000 0.230503 0.000000 -0.973072 0.222742 0.222742 0.222742
3953.687988 0.000000 2437.780762 0.000000 0.730126 0.000000 -0.683313 0.218058 0.218058 0.218058
3951.645996 0.000000 2436.526123 0.000000 0.548644 0.000000 -0.836056 0.219959 0.219959 0.219959
3960.096680 0.000000 2456.472168 0.000000 0.610898 0.000000 -0.791709 0.221160 0.221160 0.221160
3951.447998 0.000000 2453.335693 0.000000 0.028816 0.000000 -0.999585 0.226907 0.226907 0.226907
3951.436035 0.000000 2463.549561 0.000000 0.533970 0.000000 -0.845503 0.224359 0.224359 0.224359
3963.003418 0.000000 2474.837891 0.000000 0.503232 0.000000 -0.864152 0.224048 0.224048 0.224048
3975.142822 0.000000 2456.212646 0.000000 0.494800 0.000000 -0.869007 0.219243 0.219243 0.219243
3973.141602 0.000000 2454.334473 0.000000 0.081288 0.000000 -0.996691 0.223320 0.223320 0.223320
3987.253418 0.000000 2476.414795 0.000000 0.295831 0.000000 -0.955240 0.222201 0.222201 0.222201
4068.620605 0.000000 2475.536621 0.000000 0.184733 0.000000 -0.982789 0.209578 0.209578 0.209578
4055.836426 0.000000 2479.440918 0.000000 0.409627 0.000000 -0.912253 0.208962 0.208962 0.208962
3908.384766 0.000000 2536.085205 0.000000 0.084943 0.000000 -0.996386 0.227079 0.227079 0.227079
3937.679932 0.000000 2541.140137 0.000000 0.543124 0.000000 -0.839652 0.234635 0.234635 0.234635
3909.808838 0.000000 2540.795654 0.000000 0.406080 0.000000 -0.913838 0.244127 0.244127 0.244127
3912.987061 0.000000 2540.020508 0.000000 0.609911 0.000000 -0.792470 0.243002 0.243002 0.243002
3956.463867 0.000000 2556.878662 0.000000 0.591311 0.000000 -0.806444 0.214709 0.214709 0.214709
3914.329590 0.000000 2566.501465 0.000000 0.382995 0.000000 -0.923750 0.217765 0.217765 0.217765
3928.535645 0.000000 2558.151855 0.000000 0.528892 0.000000 -0.848689 0.232955 0.232955 0.232955
3910.912598 0.000000 2541.798584 0.000000 0.418418 0.000000 -0.908254 0.245234 0.245234 0.245234
3914.704590 0.000000 2564.539307 0.000000 0.773851 0.000000 -0.633368 0.244304 0.244304 0.244304
3912.404785 0.000000 2562.224854 0.000000 0.225816 0.000000 -0.974170 0.251057 0.251057 0.251057
3917.306641 0.000000 2566.348389 0.000000 0.604466 0.000000 -0.796631 0.246727 0.246727 0.246727
4010.219238 0.000000 2531.527100 0.000000 0.146546 0.000000 -0.989204 0.227826 0.227826 0.227826
4085.013428 0.000000 2519.958740 0.000000 0.027866 0.000000 -0.999612 0.213008 0.213008 0.213008
4035.510986 0.000000 2532.240479 0.000000 0.353826 0.000000 -0.935311 0.215541 0.215541 0.215541
4049.360840 0.000000 2531.472900 0.000000 0.442314 0.000000 -0.896860 0.218487 0.218487 0.218487
4060.947998 0.000000 2515.384277 0.000000 0.688547 0.000000 -0.725192 0.211352 0.211352 0.211352
3972.756592 0.000000 2560.590088 0.000000 0.464542 0.000000 -0.885551 0.226253 0.226253 0.226253
3968.712402 0.000000 2560.017822 0.000000 0.630386 0.000000 -0.776282 0.236068 0.236068 0.236068
3996.979980 0.000000 2557.075928 0.000000 0.292048 0.000000 -0.956404 0.234061 0.234061 0.234061
4018.709717 0.000000 2555.886719 0.000000 0.575927 0.000000 -0.817501 0.226367 0.226367 0.226367
4061.958740 0.000000 2551.997314 0.000000 0.747721 0.000000 -0.664013 0.217255 0.217255 0.217255
4070.469482 0.000000 2568.390869 0.000000 0.592055 0.000000 -0.805898 0.220141 0.220141 0.220141
4054.077637 0.000000 2558.971436 0.000000 0.745090 0.000000 -0.666964 0.219667 0.219667 0.219667
4035.913086 0.000000 2552.733398 0.000000 0.152550 0.000000 -0.988296 0.227147 0.227147 0.227147
4046.686768 0.000000 2556.388428 0.000000 0.142083 0.000000 -0.989855 0.226605 0.226605 0.226605
4043.442871 0.000000 2559.605469 0.000000 0.598226 0.000000 -0.801327 0.223104 0.223104 0.223104
4094.582031 0.000000 2556.664062 0.000000 0.721078 0.000000 -0.692854 0.212798 0.212798 0.212798
4036.602295 0.000000 2544.402588 0.000000 0.502628 0.000000 -0.864503 0.222222 0.222222 0.222222
4046.033691 0.000000 2547.687744 0.000000 0.016698 0.000000 -0.999861 0.225102 0.225102 0.225102
4063.888672 0.000000 2563.341064 0.000000 0.741599 0.000000 -0.670843 0.219114 0.219114 0.219114
4034.199219 0.000000 2548.909180 0.000000 0.062863 0.000000 -0.998022 0.227261 0.227261 0.227261
6721.017578 0.000000 704.505554 0.000000 0.685475 0.000000 -0.728096 0.205375 0.205375 0.205375
6747.131348 0.000000 693.933655 0.000000 0.173919 0.000000 -0.984760 0.209445 0.209445 0.209445
6768.023926 0.000000 730.347534 0.000000 0.146433 0.000000 -0.989221 0.209704 0.209704 0.209704
6767.663086 0.000000 687.824402 0.000000 0.473586 0.000000 -0.880747 0.207424 0.207424 0.207424
6892.376953 0.000000 780.564575 0.000000 0.002699 0.000000 -0.999996 0.211296 0.211296 0.211296
6894.042969 0.000000 740.151550 0.000000 0.718388 0.000000 -0.695643 0.211040 0.211040 0.211040
6690.735840 0.000000 886.918701 0.000000 0.350713 0.000000 -0.936483 0.211257 0.211257 0.211257
6698.288574 0.000000 870.413452 0.000000 0.304944 0.000000 -0.952370 0.208814 0.208814 0.208814
6875.131348 0.000000 806.902405 0.000000 0.072216 0.000000 -0.997389 0.210213 0.210213 0.210213
6955.601562 0.000000 787.196960 0.000000 0.101891 0.000000 -0.994796 0.216866 0.216866 0.216866
7035.981445 0.000000 789.516113 0.000000 0.241014 0.000000 -0.970522 0.209080 0.209080 0.209080
7003.443848 0.000000 766.561829 0.000000 0.259522 0.000000 -0.965737 0.223748 0.223748 0.223748
7072.032227 0.000000 771.234741 0.000000 0.420472 0.000000 -0.907305 0.207436 0.207436 0.207436
7052.083496 0.000000 779.810730 0.000000 0.218871 0.000000 -0.975754 0.226588 0.226588 0.226588
7067.698730 0.000000 780.796204 0.000000 0.616396 0.000000 -0.787436 0.222915 0.222915 0.222915
7067.203125 0.000000 773.614563 0.000000 0.063562 0.000000 -0.997978 0.229155 0.229155 0.229155
7072.607910 0.000000 773.387512 0.000000 0.061278 0.000000 -0.998121 0.228541 0.228541 0.228541
7122.230469 0.000000 772.332397 0.000000 0.753790 0.000000 -0.657115 0.204940 0.204940 0.204940
6938.074219 0.000000 821.297668 0.000000 0.634016 0.000000 -0.773320 0.205849 0.205849 0.205849
6950.469727 0.000000 817.375305 0.000000 0.294978 0.000000 -0.955504 0.212299 0.212299 0.212299
7028.014648 0.000000 799.624573 0.000000 0.795333 0.000000 -0.606172 0.204520 0.204520 0.204520
7004.928223 0.000000 808.661316 0.000000 0.422655 0.000000 -0.906291 0.216817 0.216817 0.216817
7421.282227 0.000000 495.830200 0.000000 0.511172 0.000000 -0.859479 0.258376 0.258376 0.258376
7415.432129 0.000000 500.958710 0.000000 0.112503 0.000000 -0.993651 0.262486 0.262486 0.262486
7412.072754 0.000000 500.378174 0.000000 0.604019 0.000000 -0.796970 0.256508 0.256508 0.256508
7417.814453 0.000000 470.717438 0.000000 0.100012 0.000000 -0.994986 0.267774 0.267774 0.267774
7418.590332 0.000000 494.429443 0.000000 0.711988 0.000000 -0.702192 0.255508 0.255508 0.255508
7403.095215 0.000000 522.678040 0.000000 0.219264 0.000000 -0.975666 0.224708 0.224708 0.224708
7328.032227 0.000000 601.781616 0.000000 0.242036 0.000000 -0.970267 0.208675 0.208675 0.208675
7330.735840 0.000000 604.496826 0.000000 0.696732 0.000000 -0.717332 0.205592 0.205592 0.205592
7351.044922 0.000000 603.932068 0.000000 0.749052 0.000000 -0.662511 0.228554 0.228554 0.228554
7327.005371 0.000000 599.748474 0.000000 0.171315 0.000000 -0.985216 0.233279 0.233279 0.233279
7359.374512 0.000000 604.939270 0.000000 0.770115 0.000000 -0.637906 0.238394 0.238394 0.238394
7314.979980 0.000000 604.857544 0.000000 0.394398 0.000000 -0.918940 0.243009 0.243009 0.243009
7347.318359 0.000000 598.485229 0.000000 0.551644 0.000000 -0.834080 0.242490 0.242490 0.242490
7315.881836 0.000000 603.381287 0.000000 0.479826 0.000000 -0.877364 0.242700 0.242700 0.242700
7348.122559 0.000000 602.508911 0.000000 0.494237 0.000000 -0.869327 0.242538 0.242538 0.242538
7401.322754 0.000000 613.119385 0.000000 0.790388 0.000000 -0.612607 0.204576 0.204576 0.204576
7387.673340 0.000000 617.617065 0.000000 0.199861 0.000000 -0.979824 0.242472 0.242472 0.242472
7402.281250 0.000000 607.055481 0.000000 0.686824 0.000000 -0.726823 0.238979 0.238979 0.238979
7363.099121 0.000000 591.545410 0.000000 0.365064 0.000000 -0.930983 0.227175 0.227175 0.227175
7361.843750 0.000000 611.223450 0.000000 0.242821 0.000000 -0.970071 0.243311 0.243311 0.243311
7360.850586 0.000000 605.408447 0.000000 0.807950 0.000000 -0.589250 0.237793 0.237793 0.237793
7360.525879 0.000000 602.146851 0.000000 0.769758 0.000000 -0.638336 0.237206 0.237206 0.237206
7368.954590 0.000000 588.561768 0.000000 0.353863 0.000000 -0.935297 0.245931 0.245931 0.245931
7321.505859 0.000000 675.099854 0.000000 0.252963 0.000000 -0.967476 0.208766 0.208766 0.208766
7336.199219 0.000000 652.174072 0.000000 0.283049 0.000000 -0.959106 0.235395 0.235395 0.235395
7322.957520 0.000000 627.954956 0.000000 0.635970 0.000000 -0.771714 0.237212 0.237212 0.237212
7419.502441 0.000000 633.325500 0.000000 0.622962 0.000000 -0.782252 0.235551 0.235551 0.235551
7460.550293 0.000000 482.669006 0.000000 0.550851 0.000000 -0.834603 0.230890 0.230890 0.230890
7426.199219 0.000000 458.987274 0.000000 0.327249 0.000000 -0.944938 0.240587 0.240587 0.240587
7464.389160 0.000000 505.505341 0.000000 0.410805 0.000000 -0.911723 0.245318 0.245318 0.245318
7443.236816 0.000000 463.198059 0.000000 0.764389 0.000000 -0.644756 0.230133 0.230133 0.230133
7434.618164 0.000000 503.318237 0.000000 0.694980 0.000000 -0.719029 0.254566 0.254566 0.254566
7443.835449 0.000000 472.762054 0.000000 0.292398 0.000000 -0.956297 0.244695 0.244695 0.244695
7465.936523 0.000000 504.971466 0.000000 0.609468 0.000000 -0.792811 0.243007 0.243007 0.243007
7451.678223 0.000000 513.373535 0.000000 0.479915 0.000000 -0.877315 0.229171 0.229171 0.229171
7454.191406 0.000000 510.573364 0.000000 0.493306 0.000000 -0.869856 0.255511 0.255511 0.255511
7471.350098 0.000000 619.586792 0.000000 0.314196 0.000000 -0.949358 0.240093 0.240093 0.240093
7496.908691 0.000000 610.743774 0.000000 0.187239 0.000000 -0.982314 0.209992 0.209992 0.209992
7434.235840 0.000000 665.012329 0.000000 0.140987 0.000000 -0.990011 0.235443 0.235443 0.235443
7426.575684 0.000000 662.455200 0.000000 0.659602 0.000000 -0.751615 0.230881 0.230881 0.230881
7471.339355 0.000000 621.574158 0.000000 0.139691 0.000000 -0.990195 0.221597 0.221597 0.221597
7486.948242 0.000000 623.482239 0.000000 0.145135 0.000000 -0.989412 0.225322 0.225322 0.225322
7453.291016 0.000000 663.670654 0.000000 0.749756 0.000000 -0.661714 0.229141 0.229141 0.229141
7433.808105 0.000000 662.495300 0.000000 0.521548 0.000000 -0.853222 0.231810 0.231810 0.231810
7484.454590 0.000000 661.667236 0.000000 0.540051 0.000000 -0.841632 0.231615 0.231615 0.231615
7460.099609 0.000000 659.645935 0.000000 0.689533 0.000000 -0.724255 0.230517 0.230517 0.230517
7469.431152 0.000000 625.379822 0.000000 0.442181 0.000000 -0.896926 0.238170 0.238170 0.238170
7472.748535 0.000000 622.740417 0.000000 0.628995 0.000000 -0.777409 0.236085 0.236085 0.236085
7504.971680 0.000000 670.505127 0.000000 0.767064 0.000000 -0.641570 0.204713 0.204713 0.204713
7505.722656 0.000000 673.505432 0.000000 0.091996 0.000000 -0.995759 0.221974 0.221974 0.221974
7508.141113 0.000000 675.259888 0.000000 0.414055 0.000000 -0.910252 0.230427 0.230427 0.230427
7509.101562 0.000000 667.779175 0.000000 0.076133 0.000000 -0.997098 0.234755 0.234755 0.234755
7495.620605 0.000000 627.557373 0.000000 0.505477 0.000000 -0.862840 0.236268 0.236268 0.236268
7504.728516 0.000000 621.334717 0.000000 0.754212 0.000000 -0.656631 0.235048 0.235048 0.235048
7172.384766 0.000000 728.585144 0.000000 0.523409 0.000000 -0.852081 0.223853 0.223853 0.223853
7197.291016 0.000000 720.155029 0.000000 0.425281 0.000000 -0.905061 0.225392 0.225392 0.225392
7173.729492 0.000000 719.841370 0.000000 0.496393 0.000000 -0.868098 0.225336 0.225336 0.225336
7192.887695 0.000000 719.412720 0.000000 0.088782 0.000000 -0.996051 0.228943 0.228943 0.228943
7208.284180 0.000000 716.279053 0.000000 0.791937 0.000000 -0.610603 0.222030 0.222030 0.222030
7201.987305 0.000000 715.426147 0.000000 0.736171 0.000000 -0.676796 0.222755 0.222755 0.222755
7251.640625 0.000000 703.124268 0.000000 0.515020 0.000000 -0.857178 0.227598 0.227598 0.227598
7260.928223 0.000000 695.692566 0.000000 0.352034 0.000000 -0.935987 0.229772 0.229772 0.229772
7280.587891 0.000000 698.065735 0.000000 0.447100 0.000000 -0.894484 0.228262 0.228262 0.228262
7280.914551 0.000000 694.996094 0.000000 0.507858 0.000000 -0.861441 0.228280 0.228280 0.228280
7182.686523 0.000000 748.888367 0.000000 0.304143 0.000000 -0.952626 0.222131 0.222131 0.222131
7187.640625 0.000000 759.608643 0.000000 0.681835 0.000000 -0.731506 0.217405 0.217405 0.217405
7319.836426 0.000000 728.425354 0.000000 0.775663 0.000000 -0.631147 0.210399 0.210399 0.210399
7306.235840 0.000000 721.496704 0.000000 0.055646 0.000000 -0.998451 0.227954 0.227954 0.227954
7320.535645 0.000000 694.167542 0.000000 0.036640 0.000000 -0.999329 0.232558 0.232558 0.232558
7314.979980 0.000000 717.826294 0.000000 0.347398 0.000000 -0.937718 0.226096 0.226096 0.226096
7418.631836 0.000000 712.948914 0.000000 0.076094 0.000000 -0.997101 0.216431 0.216431 0.216431
7419.739258 0.000000 682.319153 0.000000 0.535101 0.000000 -0.844788 0.229225 0.229225 0.229225
7243.406250 0.000000 823.852051 0.000000 0.558607 0.000000 -0.829433 0.208964 0.208964 0.208964
7421.032715 0.000000 812.969299 0.000000 0.398157 0.000000 -0.917317 0.210275 0.210275 0.210275
7440.716797 0.000000 709.910339 0.000000 0.298761 0.000000 -0.954328 0.227146 0.227146 0.227146
7469.465820 0.000000 722.108459 0.000000 0.070484 0.000000 -0.997513 0.225933 0.225933 0.225933
7441.219727 0.000000 689.271240 0.000000 0.587549 0.000000 -0.809189 0.227458 0.227458 0.227458
7536.580566 0.000000 708.253235 0.000000 0.131682 0.000000 -0.991292 0.209985 0.209985 0.209985
7508.805176 0.000000 677.880005 0.000000 0.653476 0.000000 -0.756947 0.227938 0.227938 0.227938
7543.794922 0.000000 747.303101 0.000000 0.155511 0.000000 -0.987834 0.221471 0.221471 0.221471
7497.866211 0.000000 829.853577 0.000000 0.342428 0.000000 -0.939544 0.208476 0.208476 0.208476
7540.463867 0.000000 805.863098 0.000000 0.484454 0.000000 -0.874817 0.210195 0.210195 0.210195
7517.958984 0.000000 800.981567 0.000000 0.355447 0.000000 -0.934696 0.211835 0.211835 0.211835
7579.131348 0.000000 863.386780 0.000000 0.617069 0.000000 -0.786909 0.206060 0.206060 0.206060
6758.346680 0.000000 958.007690 0.000000 0.423345 0.000000 -0.905969 0.209466 0.209466 0.209466
6758.346680 0.000000 1014.492065 0.000000 0.659980 0.000000 -0.751283 0.210442 0.210442 0.210442
6721.451660 0.000000 969.626831 0.000000 0.102757 0.000000 -0.994706 0.219373 0.219373 0.219373
6843.211426 0.000000 989.852539 0.000000 0.336962 0.000000 -0.941518 0.208517 0.208517 0.208517
6851.510742 0.000000 1007.162354 0.000000 0.394672 0.000000 -0.918822 0.208115 0.208115 0.208115
6757.463867 0.000000 1024.324097 0.000000 0.663671 0.000000 -0.748025 0.211603 0.211603 0.211603
6819.991211 0.000000 1032.445190 0.000000 0.488745 0.000000 -0.872427 0.207305 0.207305 0.207305
6816.449219 0.000000 1042.714111 0.000000 0.036592 0.000000 -0.999330 0.212316 0.212316 0.212316
6907.211426 0.000000 1046.336914 0.000000 0.751038 0.000000 -0.660259 0.204987 0.204987 0.204987
6848.042480 0.000000 1016.726074 0.000000 0.567182 0.000000 -0.823592 0.207078 0.207078 0.207078
7064.795410 0.000000 931.662170 0.000000 0.732900 0.000000 -0.680336 0.206130 0.206130 0.206130
7084.352051 0.000000 921.011108 0.000000 0.777194 0.000000 -0.629261 0.209198 0.209198 0.209198
6921.278320 0.000000 1066.802368 0.000000 0.722072 0.000000 -0.691818 0.205303 0.205303 0.205303
6964.003906 0.000000 1076.530640 0.000000 0.309023 0.000000 -0.951055 0.208596 0.208596 0.208596
7034.305176 0.000000 1117.184570 0.000000 0.189588 0.000000 -0.981864 0.209647 0.209647 0.209647
7069.237305 0.000000 1106.725342 0.000000 0.600300 0.000000 -0.799775 0.206317 0.206317 0.206317
7119.831543 0.000000 1077.375000 0.000000 0.232702 0.000000 -0.972548 0.209038 0.209038 0.209038
6952.015625 0.000000 1137.316040 0.000000 0.168769 0.000000 -0.985656 0.209620 0.209620 0.209620
6946.857422 0.000000 1158.816406 0.000000 0.601316 0.000000 -0.799011 0.215821 0.215821 0.215821
7102.624512 0.000000 1194.992065 0.000000 0.243411 0.000000 -0.969923 0.208964 0.208964 0.208964
7131.932617 0.000000 1206.441528 0.000000 0.529889 0.000000 -0.848067 0.206849 0.206849 0.206849
7137.947754 0.000000 1235.645386 0.000000 0.709637 0.000000 -0.704567 0.205407 0.205407 0.205407
7148.376953 0.000000 1232.439575 0.000000 0.735771 0.000000 -0.677230 0.205071 0.205071 0.205071
7383.371094 0.000000 1059.732666 0.000000 0.687324 0.000000 -0.726351 0.205663 0.205663 0.205663
7364.948730 0.000000 1016.833801 0.000000 0.399270 0.000000 -0.916834 0.208109 0.208109 0.208109
7313.664551 0.000000 1079.859131 0.000000 0.217525 0.000000 -0.976055 0.212880 0.212880 0.212880
7401.204590 0.000000 1109.764526 0.000000 0.730307 0.000000 -0.683119 0.206157 0.206157 0.206157
7401.064941 0.000000 1124.908691 0.000000 0.747433 0.000000 -0.664338 0.212504 0.212504 0.212504
7419.100586 0.000000 1083.295898 0.000000 0.097238 0.000000 -0.995261 0.220044 0.220044 0.220044
7376.244141 0.000000 1102.401001 0.000000 0.472835 0.000000 -0.881151 0.220053 0.220053 0.220053
7376.716797 0.000000 1105.300903 0.000000 0.539173 0.000000 -0.842195 0.219441 0.219441 0.219441
7403.596680 0.000000 1121.744629 0.000000 0.243806 0.000000 -0.969824 0.224503 0.224503 0.224503
7371.263184 0.000000 1109.765503 0.000000 0.522513 0.000000 -0.852631 0.220206 0.220206 0.220206
7413.789062 0.000000 1116.646851 0.000000 0.217003 0.000000 -0.976171 0.224102 0.224102 0.224102
7549.658691 0.000000 939.065735 0.000000 0.611353 0.000000 -0.791358 0.206063 0.206063 0.206063
7524.045898 0.000000 965.509277 0.000000 0.434530 0.000000 -0.900657 0.207558 0.207558 0.207558
7350.158691 0.000000 1161.747314 0.000000 0.301626 0.000000 -0.953426 0.220292 0.220292 0.220292
7383.371094 0.000000 1172.701416 0.000000 0.314756 0.000000 -0.949172 0.208555 0.208555 0.208555
7403.690430 0.000000 1133.251465 0.000000 0.464525 0.000000 -0.885560 0.224414 0.224414 0.224414
7364.384766 0.000000 1180.460205 0.000000 0.148290 0.000000 -0.988944 0.224668 0.224668 0.224668
7380.436035 0.000000 1171.959351 0.000000 0.449085 0.000000 -0.893489 0.223944 0.223944 0.223944
7362.269043 0.000000 1183.121338 0.000000 0.136259 0.000000 -0.990673 0.224137 0.224137 0.224137
7349.428223 0.000000 1204.013062 0.000000 0.488575 0.000000 -0.872522 0.214421 0.214421 0.214421
7343.447754 0.000000 1255.341919 0.000000 0.626609 0.000000 -0.779334 0.220394 0.220394 0.220394
7345.687988 0.000000 1251.608765 0.000000 0.615881 0.000000 -0.787839 0.220504 0.220504 0.220504
4101.119141 0.000000 2501.746826 0.000000 0.730952 0.000000 -0.682429 0.205157 0.205157 0.205157
4112.939453 0.000000 2557.725586 0.000000 0.246140 0.000000 -0.969234 0.213287 0.213287 0.213287
4123.635742 0.000000 2564.847168 0.000000 0.742605 0.000000 -0.669730 0.208995 0.208995 0.208995
4121.706543 0.000000 2555.436279 0.000000 0.786580 0.000000 -0.617489 0.206726 0.206726 0.206726
4215.819336 0.000000 2617.112061 0.000000 0.587525 0.000000 -0.809206 0.206903 0.206903 0.206903
4211.016113 0.000000 2619.132324 0.000000 0.568345 0.000000 -0.822790 0.208276 0.208276 0.208276
4228.047852 0.000000 2606.631348 0.000000 0.354278 0.000000 -0.935140 0.208087 0.208087 0.208087
4245.502930 0.000000 2646.600342 0.000000 0.196288 0.000000 -0.980546 0.213660 0.213660 0.213660
4241.939453 0.000000 2640.076904 0.000000 0.353276 0.000000 -0.935519 0.211852 0.211852 0.211852
4322.111328 0.000000 2686.380859 0.000000 0.726153 0.000000 -0.687533 0.212742 0.212742 0.212742
4356.032715 0.000000 2629.892822 0.000000 0.713058 0.000000 -0.701105 0.205082 0.205082 0.205082
4355.505371 0.000000 2641.707520 0.000000 0.530525 0.000000 -0.847670 0.206768 0.206768 0.206768
4382.060547 0.000000 2646.436035 0.000000 0.736999 0.000000 -0.675894 0.205003 0.205003 0.205003
4357.464844 0.000000 2659.547607 0.000000 0.724637 0.000000 -0.689130 0.205239 0.205239 0.205239
5172.014648 0.000000 2663.608887 0.000000 0.709705 0.000000 -0.704499 0.212921 0.212921 0.212921
5181.638184 0.000000 2674.488770 0.000000 0.651681 0.000000 -0.758493 0.213521 0.213521 0.213521
5192.614258 0.000000 2668.294434 0.000000 0.024668 0.000000 -0.999696 0.216814 0.216814 0.216814
5190.363770 0.000000 2664.278320 0.000000 0.178011 0.000000 -0.984029 0.216291 0.216291 0.216291
5081.505859 0.000000 2765.021729 0.000000 0.470941 0.000000 -0.882165 0.207202 0.207202 0.207202
5088.618164 0.000000 2714.615723 0.000000 0.387760 0.000000 -0.921760 0.209743 0.209743 0.209743
5033.967773 0.000000 2797.552246 0.000000 0.380811 0.000000 -0.924653 0.217783 0.217783 0.217783
5107.016113 0.000000 2845.069824 0.000000 0.267384 0.000000 -0.963590 0.218087 0.218087 0.218087
5126.363770 0.000000 2720.762695 0.000000 0.239025 0.000000 -0.971013 0.215825 0.215825 0.215825
5122.552734 0.000000 2823.810547 0.000000 0.795850 0.000000 -0.605494 0.216062 0.216062 0.216062
5148.947754 0.000000 2854.290527 0.000000 0.712224 0.000000 -0.701953 0.223046 0.223046 0.223046
5143.935547 0.000000 2861.273926 0.000000 0.722136 0.000000 -0.691751 0.225916 0.225916 0.225916
5143.408203 0.000000 2892.541260 0.000000 0.273219 0.000000 -0.961952 0.219282 0.219282 0.219282
5501.524414 0.000000 2897.772949 0.000000 0.768789 0.000000 -0.639503 0.204694 0.204694 0.204694
5544.974609 0.000000 2892.224609 0.000000 0.692734 0.000000 -0.721194 0.211309 0.211309 0.211309
5715.991699 0.000000 2857.446289 0.000000 0.741276 0.000000 -0.671200 0.205449 0.205449 0.205449
6451.759277 0.000000 2347.224121 0.000000 0.158046 0.000000 -0.987432 0.216443 0.216443 0.216443
6463.976562 0.000000 2366.474854 0.000000 0.650685 0.000000 -0.759348 0.211132 0.211132 0.211132
6476.457520 0.000000 2367.635254 0.000000 0.804612 0.000000 -0.593801 0.211227 0.211227 0.211227
6471.437500 0.000000 2370.903076 0.000000 0.727587 0.000000 -0.686016 0.210941 0.210941 0.210941
6478.604980 0.000000 2363.436279 0.000000 0.710191 0.000000 -0.704009 0.212916 0.212916 0.212916
6466.575684 0.000000 2356.986328 0.000000 0.128612 0.000000 -0.991695 0.217292 0.217292 0.217292
6557.530273 0.000000 2343.151855 0.000000 0.005889 0.000000 -0.999983 0.210705 0.210705 0.210705
6591.697754 0.000000 2360.583496 0.000000 0.803071 0.000000 -0.595883 0.214196 0.214196 0.214196
6593.118652 0.000000 2360.589600 0.000000 0.636788 0.000000 -0.771039 0.216074 0.216074 0.216074
6521.910645 0.000000 2420.294678 0.000000 0.585963 0.000000 -0.810337 0.209931 0.209931 0.209931
6519.062500 0.000000 2423.361328 0.000000 0.669661 0.000000 -0.742667 0.209150 0.209150 0.209150
6468.948730 0.000000 2372.458740 0.000000 0.462736 0.000000 -0.886496 0.213422 0.213422 0.213422
6555.635742 0.000000 2395.394043 0.000000 0.417114 0.000000 -0.908854 0.213187 0.213187 0.213187
6606.979980 0.000000 2397.183838 0.000000 0.762508 0.000000 -0.646978 0.209367 0.209367 0.209367
6528.009766 0.000000 2471.020752 0.000000 0.467323 0.000000 -0.884087 0.207446 0.207446 0.207446
6601.641113 0.000000 2482.015869 0.000000 0.503585 0.000000 -0.863945 0.206953 0.206953 0.206953
6514.318359 0.000000 2485.518311 0.000000 0.730512 0.000000 -0.682900 0.205161 0.205161 0.205161
"}
