object={
	name="cypress_mediterranean_dense_generator_1_0"
	clamp_to_water_level=no
	render_under_water=no
	generated_content=yes
	layer="semidynamic"
	pdxmesh="tree_cypress_mediterranean_02_mesh"
	count=520
	transform="3932.793701 0.000000 2431.669922 0.000000 0.965465 0.000000 -0.260533 0.201698 0.201698 0.201698
3960.065674 0.000000 2454.190674 0.000000 0.539388 0.000000 0.842058 0.205067 0.205067 0.205067
3930.979736 0.000000 2470.660889 0.000000 0.895615 0.000000 -0.444831 0.203107 0.203107 0.203107
3951.722412 0.000000 2473.147705 0.000000 0.893883 0.000000 -0.448299 0.221005 0.221005 0.221005
3935.758545 0.000000 2458.987793 0.000000 0.899805 0.000000 0.436293 0.214358 0.214358 0.214358
3953.519043 0.000000 2435.157715 0.000000 0.993676 0.000000 -0.112282 0.212944 0.212944 0.212944
3941.432373 0.000000 2439.855225 0.000000 0.330837 0.000000 0.943688 0.204189 0.204189 0.204189
3952.541992 0.000000 2451.413330 0.000000 0.707650 0.000000 0.706563 0.207863 0.207863 0.207863
3960.551025 0.000000 2461.687256 0.000000 0.961937 0.000000 -0.273270 0.216551 0.216551 0.216551
3945.385498 0.000000 2461.746338 0.000000 0.166778 0.000000 0.985994 0.205261 0.205261 0.205261
3929.621582 0.000000 2476.702881 0.000000 0.893387 0.000000 0.449288 0.196847 0.196847 0.196847
3959.107910 0.000000 2474.029541 0.000000 0.976497 0.000000 -0.215533 0.217776 0.217776 0.217776
3930.073975 0.000000 2459.344482 0.000000 0.776911 0.000000 0.629610 0.210293 0.210293 0.210293
3954.585205 0.000000 2456.722412 0.000000 0.754045 0.000000 0.656823 0.208420 0.208420 0.208420
3965.212891 0.000000 2454.219971 0.000000 0.970898 0.000000 -0.239492 0.214550 0.214550 0.214550
3946.009521 0.000000 2483.764893 0.000000 0.906754 0.000000 -0.421660 0.223082 0.223082 0.223082
3949.433838 0.000000 2458.557373 0.000000 0.749738 0.000000 0.661734 0.209943 0.209943 0.209943
3938.015137 0.000000 2449.323730 0.000000 0.995585 0.000000 -0.093865 0.216749 0.216749 0.216749
3957.993896 0.000000 2450.114258 0.000000 0.299510 0.000000 0.954093 0.202919 0.202919 0.202919
3933.237549 0.000000 2462.350342 0.000000 0.935290 0.000000 0.353883 0.216208 0.216208 0.216208
3949.375000 0.000000 2453.749756 0.000000 0.645954 0.000000 0.763376 0.207695 0.207695 0.207695
3945.322754 0.000000 2477.103760 0.000000 0.920808 0.000000 -0.390015 0.222203 0.222203 0.222203
3965.508057 0.000000 2478.604980 0.000000 0.348718 0.000000 0.937228 0.205347 0.205347 0.205347
3955.863525 0.000000 2453.200928 0.000000 0.892617 0.000000 0.450815 0.209920 0.209920 0.209920
3951.663086 0.000000 2438.840088 0.000000 0.989911 0.000000 -0.141692 0.213748 0.213748 0.213748
3945.204590 0.000000 2465.389404 0.000000 0.990018 0.000000 -0.140939 0.218846 0.218846 0.218846
3950.042969 0.000000 2434.682861 0.000000 0.692929 0.000000 0.721006 0.206130 0.206130 0.206130
3942.346680 0.000000 2483.085693 0.000000 0.983185 0.000000 -0.182613 0.212944 0.212944 0.212944
3946.288330 0.000000 2451.975830 0.000000 0.721112 0.000000 0.692819 0.204355 0.204355 0.204355
3955.759033 0.000000 2460.192871 0.000000 0.574978 0.000000 0.818169 0.206957 0.206957 0.206957
3945.065186 0.000000 2480.533691 0.000000 0.953874 0.000000 0.300207 0.216698 0.216698 0.216698
3949.386719 0.000000 2483.535156 0.000000 0.987453 0.000000 -0.157911 0.220127 0.220127 0.220127
3952.580566 0.000000 2459.268799 0.000000 0.947656 0.000000 0.319292 0.212715 0.212715 0.212715
3937.099609 0.000000 2462.777832 0.000000 0.809765 0.000000 0.586755 0.212861 0.212861 0.212861
3951.537109 0.000000 2455.956543 0.000000 0.478053 0.000000 0.878331 0.206017 0.206017 0.206017
3964.832764 0.000000 2461.149902 0.000000 0.980560 0.000000 0.196218 0.211568 0.211568 0.211568
3957.861084 0.000000 2476.894531 0.000000 0.996508 0.000000 -0.083500 0.213277 0.213277 0.213277
3942.581055 0.000000 2463.952637 0.000000 0.761470 0.000000 0.648201 0.211144 0.211144 0.211144
3932.947998 0.000000 2458.899902 0.000000 0.999331 0.000000 -0.036583 0.219081 0.219081 0.219081
3983.273193 0.000000 2450.746582 0.000000 0.972701 0.000000 -0.232063 0.210489 0.210489 0.210489
3969.017578 0.000000 2455.521240 0.000000 0.996931 0.000000 -0.078284 0.212671 0.212671 0.212671
3971.837158 0.000000 2452.390137 0.000000 0.930556 0.000000 0.366150 0.207963 0.207963 0.207963
3976.908447 0.000000 2474.728027 0.000000 0.990867 0.000000 -0.134843 0.214259 0.214259 0.214259
3968.894775 0.000000 2459.128174 0.000000 0.994167 0.000000 -0.107851 0.212909 0.212909 0.212909
4052.968506 0.000000 2480.953125 0.000000 0.999859 0.000000 -0.016795 0.201520 0.201520 0.201520
4053.208252 0.000000 2468.707275 0.000000 0.997992 0.000000 -0.063333 0.200443 0.200443 0.200443
4062.060547 0.000000 2476.982910 0.000000 0.966604 0.000000 -0.256273 0.201805 0.201805 0.201805
3898.368164 0.000000 2537.238525 0.000000 0.599185 0.000000 0.800610 0.221583 0.221583 0.221583
3908.458496 0.000000 2539.778564 0.000000 0.986801 0.000000 -0.161940 0.236082 0.236082 0.236082
3913.400879 0.000000 2501.431641 0.000000 0.321102 0.000000 0.947045 0.191615 0.191615 0.191615
3949.943604 0.000000 2487.667480 0.000000 0.710564 0.000000 0.703633 0.211553 0.211553 0.211553
3913.640869 0.000000 2538.500244 0.000000 0.525920 0.000000 0.850534 0.223768 0.223768 0.223768
3942.686279 0.000000 2485.618164 0.000000 0.955684 0.000000 0.294394 0.202555 0.202555 0.202555
3946.673340 0.000000 2485.456299 0.000000 0.529488 0.000000 0.848317 0.209573 0.209573 0.209573
3910.508057 0.000000 2537.403564 0.000000 0.541632 0.000000 0.840616 0.223446 0.223446 0.223446
3932.380127 0.000000 2540.162842 0.000000 0.890932 0.000000 -0.454136 0.235077 0.235077 0.235077
3901.292725 0.000000 2554.355957 0.000000 0.959521 0.000000 -0.281637 0.240765 0.240765 0.240765
3901.524170 0.000000 2558.866699 0.000000 0.999975 0.000000 0.007029 0.238302 0.238302 0.238302
3898.028564 0.000000 2554.895508 0.000000 0.593244 0.000000 0.805023 0.228658 0.228658 0.228658
3898.462158 0.000000 2558.866943 0.000000 0.981287 0.000000 0.192552 0.236913 0.236913 0.236913
3900.013184 0.000000 2556.661621 0.000000 0.317807 0.000000 0.948155 0.225422 0.225422 0.225422
3903.273682 0.000000 2553.187988 0.000000 0.544700 0.000000 0.838631 0.227032 0.227032 0.227032
3905.451416 0.000000 2553.972412 0.000000 0.079383 0.000000 0.996844 0.221929 0.221929 0.221929
3922.127686 0.000000 2555.072998 0.000000 0.072290 0.000000 0.997384 0.219456 0.219456 0.219456
3954.842529 0.000000 2559.666748 0.000000 0.831469 0.000000 -0.555572 0.212050 0.212050 0.212050
3916.552734 0.000000 2567.990967 0.000000 0.984273 0.000000 0.176653 0.235430 0.235430 0.235430
3914.351318 0.000000 2562.675781 0.000000 0.992823 0.000000 0.119594 0.236023 0.236023 0.236023
3926.937256 0.000000 2556.224121 0.000000 0.780809 0.000000 0.624770 0.227175 0.227175 0.227175
3939.991211 0.000000 2557.523438 0.000000 0.911975 0.000000 0.410245 0.225381 0.225381 0.225381
3908.948486 0.000000 2541.911865 0.000000 0.955071 0.000000 0.296377 0.229809 0.229809 0.229809
3916.526855 0.000000 2564.842773 0.000000 0.862450 0.000000 -0.506142 0.242120 0.242120 0.242120
3934.961914 0.000000 2542.758301 0.000000 0.874898 0.000000 0.484308 0.221920 0.221920 0.221920
3929.706787 0.000000 2555.436279 0.000000 0.898818 0.000000 -0.438321 0.228487 0.228487 0.228487
3924.832764 0.000000 2554.376465 0.000000 0.978539 0.000000 0.206063 0.231827 0.231827 0.231827
3913.795410 0.000000 2541.821289 0.000000 0.968177 0.000000 0.250267 0.231375 0.231375 0.231375
3926.077637 0.000000 2558.971436 0.000000 0.994695 0.000000 0.102864 0.231758 0.231758 0.231758
3923.640381 0.000000 2567.108643 0.000000 0.504784 0.000000 0.863246 0.223018 0.223018 0.223018
3969.319092 0.000000 2524.200928 0.000000 0.235923 0.000000 0.971772 0.191416 0.191416 0.191416
3972.957520 0.000000 2525.159668 0.000000 0.995520 0.000000 -0.094551 0.213366 0.213366 0.213366
3977.866211 0.000000 2524.384766 0.000000 0.270836 0.000000 0.962625 0.199186 0.199186 0.199186
4053.705078 0.000000 2512.180176 0.000000 0.969134 0.000000 -0.246536 0.206030 0.206030 0.206030
4079.722412 0.000000 2529.632080 0.000000 0.999359 0.000000 0.035805 0.204497 0.204497 0.204497
4095.487305 0.000000 2515.540283 0.000000 0.946921 0.000000 -0.321466 0.202288 0.202288 0.202288
4032.255127 0.000000 2532.453369 0.000000 0.815720 0.000000 0.578447 0.195950 0.195950 0.195950
4062.236816 0.000000 2537.842285 0.000000 0.929599 0.000000 0.368572 0.205773 0.205773 0.205773
4083.456055 0.000000 2535.600830 0.000000 0.925144 0.000000 0.379617 0.201886 0.201886 0.201886
4066.900879 0.000000 2485.377197 0.000000 0.924022 0.000000 0.382339 0.197258 0.197258 0.197258
4073.260742 0.000000 2529.534668 0.000000 0.151237 0.000000 0.988497 0.195270 0.195270 0.195270
4084.365479 0.000000 2524.578857 0.000000 0.457675 0.000000 0.889120 0.195139 0.195139 0.195139
4058.073975 0.000000 2515.828857 0.000000 0.867580 0.000000 0.497298 0.201990 0.201990 0.201990
4093.658936 0.000000 2520.628174 0.000000 0.992375 0.000000 0.123256 0.199967 0.199967 0.199967
4039.914795 0.000000 2487.149414 0.000000 0.843232 0.000000 -0.537550 0.209540 0.209540 0.209540
4091.211426 0.000000 2514.930664 0.000000 0.111476 0.000000 0.993767 0.190525 0.190525 0.190525
4065.947754 0.000000 2534.786133 0.000000 0.763471 0.000000 0.645842 0.202742 0.202742 0.202742
4070.889160 0.000000 2508.752197 0.000000 0.993647 0.000000 -0.112545 0.203899 0.203899 0.203899
4079.868652 0.000000 2533.723389 0.000000 0.679445 0.000000 0.733726 0.199199 0.199199 0.199199
4062.953613 0.000000 2541.564941 0.000000 0.839078 0.000000 -0.544011 0.213706 0.213706 0.213706
4083.402588 0.000000 2539.279785 0.000000 0.999451 0.000000 -0.033145 0.206130 0.206130 0.206130
3970.500488 0.000000 2561.541016 0.000000 0.406112 0.000000 0.913824 0.216418 0.216418 0.216418
4029.292725 0.000000 2554.355957 0.000000 0.988855 0.000000 0.148883 0.215827 0.215827 0.215827
4023.531250 0.000000 2552.400635 0.000000 0.584191 0.000000 0.811616 0.194664 0.194664 0.194664
3978.351318 0.000000 2562.675781 0.000000 0.826631 0.000000 -0.562745 0.204118 0.204118 0.204118
4016.918701 0.000000 2556.782959 0.000000 0.924619 0.000000 0.380894 0.215958 0.215958 0.215958
4044.978516 0.000000 2542.532959 0.000000 0.825234 0.000000 -0.564791 0.204180 0.204180 0.204180
4073.563477 0.000000 2568.287842 0.000000 0.418170 0.000000 0.908369 0.199898 0.199898 0.199898
4041.400879 0.000000 2557.916016 0.000000 0.270101 0.000000 0.962832 0.204662 0.204662 0.204662
4055.890625 0.000000 2560.854492 0.000000 0.960890 0.000000 0.276929 0.211989 0.211989 0.211989
4055.491943 0.000000 2542.428467 0.000000 0.200326 0.000000 0.979729 0.200110 0.200110 0.200110
4077.433838 0.000000 2571.526123 0.000000 0.978331 0.000000 0.207047 0.198573 0.198573 0.198573
4057.237549 0.000000 2547.955811 0.000000 0.876730 0.000000 0.480982 0.207497 0.207497 0.207497
4082.318359 0.000000 2542.002686 0.000000 0.728026 0.000000 0.685550 0.196026 0.196026 0.196026
4064.426758 0.000000 2554.234619 0.000000 0.968327 0.000000 0.249684 0.209479 0.209479 0.209479
4059.131592 0.000000 2557.917969 0.000000 0.637072 0.000000 0.770804 0.205528 0.205528 0.205528
4061.020508 0.000000 2554.627197 0.000000 0.972361 0.000000 0.233482 0.210161 0.210161 0.210161
4044.112305 0.000000 2556.703613 0.000000 0.752432 0.000000 0.658670 0.208926 0.208926 0.208926
4035.820801 0.000000 2555.602295 0.000000 0.920390 0.000000 0.391003 0.212620 0.212620 0.212620
6783.586426 0.000000 731.247070 0.000000 0.435926 0.000000 0.899982 0.192368 0.192368 0.192368
6751.758301 0.000000 764.456482 0.000000 0.929091 0.000000 -0.369851 0.202497 0.202497 0.202497
6822.230957 0.000000 716.341553 0.000000 0.175907 0.000000 0.984407 0.190256 0.190256 0.190256
6899.456055 0.000000 728.100769 0.000000 0.940796 0.000000 0.338973 0.204385 0.204385 0.204385
6873.505859 0.000000 731.584229 0.000000 0.983370 0.000000 -0.181616 0.204974 0.204974 0.204974
6882.900879 0.000000 734.361572 0.000000 0.985373 0.000000 -0.170414 0.206027 0.206027 0.206027
6883.765137 0.000000 760.144104 0.000000 0.723350 0.000000 0.690482 0.196504 0.196504 0.196504
6866.283691 0.000000 735.429565 0.000000 0.906807 0.000000 -0.421545 0.205656 0.205656 0.205656
6866.817383 0.000000 764.740784 0.000000 0.885273 0.000000 0.465071 0.197421 0.197421 0.197421
6740.968750 0.000000 842.906372 0.000000 0.999839 0.000000 -0.017967 0.200120 0.200120 0.200120
6700.760254 0.000000 885.770752 0.000000 0.087183 0.000000 0.996192 0.190846 0.190846 0.190846
6743.890625 0.000000 866.323303 0.000000 0.106325 0.000000 0.994331 0.190020 0.190020 0.190020
6938.709961 0.000000 771.336792 0.000000 0.908999 0.000000 0.416799 0.202127 0.202127 0.202127
6966.381836 0.000000 763.624512 0.000000 0.953020 0.000000 0.302908 0.206856 0.206856 0.206856
6973.611816 0.000000 773.056519 0.000000 0.850641 0.000000 0.525747 0.204949 0.204949 0.204949
7025.272949 0.000000 767.921814 0.000000 0.060818 0.000000 0.998149 0.202414 0.202414 0.202414
7017.385742 0.000000 767.215027 0.000000 0.706164 0.000000 0.708048 0.207324 0.207324 0.207324
7002.074219 0.000000 764.813293 0.000000 0.557531 0.000000 0.830156 0.205243 0.205243 0.205243
7021.434082 0.000000 764.026123 0.000000 0.188547 0.000000 0.982064 0.193565 0.193565 0.193565
6992.971680 0.000000 783.473877 0.000000 0.627363 0.000000 0.778727 0.203356 0.203356 0.203356
6986.351562 0.000000 755.175842 0.000000 0.998752 0.000000 -0.049945 0.212444 0.212444 0.212444
6993.260254 0.000000 760.754028 0.000000 0.752857 0.000000 0.658185 0.206828 0.206828 0.206828
7005.237305 0.000000 767.819092 0.000000 0.177915 0.000000 0.984046 0.201906 0.201906 0.201906
6987.941895 0.000000 776.100891 0.000000 0.903773 0.000000 0.428013 0.206891 0.206891 0.206891
7020.412598 0.000000 776.570618 0.000000 0.524372 0.000000 0.851489 0.204924 0.204924 0.204924
7024.580566 0.000000 764.737610 0.000000 0.821439 0.000000 -0.570297 0.219842 0.219842 0.219842
7008.449219 0.000000 760.292175 0.000000 0.599432 0.000000 0.800425 0.206690 0.206690 0.206690
7073.210449 0.000000 779.170227 0.000000 0.993320 0.000000 0.115391 0.214448 0.214448 0.214448
7092.365234 0.000000 773.563110 0.000000 0.891220 0.000000 0.453570 0.210432 0.210432 0.210432
7049.641113 0.000000 787.484741 0.000000 0.978892 0.000000 0.204377 0.212601 0.212601 0.212601
7051.941895 0.000000 776.100891 0.000000 0.554296 0.000000 0.832319 0.207775 0.207775 0.207775
7048.908691 0.000000 780.196899 0.000000 0.999517 0.000000 0.031092 0.214590 0.214590 0.214590
7074.735840 0.000000 773.949951 0.000000 0.782315 0.000000 0.622883 0.210365 0.210365 0.210365
7081.064941 0.000000 786.002441 0.000000 0.640484 0.000000 0.767972 0.206600 0.206600 0.206600
7049.278320 0.000000 784.380432 0.000000 0.556955 0.000000 0.830543 0.206777 0.206777 0.206777
7141.098633 0.000000 777.167847 0.000000 0.777268 0.000000 0.629170 0.197618 0.197618 0.197618
7151.145508 0.000000 752.444702 0.000000 0.701431 0.000000 0.712737 0.206225 0.206225 0.206225
7115.406250 0.000000 767.367676 0.000000 0.928219 0.000000 0.372035 0.210082 0.210082 0.210082
7138.857422 0.000000 763.425781 0.000000 0.998731 0.000000 0.050370 0.211642 0.211642 0.211642
7145.967773 0.000000 764.114807 0.000000 0.168423 0.000000 0.985715 0.200348 0.200348 0.200348
6926.953125 0.000000 844.752930 0.000000 0.385408 0.000000 0.922746 0.191844 0.191844 0.191844
6998.937012 0.000000 805.208618 0.000000 0.973659 0.000000 -0.228010 0.209886 0.209886 0.209886
6989.506836 0.000000 826.595703 0.000000 0.996883 0.000000 0.078893 0.204179 0.204179 0.204179
7023.917480 0.000000 827.563293 0.000000 0.193783 0.000000 0.981044 0.197083 0.197083 0.197083
7101.507812 0.000000 840.558044 0.000000 0.999857 0.000000 0.016932 0.206315 0.206315 0.206315
7078.889160 0.000000 870.705261 0.000000 0.661362 0.000000 0.750067 0.200060 0.200060 0.200060
7417.910645 0.000000 499.826050 0.000000 0.984267 0.000000 -0.176689 0.223705 0.223705 0.223705
7418.305176 0.000000 495.856445 0.000000 0.764367 0.000000 0.644781 0.238921 0.238921 0.238921
7414.158691 0.000000 483.934753 0.000000 0.105938 0.000000 0.994373 0.232265 0.232265 0.232265
7420.008301 0.000000 494.152161 0.000000 0.550654 0.000000 0.834734 0.235704 0.235704 0.235704
7423.163574 0.000000 484.549561 0.000000 0.957791 0.000000 0.287464 0.245141 0.245141 0.245141
7418.561523 0.000000 483.634277 0.000000 0.900903 0.000000 0.434021 0.243349 0.243349 0.243349
7417.072754 0.000000 501.992096 0.000000 0.317052 0.000000 0.948408 0.232293 0.232293 0.232293
7397.432617 0.000000 519.386414 0.000000 0.879460 0.000000 -0.475973 0.248814 0.248814 0.248814
7422.270020 0.000000 512.790771 0.000000 0.998175 0.000000 -0.060385 0.245202 0.245202 0.245202
7226.544434 0.000000 661.751221 0.000000 0.851389 0.000000 -0.524534 0.229380 0.229380 0.229380
7281.272949 0.000000 654.953064 0.000000 0.970555 0.000000 0.240881 0.206808 0.206808 0.206808
7280.647949 0.000000 661.803894 0.000000 0.771727 0.000000 0.635954 0.205480 0.205480 0.205480
7291.981445 0.000000 676.547363 0.000000 0.995068 0.000000 0.099191 0.220692 0.220692 0.220692
7255.836426 0.000000 671.940979 0.000000 0.681926 0.000000 0.731421 0.215888 0.215888 0.215888
7333.982422 0.000000 615.105530 0.000000 0.909741 0.000000 0.415176 0.209162 0.209162 0.209162
7348.365234 0.000000 604.109985 0.000000 0.249311 0.000000 0.968423 0.218801 0.218801 0.218801
7338.009766 0.000000 619.780396 0.000000 0.982915 0.000000 -0.184062 0.231747 0.231747 0.231747
7322.709961 0.000000 601.883667 0.000000 0.967561 0.000000 -0.252638 0.201753 0.201753 0.201753
7314.230469 0.000000 602.879272 0.000000 0.993928 0.000000 0.110030 0.231133 0.231133 0.231133
7347.759277 0.000000 596.208618 0.000000 0.991880 0.000000 0.127175 0.231517 0.231517 0.231517
7321.681152 0.000000 598.621216 0.000000 0.894415 0.000000 -0.447237 0.233249 0.233249 0.233249
7346.798340 0.000000 601.524902 0.000000 0.207129 0.000000 0.978314 0.218867 0.218867 0.218867
7416.065918 0.000000 590.206360 0.000000 0.988405 0.000000 0.151839 0.198999 0.198999 0.198999
7409.272949 0.000000 598.468689 0.000000 0.995473 0.000000 -0.095042 0.206030 0.206030 0.206030
7374.007324 0.000000 595.733948 0.000000 0.950057 0.000000 -0.312077 0.202131 0.202131 0.202131
7364.032715 0.000000 596.455322 0.000000 0.868753 0.000000 0.495245 0.227670 0.227670 0.227670
7385.621582 0.000000 612.718628 0.000000 0.625009 0.000000 0.780617 0.206955 0.206955 0.206955
7364.755371 0.000000 592.716431 0.000000 0.068308 0.000000 0.997664 0.198078 0.198078 0.198078
7364.957520 0.000000 604.690857 0.000000 0.320797 0.000000 0.947148 0.215066 0.215066 0.215066
7388.380371 0.000000 619.694092 0.000000 0.911198 0.000000 0.411970 0.225363 0.225363 0.225363
7370.329590 0.000000 589.548340 0.000000 0.403819 0.000000 0.914839 0.222393 0.222393 0.222393
7305.641113 0.000000 674.515991 0.000000 0.317280 0.000000 0.948332 0.194537 0.194537 0.194537
7332.276367 0.000000 654.574890 0.000000 0.958797 0.000000 -0.284093 0.202877 0.202877 0.202877
7357.212891 0.000000 646.719910 0.000000 0.826927 0.000000 -0.562309 0.230970 0.230970 0.230970
7334.535645 0.000000 650.836243 0.000000 0.972545 0.000000 0.232714 0.222238 0.222238 0.222238
7309.506836 0.000000 657.142578 0.000000 0.334798 0.000000 0.942290 0.211719 0.211719 0.211719
7349.013672 0.000000 655.974487 0.000000 0.926382 0.000000 -0.376586 0.213396 0.213396 0.213396
7330.735840 0.000000 660.981201 0.000000 0.968327 0.000000 0.249685 0.221532 0.221532 0.221532
7305.866211 0.000000 660.400452 0.000000 0.978686 0.000000 0.205363 0.221943 0.221943 0.221943
7296.894531 0.000000 651.628235 0.000000 0.248357 0.000000 0.968669 0.213380 0.213380 0.213380
7354.637207 0.000000 648.261841 0.000000 0.853539 0.000000 -0.521028 0.230519 0.230519 0.230519
7329.910645 0.000000 663.651001 0.000000 0.636698 0.000000 0.771113 0.215863 0.215863 0.215863
7334.646484 0.000000 653.485352 0.000000 0.844389 0.000000 0.535731 0.220302 0.220302 0.220302
7323.678223 0.000000 626.342285 0.000000 0.908255 0.000000 0.418418 0.224757 0.224757 0.224757
7381.705078 0.000000 648.195801 0.000000 0.999476 0.000000 0.032382 0.220166 0.220166 0.220166
7421.512207 0.000000 621.354309 0.000000 0.999030 0.000000 -0.044044 0.229269 0.229269 0.229269
7410.584961 0.000000 649.222351 0.000000 0.856556 0.000000 0.516055 0.219982 0.219982 0.219982
7394.932617 0.000000 675.405029 0.000000 0.899570 0.000000 0.436776 0.200883 0.200883 0.200883
7395.991211 0.000000 637.054626 0.000000 0.985517 0.000000 0.169576 0.207370 0.207370 0.207370
7368.908691 0.000000 667.228149 0.000000 0.028818 0.000000 0.999585 0.208930 0.208930 0.208930
7365.464844 0.000000 626.110046 0.000000 0.447316 0.000000 0.894376 0.197603 0.197603 0.197603
7378.230469 0.000000 659.363647 0.000000 0.288660 0.000000 0.957432 0.211286 0.211286 0.211286
7375.197266 0.000000 632.960876 0.000000 0.712015 0.000000 0.702164 0.219908 0.219908 0.219908
7413.519043 0.000000 647.953552 0.000000 0.885987 0.000000 -0.463709 0.229915 0.229915 0.229915
7413.566895 0.000000 633.790344 0.000000 0.063743 0.000000 0.997966 0.213111 0.213111 0.213111
7398.385742 0.000000 638.173157 0.000000 0.990103 0.000000 -0.140342 0.227917 0.227917 0.227917
7438.220703 0.000000 468.955902 0.000000 0.984529 0.000000 -0.175223 0.212316 0.212316 0.212316
7454.953613 0.000000 508.127533 0.000000 0.157023 0.000000 0.987595 0.229009 0.229009 0.229009
7465.064941 0.000000 503.580566 0.000000 0.245346 0.000000 0.969436 0.230487 0.230487 0.230487
7441.664551 0.000000 458.531036 0.000000 0.994602 0.000000 0.103761 0.242287 0.242287 0.242287
7437.099609 0.000000 471.651642 0.000000 0.666444 0.000000 0.745555 0.232724 0.232724 0.232724
7462.469727 0.000000 478.469055 0.000000 0.157853 0.000000 0.987463 0.230462 0.230462 0.230462
7442.128418 0.000000 472.636627 0.000000 0.882700 0.000000 -0.469938 0.237006 0.237006 0.237006
7426.269043 0.000000 505.308868 0.000000 0.997169 0.000000 -0.075194 0.246494 0.246494 0.246494
7430.936035 0.000000 455.450836 0.000000 0.561098 0.000000 0.827749 0.240892 0.240892 0.240892
7455.826172 0.000000 516.481750 0.000000 0.993883 0.000000 -0.110436 0.200774 0.200774 0.200774
7442.283691 0.000000 509.492065 0.000000 0.554502 0.000000 0.832182 0.207265 0.207265 0.207265
7454.961914 0.000000 509.320679 0.000000 0.952869 0.000000 -0.303382 0.247925 0.247925 0.247925
7472.205566 0.000000 621.302490 0.000000 0.162285 0.000000 0.986744 0.215012 0.215012 0.215012
7468.662598 0.000000 615.423950 0.000000 0.782339 0.000000 0.622853 0.222475 0.222475 0.222475
7436.552734 0.000000 591.037781 0.000000 0.021232 0.000000 0.999775 0.217988 0.217988 0.217988
7471.868652 0.000000 613.254700 0.000000 0.890020 0.000000 0.455921 0.208261 0.208261 0.208261
7428.756836 0.000000 583.636963 0.000000 0.933953 0.000000 0.357397 0.230796 0.230796 0.230796
7497.278320 0.000000 614.927307 0.000000 0.945993 0.000000 0.324186 0.209950 0.209950 0.209950
7431.979980 0.000000 663.463440 0.000000 0.920068 0.000000 -0.391759 0.226861 0.226861 0.226861
7475.456055 0.000000 671.616394 0.000000 0.988264 0.000000 0.152756 0.204735 0.204735 0.204735
7476.365234 0.000000 660.594360 0.000000 0.364331 0.000000 0.931270 0.212000 0.212000 0.212000
7460.276367 0.000000 654.574890 0.000000 0.988562 0.000000 -0.150815 0.216092 0.216092 0.216092
7485.524414 0.000000 638.397827 0.000000 0.355112 0.000000 0.934824 0.214408 0.214408 0.214408
7454.060547 0.000000 669.483032 0.000000 0.990933 0.000000 0.134354 0.208198 0.208198 0.208198
7456.426758 0.000000 633.765930 0.000000 0.422456 0.000000 0.906383 0.192819 0.192819 0.192819
7441.260254 0.000000 647.785278 0.000000 0.967780 0.000000 -0.251797 0.227253 0.227253 0.227253
7486.270020 0.000000 625.759521 0.000000 0.887255 0.000000 -0.461279 0.232229 0.232229 0.232229
7428.957520 0.000000 661.175232 0.000000 0.930084 0.000000 0.367346 0.219874 0.219874 0.219874
7453.392090 0.000000 666.001587 0.000000 0.850689 0.000000 0.525669 0.217218 0.217218 0.217218
7485.611816 0.000000 660.087769 0.000000 0.494895 0.000000 0.868953 0.213292 0.213292 0.213292
7482.462402 0.000000 638.398193 0.000000 0.960221 0.000000 0.279240 0.216887 0.216887 0.216887
7468.352051 0.000000 638.589233 0.000000 0.543641 0.000000 0.839318 0.212781 0.212781 0.212781
7438.979980 0.000000 646.168274 0.000000 0.874085 0.000000 0.485773 0.220301 0.220301 0.220301
7440.716797 0.000000 653.425964 0.000000 0.994039 0.000000 -0.109025 0.225361 0.225361 0.225361
7497.400879 0.000000 637.447266 0.000000 0.999463 0.000000 -0.032776 0.201072 0.201072 0.201072
7502.007324 0.000000 652.218323 0.000000 0.924640 0.000000 0.380841 0.220284 0.220284 0.220284
7490.500488 0.000000 641.072205 0.000000 0.943559 0.000000 0.331206 0.198454 0.198454 0.198454
7499.486816 0.000000 629.887756 0.000000 0.615007 0.000000 0.788521 0.218696 0.218696 0.218696
7490.356934 0.000000 626.226318 0.000000 0.823725 0.000000 0.566990 0.221547 0.221547 0.221547
7496.667480 0.000000 626.107361 0.000000 0.821794 0.000000 0.569784 0.221515 0.221515 0.221515
7500.526855 0.000000 644.373962 0.000000 0.769475 0.000000 0.638677 0.218608 0.218608 0.218608
7488.936035 0.000000 643.937683 0.000000 0.582297 0.000000 0.812976 0.216268 0.216268 0.216268
7504.244141 0.000000 650.525940 0.000000 0.066014 0.000000 0.997819 0.210231 0.210231 0.210231
7495.408691 0.000000 639.165649 0.000000 0.989628 0.000000 -0.143652 0.226813 0.226813 0.226813
7175.979980 0.000000 719.947815 0.000000 0.585924 0.000000 0.810366 0.208611 0.208611 0.208611
7200.032227 0.000000 714.750366 0.000000 0.449784 0.000000 0.893137 0.207274 0.207274 0.207274
7209.260742 0.000000 722.034668 0.000000 0.639426 0.000000 0.768853 0.193913 0.193913 0.193913
7182.953125 0.000000 731.784180 0.000000 0.647690 0.000000 0.761904 0.207714 0.207714 0.207714
7194.074219 0.000000 708.328918 0.000000 0.998926 0.000000 -0.046339 0.218040 0.218040 0.218040
7199.334473 0.000000 718.797913 0.000000 0.979950 0.000000 -0.199241 0.217637 0.217637 0.217637
7195.932617 0.000000 698.082153 0.000000 0.959705 0.000000 -0.281009 0.216043 0.216043 0.216043
7193.681152 0.000000 711.589966 0.000000 0.457331 0.000000 0.889296 0.206838 0.206838 0.206838
7270.230957 0.000000 716.341553 0.000000 0.999378 0.000000 0.035265 0.215673 0.215673 0.215673
7280.541992 0.000000 700.397766 0.000000 0.775114 0.000000 0.631821 0.212377 0.212377 0.212377
7257.621582 0.000000 725.687378 0.000000 0.883861 0.000000 -0.467749 0.219437 0.219437 0.219437
7241.063965 0.000000 708.274475 0.000000 0.999649 0.000000 0.026509 0.217422 0.217422 0.217422
7277.311035 0.000000 712.162415 0.000000 0.962783 0.000000 -0.270277 0.203348 0.203348 0.203348
7290.028320 0.000000 690.911072 0.000000 0.996282 0.000000 0.086150 0.215804 0.215804 0.215804
7283.016113 0.000000 698.663635 0.000000 0.629848 0.000000 0.776718 0.211141 0.211141 0.211141
7189.705078 0.000000 761.164551 0.000000 0.979186 0.000000 0.202963 0.208759 0.208759 0.208759
7175.671387 0.000000 759.153442 0.000000 0.496638 0.000000 0.867958 0.193125 0.193125 0.193125
7182.220703 0.000000 751.377808 0.000000 0.832517 0.000000 -0.553999 0.216738 0.216738 0.216738
7168.894531 0.000000 764.596985 0.000000 0.836515 0.000000 0.547944 0.205811 0.205811 0.205811
7263.453613 0.000000 751.026978 0.000000 0.731783 0.000000 0.681538 0.205526 0.205526 0.205526
7249.260254 0.000000 760.754028 0.000000 0.769753 0.000000 0.638342 0.205456 0.205456 0.205456
7250.190430 0.000000 743.819031 0.000000 0.984604 0.000000 0.174798 0.211744 0.211744 0.211744
7405.943359 0.000000 680.167419 0.000000 0.725282 0.000000 0.688451 0.208070 0.208070 0.208070
7405.434082 0.000000 707.541748 0.000000 0.870785 0.000000 -0.491664 0.220833 0.220833 0.220833
7383.371094 0.000000 720.826416 0.000000 0.999734 0.000000 0.023084 0.214656 0.214656 0.214656
7372.526855 0.000000 700.858337 0.000000 0.958126 0.000000 0.286345 0.215185 0.215185 0.215185
7168.254883 0.000000 837.922119 0.000000 0.560758 0.000000 0.827980 0.193944 0.193944 0.193944
7171.505371 0.000000 834.207397 0.000000 0.979929 0.000000 0.199349 0.199421 0.199421 0.199421
7185.260254 0.000000 817.238403 0.000000 0.166320 0.000000 0.986072 0.192408 0.192408 0.192408
7169.884766 0.000000 841.833801 0.000000 0.166930 0.000000 0.985969 0.190423 0.190423 0.190423
7170.500488 0.000000 867.009705 0.000000 0.987762 0.000000 0.155970 0.198925 0.198925 0.198925
7343.722656 0.000000 835.100891 0.000000 0.987344 0.000000 0.158591 0.199161 0.199161 0.199161
7442.127930 0.000000 691.088562 0.000000 0.946080 0.000000 -0.323933 0.202306 0.202306 0.202306
7428.032715 0.000000 709.424072 0.000000 0.976687 0.000000 0.214667 0.203714 0.203714 0.203714
7468.062988 0.000000 686.801636 0.000000 0.937632 0.000000 0.347629 0.215723 0.215723 0.215723
7460.276367 0.000000 711.059265 0.000000 0.993717 0.000000 -0.111925 0.216335 0.216335 0.216335
7485.524414 0.000000 694.882202 0.000000 0.921097 0.000000 -0.389333 0.221037 0.221037 0.221037
7451.131348 0.000000 693.933655 0.000000 0.858344 0.000000 -0.513075 0.222801 0.222801 0.222801
7453.237305 0.000000 711.334717 0.000000 0.045534 0.000000 0.998963 0.203261 0.203261 0.203261
7483.100586 0.000000 687.905212 0.000000 0.119354 0.000000 0.992852 0.206324 0.206324 0.206324
7489.318848 0.000000 716.700928 0.000000 0.581073 0.000000 0.813851 0.206504 0.206504 0.206504
7495.979980 0.000000 719.947815 0.000000 0.986123 0.000000 0.166019 0.198834 0.198834 0.198834
7511.491699 0.000000 678.444031 0.000000 0.992308 0.000000 -0.123794 0.220964 0.220964 0.220964
7488.098633 0.000000 684.761475 0.000000 0.123152 0.000000 0.992388 0.195552 0.195552 0.195552
7514.364746 0.000000 703.373840 0.000000 0.011267 0.000000 0.999937 0.203460 0.203460 0.203460
7492.047852 0.000000 686.162537 0.000000 0.911652 0.000000 0.410963 0.215136 0.215136 0.215136
7513.661133 0.000000 680.878723 0.000000 0.922911 0.000000 -0.385014 0.223316 0.223316 0.223316
7510.782715 0.000000 685.115845 0.000000 0.798559 0.000000 0.601917 0.213757 0.213757 0.213757
7439.130859 0.000000 773.668640 0.000000 0.933941 0.000000 -0.357428 0.202418 0.202418 0.202418
7551.487305 0.000000 764.524597 0.000000 0.905970 0.000000 0.423341 0.204233 0.204233 0.204233
7522.932617 0.000000 788.373779 0.000000 0.032525 0.000000 0.999471 0.189362 0.189362 0.189362
7558.215332 0.000000 783.234497 0.000000 0.942763 0.000000 0.333464 0.200616 0.200616 0.200616
7553.017578 0.000000 760.989929 0.000000 0.788231 0.000000 0.615379 0.203043 0.203043 0.203043
7468.083496 0.000000 810.842224 0.000000 0.700715 0.000000 0.713441 0.195749 0.195749 0.195749
7519.453613 0.000000 807.511353 0.000000 0.899127 0.000000 -0.437687 0.205204 0.205204 0.205204
7529.260742 0.000000 835.003418 0.000000 0.011673 0.000000 0.999932 0.189179 0.189179 0.189179
7508.569336 0.000000 852.652100 0.000000 0.630579 0.000000 0.776125 0.193967 0.193967 0.193967
7543.531250 0.000000 857.869324 0.000000 0.879940 0.000000 0.475085 0.196626 0.196626 0.196626
7566.007324 0.000000 821.671448 0.000000 0.942785 0.000000 -0.333401 0.202368 0.202368 0.202368
7578.979980 0.000000 889.098450 0.000000 0.041555 0.000000 0.999136 0.189997 0.189997 0.189997
6700.662598 0.000000 954.330200 0.000000 0.974088 0.000000 0.226169 0.207474 0.207474 0.207474
6721.017578 0.000000 930.443054 0.000000 0.377173 0.000000 0.926143 0.196016 0.196016 0.196016
6726.330566 0.000000 915.846802 0.000000 0.283490 0.000000 0.958975 0.191125 0.191125 0.191125
6708.463867 0.000000 975.316223 0.000000 0.996146 0.000000 0.087712 0.209119 0.209119 0.209119
6720.514160 0.000000 976.315247 0.000000 0.996671 0.000000 0.081531 0.206385 0.206385 0.206385
6814.236816 0.000000 1012.764282 0.000000 0.861591 0.000000 -0.507603 0.204020 0.204020 0.204020
6792.908691 0.000000 1006.134399 0.000000 0.954138 0.000000 -0.299367 0.208156 0.208156 0.208156
6849.451172 0.000000 972.410034 0.000000 0.997266 0.000000 0.073901 0.199520 0.199520 0.199520
6815.758301 0.000000 1046.878418 0.000000 0.074325 0.000000 0.997234 0.191740 0.191740 0.191740
6819.765137 0.000000 1042.566040 0.000000 0.810242 0.000000 -0.586096 0.210566 0.210566 0.210566
6899.456055 0.000000 1067.006958 0.000000 0.988928 0.000000 -0.148396 0.201893 0.201893 0.201893
6848.514160 0.000000 1032.799561 0.000000 0.248603 0.000000 0.968605 0.193014 0.193014 0.193014
6861.506836 0.000000 1052.533203 0.000000 0.565800 0.000000 0.824543 0.197085 0.197085 0.197085
6895.722656 0.000000 1117.522827 0.000000 0.050048 0.000000 0.998747 0.194999 0.194999 0.194999
6932.968750 0.000000 1068.843872 0.000000 0.915992 0.000000 0.401197 0.197155 0.197155 0.197155
6926.007324 0.000000 1047.609009 0.000000 0.967515 0.000000 -0.252815 0.201678 0.201678 0.201678
6918.215332 0.000000 1065.656372 0.000000 0.944371 0.000000 -0.328881 0.202326 0.202326 0.202326
6928.971680 0.000000 1065.895752 0.000000 0.842911 0.000000 -0.538054 0.203915 0.203915 0.203915
6943.453613 0.000000 1089.933228 0.000000 0.883805 0.000000 0.467856 0.196609 0.196609 0.196609
7037.292480 0.000000 1085.762085 0.000000 0.075428 0.000000 0.997151 0.189585 0.189585 0.189585
7077.982422 0.000000 1123.464966 0.000000 0.282109 0.000000 0.959382 0.191340 0.191340 0.191340
7106.396484 0.000000 1075.065308 0.000000 0.655100 0.000000 0.755542 0.194334 0.194334 0.194334
6953.563477 0.000000 1156.178467 0.000000 0.413857 0.000000 0.910342 0.199355 0.199355 0.199355
6975.487305 0.000000 1159.915161 0.000000 0.871544 0.000000 0.490317 0.196533 0.196533 0.196533
6939.131348 0.000000 1145.808716 0.000000 0.943006 0.000000 -0.332777 0.209571 0.209571 0.209571
6939.932617 0.000000 1149.957153 0.000000 0.845576 0.000000 0.533855 0.203273 0.203273 0.203273
7025.272949 0.000000 1163.312378 0.000000 0.115658 0.000000 0.993289 0.190338 0.190338 0.190338
6991.272949 0.000000 1151.606079 0.000000 0.986856 0.000000 0.161602 0.199140 0.199140 0.199140
6978.500488 0.000000 1149.431519 0.000000 0.946173 0.000000 0.323661 0.197811 0.197811 0.197811
7026.584961 0.000000 1157.581787 0.000000 0.839287 0.000000 0.543689 0.196776 0.196776 0.196776
6986.351562 0.000000 1150.566406 0.000000 0.669889 0.000000 0.742462 0.197015 0.197015 0.197015
6989.506836 0.000000 1165.501953 0.000000 0.017462 0.000000 0.999848 0.194754 0.194754 0.194754
6981.464844 0.000000 1134.469482 0.000000 0.986387 0.000000 -0.164439 0.205414 0.205414 0.205414
7054.007324 0.000000 1160.577759 0.000000 0.972302 0.000000 -0.233729 0.201620 0.201620 0.201620
7073.210449 0.000000 1174.560791 0.000000 0.862076 0.000000 -0.506779 0.203609 0.203609 0.203609
7068.793945 0.000000 1189.013672 0.000000 0.610970 0.000000 0.791654 0.193728 0.193728 0.193728
7094.816895 0.000000 1187.422607 0.000000 0.800326 0.000000 0.599565 0.195666 0.195666 0.195666
7144.832520 0.000000 1189.672974 0.000000 0.388382 0.000000 0.921499 0.192247 0.192247 0.192247
7165.658691 0.000000 1221.487671 0.000000 0.506174 0.000000 0.862431 0.192963 0.192963 0.192963
7367.979980 0.000000 1002.369690 0.000000 0.722831 0.000000 0.691025 0.194724 0.194724 0.194724
7238.215332 0.000000 1122.140747 0.000000 0.263780 0.000000 0.964583 0.191211 0.191211 0.191211
7357.212891 0.000000 1042.110474 0.000000 0.442940 0.000000 0.896551 0.195529 0.195529 0.195529
7336.015625 0.000000 1024.347290 0.000000 0.664802 0.000000 0.747019 0.194354 0.194354 0.194354
7390.236816 0.000000 1069.248657 0.000000 0.719303 0.000000 0.694697 0.200664 0.200664 0.200664
7322.074219 0.000000 1103.719604 0.000000 0.188380 0.000000 0.982096 0.195056 0.195056 0.195056
7416.065918 0.000000 1098.565674 0.000000 0.383545 0.000000 0.923522 0.201626 0.201626 0.201626
7418.807129 0.000000 1079.857666 0.000000 0.971766 0.000000 0.235947 0.206298 0.206298 0.206298
7391.826172 0.000000 1081.325562 0.000000 0.794079 0.000000 0.607814 0.195629 0.195629 0.195629
7381.668945 0.000000 1082.992065 0.000000 0.675406 0.000000 0.737446 0.195500 0.195500 0.195500
7411.213867 0.000000 1119.460327 0.000000 0.950523 0.000000 -0.310655 0.216296 0.216296 0.216296
7536.205566 0.000000 960.208740 0.000000 0.842230 0.000000 -0.539119 0.203852 0.203852 0.203852
7528.832520 0.000000 907.251160 0.000000 0.288597 0.000000 0.957451 0.191545 0.191545 0.191545
7539.456055 0.000000 954.038269 0.000000 0.282133 0.000000 0.959375 0.191340 0.191340 0.191340
7431.979980 0.000000 1002.369690 0.000000 0.611602 0.000000 0.791165 0.193688 0.193688 0.193688
7514.122559 0.000000 971.042786 0.000000 0.916122 0.000000 -0.400899 0.202781 0.202781 0.202781
7556.032715 0.000000 935.361572 0.000000 0.914357 0.000000 -0.404908 0.202748 0.202748 0.202748
7436.978516 0.000000 1017.454712 0.000000 0.607323 0.000000 0.794455 0.193830 0.193830 0.193830
7455.758301 0.000000 1046.878418 0.000000 0.979974 0.000000 -0.199127 0.206243 0.206243 0.206243
7462.889160 0.000000 1040.158325 0.000000 0.998805 0.000000 -0.048874 0.203998 0.203998 0.203998
7189.705078 0.000000 1213.039551 0.000000 0.869991 0.000000 -0.493068 0.203308 0.203308 0.203308
7346.584961 0.000000 1157.581787 0.000000 0.995427 0.000000 -0.095527 0.200662 0.200662 0.200662
7350.381836 0.000000 1159.015137 0.000000 0.999968 0.000000 0.008009 0.210301 0.210301 0.210301
7404.062988 0.000000 1138.676636 0.000000 0.870320 0.000000 0.492486 0.212212 0.212212 0.212212
7364.047852 0.000000 1138.037598 0.000000 0.202601 0.000000 0.979261 0.201119 0.201119 0.201119
7400.015625 0.000000 1137.316040 0.000000 0.998556 0.000000 0.053725 0.215519 0.215519 0.215519
7391.334473 0.000000 1170.672974 0.000000 0.180223 0.000000 0.983626 0.204884 0.204884 0.204884
7398.337891 0.000000 1143.423706 0.000000 0.942618 0.000000 0.333874 0.214218 0.214218 0.214218
7344.205566 0.000000 1242.630615 0.000000 0.083725 0.000000 0.996489 0.200648 0.200648 0.200648
7340.760254 0.000000 1224.677002 0.000000 0.999688 0.000000 -0.024993 0.200166 0.200166 0.200166
7358.270020 0.000000 1190.603271 0.000000 0.642207 0.000000 0.766532 0.205063 0.205063 0.205063
7345.519043 0.000000 1248.985840 0.000000 0.965977 0.000000 0.258629 0.211049 0.211049 0.211049
7340.194824 0.000000 1254.733643 0.000000 0.749428 0.000000 0.662086 0.207312 0.207312 0.207312
4097.451172 0.000000 2497.488037 0.000000 0.998815 0.000000 -0.048674 0.200314 0.200314 0.200314
4110.007324 0.000000 2572.687012 0.000000 0.409729 0.000000 0.912207 0.198306 0.198306 0.198306
4133.432617 0.000000 2552.823975 0.000000 0.987941 0.000000 -0.154833 0.201087 0.201087 0.201087
4140.062988 0.000000 2550.785889 0.000000 0.347180 0.000000 0.937799 0.191589 0.191589 0.191589
4108.552734 0.000000 2567.990967 0.000000 0.891758 0.000000 0.452512 0.202909 0.202909 0.202909
4110.220703 0.000000 2558.877686 0.000000 0.687454 0.000000 0.726228 0.198758 0.198758 0.198758
4136.763184 0.000000 2556.918945 0.000000 0.780506 0.000000 0.625148 0.195279 0.195279 0.195279
4123.131348 0.000000 2557.917969 0.000000 0.978252 0.000000 -0.207420 0.204026 0.204026 0.204026
4113.260254 0.000000 2568.253906 0.000000 0.943735 0.000000 0.330702 0.203362 0.203362 0.203362
4123.932617 0.000000 2562.066406 0.000000 0.889275 0.000000 0.457373 0.199637 0.199637 0.199637
4221.292480 0.000000 2610.840332 0.000000 0.711784 0.000000 0.702399 0.194615 0.194615 0.194615
4218.511719 0.000000 2618.791260 0.000000 0.585396 0.000000 0.810747 0.193638 0.193638 0.193638
4213.994141 0.000000 2619.567383 0.000000 0.885164 0.000000 0.465278 0.197957 0.197957 0.197957
4219.211426 0.000000 2627.899414 0.000000 0.866398 0.000000 0.499354 0.198217 0.198217 0.198217
4214.381836 0.000000 2627.608887 0.000000 0.999118 0.000000 0.042001 0.202777 0.202777 0.202777
4245.705078 0.000000 2625.148926 0.000000 0.440843 0.000000 0.897584 0.192267 0.192267 0.192267
4250.979980 0.000000 2640.114014 0.000000 0.957458 0.000000 0.288574 0.199318 0.199318 0.199318
4228.032715 0.000000 2629.892822 0.000000 0.939704 0.000000 -0.341989 0.203884 0.203884 0.203884
4244.089355 0.000000 2643.098145 0.000000 0.631674 0.000000 0.775234 0.196130 0.196130 0.196130
4225.017578 0.000000 2624.974365 0.000000 0.972415 0.000000 0.233256 0.199726 0.199726 0.199726
4238.875488 0.000000 2643.043213 0.000000 0.956081 0.000000 -0.293103 0.205238 0.205238 0.205238
4235.941895 0.000000 2640.085205 0.000000 0.999166 0.000000 -0.040845 0.203940 0.203940 0.203940
4322.900879 0.000000 2654.830322 0.000000 0.996473 0.000000 0.083915 0.199417 0.199417 0.199417
4332.062988 0.000000 2663.754639 0.000000 0.839327 0.000000 0.543627 0.196126 0.196126 0.196126
4323.991211 0.000000 2670.492188 0.000000 0.999587 0.000000 0.028743 0.202314 0.202314 0.202314
4315.131348 0.000000 2670.886719 0.000000 0.314905 0.000000 0.949123 0.194015 0.194015 0.194015
4390.230957 0.000000 2636.810303 0.000000 0.135248 0.000000 0.990812 0.190541 0.190541 0.190541
4389.982422 0.000000 2648.542969 0.000000 0.881314 0.000000 -0.472530 0.203318 0.203318 0.203318
4372.089355 0.000000 2643.098145 0.000000 0.953266 0.000000 0.302133 0.197946 0.197946 0.197946
4403.456055 0.000000 2648.569580 0.000000 0.623717 0.000000 0.781650 0.193952 0.193952 0.193952
4396.662598 0.000000 2648.861328 0.000000 0.735952 0.000000 0.677033 0.194987 0.194987 0.194987
4393.260742 0.000000 2642.503418 0.000000 0.998022 0.000000 -0.062864 0.200421 0.200421 0.200421
4416.254883 0.000000 2645.422119 0.000000 0.586203 0.000000 0.810164 0.193657 0.193657 0.193657
4390.230957 0.000000 2693.294678 0.000000 0.933410 0.000000 -0.358813 0.209781 0.209781 0.209781
4415.487305 0.000000 2684.993408 0.000000 0.934808 0.000000 0.355153 0.197607 0.197607 0.197607
4359.914551 0.000000 2656.602539 0.000000 0.974846 0.000000 0.222880 0.198451 0.198451 0.198451
4885.705078 0.000000 2512.180176 0.000000 0.841559 0.000000 0.540166 0.196324 0.196324 0.196324
5081.621582 0.000000 2702.640381 0.000000 0.996643 0.000000 0.081873 0.199443 0.199443 0.199443
5165.943359 0.000000 2487.667480 0.000000 0.290874 0.000000 0.956761 0.191306 0.191306 0.191306
5183.586426 0.000000 2651.715820 0.000000 0.854617 0.000000 -0.519258 0.211722 0.211722 0.211722
5181.507812 0.000000 2648.058105 0.000000 0.514709 0.000000 0.857365 0.199204 0.199204 0.199204
5184.156738 0.000000 2653.181396 0.000000 0.862329 0.000000 -0.506348 0.209853 0.209853 0.209853
5181.512207 0.000000 2654.791748 0.000000 0.930522 0.000000 0.366236 0.204707 0.204707 0.204707
5161.260742 0.000000 2698.987793 0.000000 0.985234 0.000000 -0.171215 0.210010 0.210010 0.210010
5178.511719 0.000000 2675.275635 0.000000 0.999251 0.000000 0.038707 0.206710 0.206710 0.206710
5178.385254 0.000000 2657.357666 0.000000 0.968295 0.000000 -0.249808 0.209486 0.209486 0.209486
5164.412598 0.000000 2697.039307 0.000000 0.475840 0.000000 0.879532 0.198354 0.198354 0.198354
5204.569336 0.000000 2660.152100 0.000000 0.664800 0.000000 0.747022 0.194354 0.194354 0.194354
5192.407715 0.000000 2662.577881 0.000000 0.870635 0.000000 0.491930 0.202036 0.202036 0.202036
5186.500488 0.000000 2674.509766 0.000000 0.781505 0.000000 0.623899 0.200844 0.200844 0.200844
5198.873047 0.000000 2662.812744 0.000000 0.943122 0.000000 -0.332447 0.207265 0.207265 0.207265
5199.831543 0.000000 2658.937500 0.000000 0.994658 0.000000 -0.103226 0.206091 0.206091 0.206091
4465.519043 0.000000 2717.579590 0.000000 0.885442 0.000000 -0.464750 0.203343 0.203343 0.203343
5112.065918 0.000000 2736.612549 0.000000 0.863866 0.000000 -0.503721 0.209830 0.209830 0.209830
5087.826172 0.000000 2719.372314 0.000000 0.061536 0.000000 0.998105 0.189676 0.189676 0.189676
5050.544434 0.000000 2808.157471 0.000000 0.190285 0.000000 0.981729 0.190840 0.190840 0.190840
5033.385742 0.000000 2800.652588 0.000000 0.998058 0.000000 0.062290 0.208760 0.208760 0.208760
5037.434082 0.000000 2797.463623 0.000000 0.854419 0.000000 0.519585 0.196978 0.196978 0.196978
5037.311035 0.000000 2802.084229 0.000000 0.897337 0.000000 -0.441345 0.208720 0.208720 0.208720
5037.375000 0.000000 2792.656006 0.000000 0.199063 0.000000 0.979987 0.198117 0.198117 0.198117
5053.611816 0.000000 2806.494141 0.000000 0.385098 0.000000 0.922876 0.201640 0.201640 0.201640
5056.254883 0.000000 2814.875244 0.000000 0.992476 0.000000 -0.122437 0.213026 0.213026 0.213026
5097.260742 0.000000 2811.956543 0.000000 0.885739 0.000000 0.464184 0.196710 0.196710 0.196710
5079.491699 0.000000 2768.365967 0.000000 0.996170 0.000000 -0.087433 0.207666 0.207666 0.207666
5073.939453 0.000000 2809.530029 0.000000 0.896080 0.000000 0.443892 0.208368 0.208368 0.208368
5121.451172 0.000000 2723.425537 0.000000 0.953802 0.000000 0.300437 0.197943 0.197943 0.197943
5140.569336 0.000000 2716.636475 0.000000 0.832107 0.000000 -0.554615 0.212041 0.212041 0.212041
5128.407715 0.000000 2719.062256 0.000000 0.578990 0.000000 0.815335 0.199269 0.199269 0.199269
5135.272949 0.000000 2733.168457 0.000000 0.107138 0.000000 0.994244 0.196907 0.196907 0.196907
5134.873047 0.000000 2719.297119 0.000000 0.897328 0.000000 0.441364 0.203542 0.203542 0.203542
5134.220703 0.000000 2728.330811 0.000000 0.990170 0.000000 -0.139870 0.200967 0.200967 0.200967
5131.929688 0.000000 2723.255859 0.000000 0.996544 0.000000 -0.083066 0.207632 0.207632 0.207632
5141.668945 0.000000 2721.038818 0.000000 0.977598 0.000000 -0.210483 0.209178 0.209178 0.209178
5143.890625 0.000000 2786.791992 0.000000 0.816294 0.000000 0.577637 0.208714 0.208714 0.208714
5142.478027 0.000000 2859.112061 0.000000 0.943216 0.000000 -0.332180 0.202257 0.202257 0.202257
5152.032227 0.000000 2861.156738 0.000000 0.851350 0.000000 -0.524598 0.222915 0.222915 0.222915
5149.237305 0.000000 2857.740967 0.000000 0.941180 0.000000 -0.337907 0.221146 0.221146 0.221146
5144.795410 0.000000 2852.130859 0.000000 0.157046 0.000000 0.987591 0.206160 0.206160 0.206160
5211.595215 0.000000 2874.742432 0.000000 0.484682 0.000000 0.874690 0.203024 0.203024 0.203024
5141.668945 0.000000 2890.491943 0.000000 0.836819 0.000000 0.547480 0.210076 0.210076 0.210076
5196.978516 0.000000 2881.439209 0.000000 0.553131 0.000000 0.833094 0.207764 0.207764 0.207764
5219.765137 0.000000 2906.550293 0.000000 0.030972 0.000000 0.999520 0.204110 0.204110 0.204110
5222.535645 0.000000 2910.211182 0.000000 0.750535 0.000000 0.660831 0.211528 0.211528 0.211528
5226.288574 0.000000 2903.850830 0.000000 0.244474 0.000000 0.969656 0.204939 0.204939 0.204939
5218.857422 0.000000 2909.832031 0.000000 0.891460 0.000000 0.453100 0.213661 0.213661 0.213661
5225.967773 0.000000 2910.520996 0.000000 0.998419 0.000000 0.056214 0.214940 0.214940 0.214940
5309.512207 0.000000 2880.729248 0.000000 0.222350 0.000000 0.974967 0.190755 0.190755 0.190755
5801.260742 0.000000 2811.956543 0.000000 0.954984 0.000000 0.296659 0.197895 0.197895 0.197895
6463.487305 0.000000 2346.087158 0.000000 0.954693 0.000000 -0.297594 0.209291 0.209291 0.209291
6451.456055 0.000000 2366.147705 0.000000 0.245819 0.000000 0.969316 0.193994 0.193994 0.193994
6461.248047 0.000000 2361.861328 0.000000 0.116905 0.000000 0.993143 0.194518 0.194518 0.194518
6434.932617 0.000000 2369.936279 0.000000 0.082568 0.000000 0.996585 0.191306 0.191306 0.191306
6451.213867 0.000000 2362.116699 0.000000 0.848988 0.000000 0.528411 0.200115 0.200115 0.200115
6448.647949 0.000000 2356.335205 0.000000 0.764774 0.000000 0.644299 0.198534 0.198534 0.198534
6468.458496 0.000000 2370.325439 0.000000 0.957937 0.000000 -0.286978 0.207486 0.207486 0.207486
6475.959473 0.000000 2364.350342 0.000000 0.334657 0.000000 0.942340 0.197190 0.197190 0.197190
6464.254883 0.000000 2363.000244 0.000000 0.831127 0.000000 0.556083 0.195878 0.195878 0.195878
6486.478027 0.000000 2350.752686 0.000000 0.273845 0.000000 0.961774 0.193704 0.193704 0.193704
6522.511719 0.000000 2336.369385 0.000000 0.819195 0.000000 -0.573515 0.219285 0.219285 0.219285
6482.817383 0.000000 2346.303223 0.000000 0.075011 0.000000 0.997183 0.197641 0.197641 0.197641
6517.994141 0.000000 2337.145508 0.000000 0.980032 0.000000 -0.198841 0.215354 0.215354 0.215354
6465.884766 0.000000 2366.911865 0.000000 0.887458 0.000000 0.460889 0.201762 0.201762 0.201762
6511.145508 0.000000 2334.007324 0.000000 0.994953 0.000000 0.100339 0.212352 0.212352 0.212352
6515.016113 0.000000 2336.710449 0.000000 0.880969 0.000000 -0.473175 0.217152 0.217152 0.217152
6554.122559 0.000000 2326.667725 0.000000 0.304471 0.000000 0.952522 0.196449 0.196449 0.196449
6584.550781 0.000000 2348.718506 0.000000 0.985193 0.000000 -0.171446 0.212285 0.212285 0.212285
6590.419434 0.000000 2358.006592 0.000000 0.987391 0.000000 0.158303 0.208563 0.208563 0.208563
6560.449219 0.000000 2341.854736 0.000000 0.554581 0.000000 0.832130 0.204701 0.204701 0.204701
6592.254883 0.000000 2363.000244 0.000000 0.567919 0.000000 0.823084 0.201744 0.201744 0.201744
6598.215332 0.000000 2364.797119 0.000000 0.103743 0.000000 0.994604 0.197373 0.197373 0.197373
6527.586426 0.000000 2425.778320 0.000000 0.984506 0.000000 -0.175353 0.203791 0.203791 0.203791
6520.550781 0.000000 2461.687256 0.000000 0.630749 0.000000 0.775987 0.193835 0.193835 0.193835
6525.512207 0.000000 2428.854248 0.000000 0.821501 0.000000 -0.570208 0.206305 0.206305 0.206305
6508.662598 0.000000 2479.408203 0.000000 0.984562 0.000000 0.175035 0.198779 0.198779 0.198779
6519.107910 0.000000 2474.029541 0.000000 0.661230 0.000000 0.750184 0.194155 0.194155 0.194155
6568.832520 0.000000 2375.844971 0.000000 0.592093 0.000000 0.805869 0.200424 0.200424 0.200424
6529.884766 0.000000 2423.396240 0.000000 0.982920 0.000000 0.184035 0.201187 0.201187 0.201187
6528.156738 0.000000 2427.243896 0.000000 0.720503 0.000000 0.693452 0.196475 0.196475 0.196475
6609.256836 0.000000 2407.058594 0.000000 0.999901 0.000000 -0.014073 0.203183 0.203183 0.203183
6604.552734 0.000000 2398.537842 0.000000 0.978351 0.000000 0.206950 0.202671 0.202671 0.202671
6598.330566 0.000000 2384.440674 0.000000 0.934929 0.000000 -0.354836 0.208595 0.208595 0.208595
6597.464844 0.000000 2377.125732 0.000000 0.999394 0.000000 -0.034800 0.207266 0.207266 0.207266
6528.254883 0.000000 2475.968994 0.000000 0.899261 0.000000 -0.437412 0.203097 0.203097 0.203097
6617.621582 0.000000 2476.702881 0.000000 0.165003 0.000000 0.986293 0.190529 0.190529 0.190529
6518.816895 0.000000 2486.563232 0.000000 0.602903 0.000000 0.797814 0.193682 0.193682 0.193682
6612.569336 0.000000 2490.698975 0.000000 0.996295 0.000000 0.086007 0.199426 0.199426 0.199426
"}
object={
	name="cypress_mediterranean_dense_generator_1_1"
	clamp_to_water_level=no
	render_under_water=no
	generated_content=yes
	layer="semidynamic"
	pdxmesh="tree_cypress_mediterranean_01_mesh"
	count=222
	transform="3953.272949 0.000000 2462.453125 0.000000 0.143221 0.000000 -0.989691 0.227854 0.227854 0.227854
3967.487305 0.000000 2459.055908 0.000000 0.355917 0.000000 -0.934518 0.222310 0.222310 0.222310
3942.893555 0.000000 2448.275391 0.000000 0.243354 0.000000 -0.969938 0.226379 0.226379 0.226379
3906.500488 0.000000 2448.572266 0.000000 0.755104 0.000000 -0.655605 0.204944 0.204944 0.204944
3965.248291 0.000000 2474.830078 0.000000 0.631268 0.000000 -0.775565 0.220345 0.220345 0.220345
3948.063232 0.000000 2437.817139 0.000000 0.127132 0.000000 -0.991886 0.224211 0.224211 0.224211
3963.211426 0.000000 2458.446289 0.000000 0.256477 0.000000 -0.966550 0.223773 0.223773 0.223773
3949.311035 0.000000 2463.177979 0.000000 0.671597 0.000000 -0.740917 0.223518 0.223518 0.223518
3958.382080 0.000000 2458.155762 0.000000 0.776200 0.000000 -0.630487 0.219276 0.219276 0.219276
3955.214111 0.000000 2475.085449 0.000000 0.173668 0.000000 -0.984804 0.228854 0.228854 0.228854
3961.910400 0.000000 2476.779053 0.000000 0.505129 0.000000 -0.863044 0.224640 0.224640 0.224640
3948.376709 0.000000 2475.095703 0.000000 0.757184 0.000000 -0.653202 0.223681 0.223681 0.223681
3939.104248 0.000000 2437.370117 0.000000 0.145538 0.000000 -0.989353 0.226576 0.226576 0.226576
3938.857422 0.000000 2457.957031 0.000000 0.408834 0.000000 -0.912609 0.226775 0.226775 0.226775
3972.032471 0.000000 2460.439697 0.000000 0.613366 0.000000 -0.789799 0.218719 0.218719 0.218719
3975.979980 0.000000 2470.963379 0.000000 0.620257 0.000000 -0.784399 0.220459 0.220459 0.220459
3984.971924 0.000000 2478.005127 0.000000 0.313453 0.000000 -0.949604 0.222053 0.222053 0.222053
3968.163086 0.000000 2463.574707 0.000000 0.418877 0.000000 -0.908043 0.221761 0.221761 0.221761
3972.755371 0.000000 2456.700684 0.000000 0.221771 0.000000 -0.975099 0.221565 0.221565 0.221565
3958.816650 0.000000 2486.563232 0.000000 0.128164 0.000000 -0.991753 0.209830 0.209830 0.209830
3911.437256 0.000000 2540.356201 0.000000 0.728683 0.000000 -0.684851 0.241404 0.241404 0.241404
3902.582031 0.000000 2556.664062 0.000000 0.204407 0.000000 -0.978886 0.252550 0.252550 0.252550
3904.098633 0.000000 2548.745850 0.000000 0.309499 0.000000 -0.950900 0.219607 0.219607 0.219607
3924.094971 0.000000 2557.197754 0.000000 0.436948 0.000000 -0.899487 0.245650 0.245650 0.245650
3939.200439 0.000000 2554.593750 0.000000 0.016463 0.000000 -0.999864 0.236558 0.236558 0.236558
4080.205322 0.000000 2541.771240 0.000000 0.179227 0.000000 -0.983808 0.216906 0.216906 0.216906
4044.978516 0.000000 2486.048584 0.000000 0.769086 0.000000 -0.639145 0.208700 0.208700 0.208700
4070.893555 0.000000 2504.759766 0.000000 0.506026 0.000000 -0.862518 0.210016 0.210016 0.210016
4093.248291 0.000000 2531.314453 0.000000 0.487706 0.000000 -0.873008 0.210168 0.210168 0.210168
4090.511719 0.000000 2505.822510 0.000000 0.758146 0.000000 -0.652084 0.204930 0.204930 0.204930
4050.283447 0.000000 2486.445312 0.000000 0.332918 0.000000 -0.942956 0.211393 0.211393 0.211393
4042.351318 0.000000 2506.191406 0.000000 0.176774 0.000000 -0.984251 0.217550 0.217550 0.217550
4069.098633 0.000000 2528.183594 0.000000 0.358471 0.000000 -0.933541 0.215504 0.215504 0.215504
4073.322754 0.000000 2533.588135 0.000000 0.463034 0.000000 -0.886340 0.214640 0.214640 0.214640
4049.939453 0.000000 2527.108154 0.000000 0.148530 0.000000 -0.988908 0.220273 0.220273 0.220273
3983.273193 0.000000 2563.715332 0.000000 0.615983 0.000000 -0.787759 0.206138 0.206138 0.206138
4033.451416 0.000000 2553.972412 0.000000 0.635796 0.000000 -0.771857 0.223312 0.223312 0.223312
4060.793701 0.000000 2544.638672 0.000000 0.301323 0.000000 -0.953522 0.219674 0.219674 0.219674
4095.957764 0.000000 2562.695801 0.000000 0.653722 0.000000 -0.756735 0.211702 0.211702 0.211702
4062.530029 0.000000 2565.256836 0.000000 0.652146 0.000000 -0.758094 0.220125 0.220125 0.220125
4046.220459 0.000000 2558.877686 0.000000 0.171838 0.000000 -0.985125 0.226357 0.226357 0.226357
4054.937256 0.000000 2556.224121 0.000000 0.303870 0.000000 -0.952713 0.223995 0.223995 0.223995
4093.524170 0.000000 2558.866699 0.000000 0.221993 0.000000 -0.975048 0.217200 0.217200 0.217200
4070.889160 0.000000 2565.236572 0.000000 0.397925 0.000000 -0.917418 0.221330 0.221330 0.221330
4037.464844 0.000000 2546.578857 0.000000 0.118057 0.000000 -0.993007 0.226805 0.226805 0.226805
4074.288330 0.000000 2564.944580 0.000000 0.726001 0.000000 -0.687693 0.217510 0.217510 0.217510
6816.032227 0.000000 714.750366 0.000000 0.637345 0.000000 -0.770579 0.206150 0.206150 0.206150
6906.368164 0.000000 729.738464 0.000000 0.764334 0.000000 -0.644820 0.212901 0.212901 0.212901
6807.491699 0.000000 734.928406 0.000000 0.214170 0.000000 -0.976796 0.209269 0.209269 0.209269
6871.491699 0.000000 734.928406 0.000000 0.318020 0.000000 -0.948084 0.212123 0.212123 0.212123
6726.215332 0.000000 839.718872 0.000000 0.369223 0.000000 -0.929341 0.208009 0.208009 0.208009
6714.807129 0.000000 853.920166 0.000000 0.013846 0.000000 -0.999904 0.210650 0.210650 0.210650
6705.519043 0.000000 853.595276 0.000000 0.792611 0.000000 -0.609728 0.204518 0.204518 0.204518
6717.248047 0.000000 893.267700 0.000000 0.785232 0.000000 -0.619201 0.205561 0.205561 0.205561
6770.842773 0.000000 865.135559 0.000000 0.700609 0.000000 -0.713545 0.205395 0.205395 0.205395
6918.215332 0.000000 726.750122 0.000000 0.767147 0.000000 -0.641471 0.214053 0.214053 0.214053
6932.569336 0.000000 739.683350 0.000000 0.454368 0.000000 -0.890814 0.217158 0.217158 0.217158
7023.722656 0.000000 778.616516 0.000000 0.204370 0.000000 -0.978894 0.224207 0.224207 0.224207
7037.248047 0.000000 780.298950 0.000000 0.577525 0.000000 -0.816373 0.210609 0.210609 0.210609
7002.709961 0.000000 771.336792 0.000000 0.425512 0.000000 -0.904953 0.221702 0.221702 0.221702
6976.894531 0.000000 764.596985 0.000000 0.538491 0.000000 -0.842631 0.218233 0.218233 0.218233
7017.967773 0.000000 764.114807 0.000000 0.178435 0.000000 -0.983952 0.225047 0.225047 0.225047
7096.315430 0.000000 771.305847 0.000000 0.623688 0.000000 -0.781673 0.221027 0.221027 0.221027
7088.647949 0.000000 774.772644 0.000000 0.691778 0.000000 -0.722110 0.220890 0.220890 0.220890
7167.487305 0.000000 764.524597 0.000000 0.542033 0.000000 -0.840357 0.206826 0.206826 0.206826
7130.364746 0.000000 759.858215 0.000000 0.726689 0.000000 -0.686967 0.219291 0.219291 0.219291
6930.127930 0.000000 804.057312 0.000000 0.473639 0.000000 -0.880719 0.207020 0.207020 0.207020
6954.673340 0.000000 790.925171 0.000000 0.735615 0.000000 -0.677400 0.210854 0.210854 0.210854
7030.173828 0.000000 853.449890 0.000000 0.623594 0.000000 -0.781748 0.213196 0.213196 0.213196
7418.462402 0.000000 468.945068 0.000000 0.344827 0.000000 -0.938666 0.230459 0.230459 0.230459
7421.382324 0.000000 482.177338 0.000000 0.583963 0.000000 -0.811780 0.259241 0.259241 0.259241
7405.516602 0.000000 523.092651 0.000000 0.335209 0.000000 -0.942144 0.256158 0.256158 0.256158
7288.473633 0.000000 629.458862 0.000000 0.613645 0.000000 -0.789582 0.228993 0.228993 0.228993
7318.478027 0.000000 599.737061 0.000000 0.310692 0.000000 -0.950511 0.245134 0.245134 0.245134
7357.248047 0.000000 610.845825 0.000000 0.673192 0.000000 -0.739468 0.238556 0.238556 0.238556
7358.419434 0.000000 606.991028 0.000000 0.537049 0.000000 -0.843551 0.240822 0.240822 0.240822
7342.693848 0.000000 596.902405 0.000000 0.221907 0.000000 -0.975068 0.244779 0.244779 0.244779
7359.697754 0.000000 609.567871 0.000000 0.439287 0.000000 -0.898347 0.241909 0.241909 0.241909
7361.318848 0.000000 603.732178 0.000000 0.770608 0.000000 -0.637310 0.237194 0.237194 0.237194
7360.254883 0.000000 611.984619 0.000000 0.006378 0.000000 -0.999980 0.245614 0.245614 0.245614
7361.017578 0.000000 591.536804 0.000000 0.539173 0.000000 -0.842195 0.235901 0.235901 0.235901
7410.798340 0.000000 601.524902 0.000000 0.418623 0.000000 -0.908160 0.227917 0.227917 0.227917
7365.141602 0.000000 590.349976 0.000000 0.046295 0.000000 -0.998928 0.248430 0.248430 0.248430
7362.627930 0.000000 593.550964 0.000000 0.311283 0.000000 -0.950317 0.245754 0.245754 0.245754
7316.569336 0.000000 626.714600 0.000000 0.267149 0.000000 -0.963655 0.221817 0.221817 0.221817
7382.478027 0.000000 656.221436 0.000000 0.331548 0.000000 -0.943438 0.226236 0.226236 0.226236
7377.256836 0.000000 656.042969 0.000000 0.732469 0.000000 -0.680801 0.230567 0.230567 0.230567
7371.929688 0.000000 633.333984 0.000000 0.396807 0.000000 -0.917902 0.238639 0.238639 0.238639
7372.526855 0.000000 644.373962 0.000000 0.383544 0.000000 -0.923523 0.236292 0.236292 0.236292
7420.013184 0.000000 636.192871 0.000000 0.793107 0.000000 -0.609082 0.232687 0.232687 0.232687
7425.318848 0.000000 490.763397 0.000000 0.526273 0.000000 -0.850316 0.222607 0.222607 0.222607
7443.771973 0.000000 474.500458 0.000000 0.741693 0.000000 -0.670739 0.226862 0.226862 0.226862
7429.464844 0.000000 456.656952 0.000000 0.445469 0.000000 -0.895297 0.222750 0.222750 0.222750
7439.671387 0.000000 453.404083 0.000000 0.315506 0.000000 -0.948923 0.267107 0.267107 0.267107
7451.190918 0.000000 480.184418 0.000000 0.008332 0.000000 -0.999965 0.266244 0.266244 0.266244
7468.062988 0.000000 517.348511 0.000000 0.573930 0.000000 -0.818904 0.253241 0.253241 0.253241
7442.498535 0.000000 512.177368 0.000000 0.498603 0.000000 -0.866831 0.242489 0.242489 0.242489
7438.007324 0.000000 595.733948 0.000000 0.626375 0.000000 -0.779522 0.206226 0.206226 0.206226
7454.060547 0.000000 612.998657 0.000000 0.379403 0.000000 -0.925232 0.240680 0.240680 0.240680
7424.936035 0.000000 587.453308 0.000000 0.264083 0.000000 -0.964500 0.232444 0.232444 0.232444
7456.544434 0.000000 612.175293 0.000000 0.125385 0.000000 -0.992108 0.243192 0.243192 0.243192
7506.579102 0.000000 620.032654 0.000000 0.220581 0.000000 -0.975369 0.241010 0.241010 0.241010
7424.163086 0.000000 656.074646 0.000000 0.484988 0.000000 -0.874521 0.215671 0.215671 0.215671
7424.514160 0.000000 637.408997 0.000000 0.702263 0.000000 -0.711918 0.234562 0.234562 0.234562
7485.032715 0.000000 643.516174 0.000000 0.572080 0.000000 -0.820198 0.233706 0.233706 0.233706
7472.746582 0.000000 624.565796 0.000000 0.590641 0.000000 -0.806935 0.236539 0.236539 0.236539
7436.083496 0.000000 666.841980 0.000000 0.431572 0.000000 -0.902079 0.232724 0.232724 0.232724
7441.436523 0.000000 645.197144 0.000000 0.697653 0.000000 -0.716436 0.232819 0.232819 0.232819
7485.638184 0.000000 641.051331 0.000000 0.424011 0.000000 -0.905657 0.235886 0.235886 0.235886
7508.089355 0.000000 666.145020 0.000000 0.681279 0.000000 -0.732024 0.228815 0.228815 0.228815
7488.098633 0.000000 628.277100 0.000000 0.478452 0.000000 -0.878114 0.237171 0.237171 0.237171
7509.208496 0.000000 661.207336 0.000000 0.592303 0.000000 -0.805716 0.231049 0.231049 0.231049
7507.007324 0.000000 639.406494 0.000000 0.457584 0.000000 -0.889166 0.209804 0.209804 0.209804
7509.934570 0.000000 676.140076 0.000000 0.328360 0.000000 -0.944552 0.231232 0.231232 0.231232
7210.009766 0.000000 732.749146 0.000000 0.718844 0.000000 -0.695171 0.220577 0.220577 0.220577
7187.007324 0.000000 695.890869 0.000000 0.445526 0.000000 -0.895269 0.211122 0.211122 0.211122
7187.771973 0.000000 700.437927 0.000000 0.272758 0.000000 -0.962083 0.229868 0.229868 0.229868
7209.656250 0.000000 717.922241 0.000000 0.756585 0.000000 -0.653896 0.222498 0.222498 0.222498
7193.283691 0.000000 699.430237 0.000000 0.275555 0.000000 -0.961285 0.230467 0.230467 0.230467
7253.705078 0.000000 704.680176 0.000000 0.013821 0.000000 -0.999904 0.216263 0.216263 0.216263
7293.512207 0.000000 677.838684 0.000000 0.336423 0.000000 -0.941711 0.213831 0.213831 0.213831
7170.500488 0.000000 754.040955 0.000000 0.335797 0.000000 -0.941934 0.208311 0.208311 0.208311
7322.709961 0.000000 714.852417 0.000000 0.237827 0.000000 -0.971307 0.227676 0.227676 0.227676
7358.270020 0.000000 682.243896 0.000000 0.293135 0.000000 -0.956071 0.209842 0.209842 0.209842
7343.537109 0.000000 704.940979 0.000000 0.146648 0.000000 -0.989189 0.223425 0.223425 0.223425
7402.009766 0.000000 732.749146 0.000000 0.757668 0.000000 -0.652641 0.210607 0.210607 0.210607
7188.968750 0.000000 842.906372 0.000000 0.328496 0.000000 -0.944505 0.208147 0.208147 0.208147
7217.272949 0.000000 824.406189 0.000000 0.658157 0.000000 -0.752881 0.206867 0.206867 0.206867
7179.959473 0.000000 839.272095 0.000000 0.776093 0.000000 -0.630619 0.204565 0.204565 0.204565
7182.220703 0.000000 864.346558 0.000000 0.113173 0.000000 -0.993575 0.209969 0.209969 0.209969
7483.211426 0.000000 707.430664 0.000000 0.735255 0.000000 -0.677791 0.222170 0.222170 0.222170
7466.835938 0.000000 683.818787 0.000000 0.637758 0.000000 -0.770237 0.226910 0.226910 0.226910
7471.537109 0.000000 704.940979 0.000000 0.716245 0.000000 -0.697849 0.222998 0.222998 0.222998
7482.462402 0.000000 694.882568 0.000000 0.329403 0.000000 -0.944189 0.228117 0.228117 0.228117
7505.939453 0.000000 776.092468 0.000000 0.393130 0.000000 -0.919483 0.214608 0.214608 0.214608
7492.032715 0.000000 822.392822 0.000000 0.048290 0.000000 -0.998833 0.210605 0.210605 0.210605
7519.826172 0.000000 798.903625 0.000000 0.386627 0.000000 -0.922236 0.208118 0.208118 0.208118
7549.658691 0.000000 826.096985 0.000000 0.731390 0.000000 -0.681960 0.205227 0.205227 0.205227
7582.530273 0.000000 814.241333 0.000000 0.416398 0.000000 -0.909182 0.207921 0.207921 0.207921
7556.032715 0.000000 878.877197 0.000000 0.497337 0.000000 -0.867558 0.206922 0.206922 0.206922
6748.793945 0.000000 906.591797 0.000000 0.443227 0.000000 -0.896409 0.207770 0.207770 0.207770
6817.210449 0.000000 948.623352 0.000000 0.738202 0.000000 -0.674580 0.205102 0.205102 0.205102
6822.230957 0.000000 998.763428 0.000000 0.524545 0.000000 -0.851383 0.206714 0.206714 0.206714
6798.220703 0.000000 1033.799683 0.000000 0.690939 0.000000 -0.722913 0.213120 0.213120 0.213120
6898.789551 0.000000 1028.806030 0.000000 0.556080 0.000000 -0.831129 0.206809 0.206809 0.206809
6869.208496 0.000000 1056.598022 0.000000 0.160931 0.000000 -0.986966 0.209745 0.209745 0.209745
6923.959473 0.000000 1065.209595 0.000000 0.357169 0.000000 -0.934040 0.208337 0.208337 0.208337
6923.959473 0.000000 1121.693970 0.000000 0.560466 0.000000 -0.828178 0.211970 0.211970 0.211970
6946.015137 0.000000 1093.698608 0.000000 0.634769 0.000000 -0.772702 0.206173 0.206173 0.206173
7006.953613 0.000000 1129.455688 0.000000 0.698951 0.000000 -0.715169 0.209455 0.209455 0.209455
7130.979980 0.000000 1115.035889 0.000000 0.477006 0.000000 -0.878900 0.206995 0.206995 0.206995
6959.722656 0.000000 1174.007202 0.000000 0.602634 0.000000 -0.798018 0.217619 0.217619 0.217619
6950.535645 0.000000 1159.195557 0.000000 0.474785 0.000000 -0.880102 0.216981 0.216981 0.216981
6977.017578 0.000000 1156.380615 0.000000 0.683782 0.000000 -0.729686 0.213793 0.213793 0.213793
7021.434082 0.000000 1159.416748 0.000000 0.421743 0.000000 -0.906715 0.208257 0.208257 0.208257
6990.875488 0.000000 1174.449585 0.000000 0.650614 0.000000 -0.759408 0.212932 0.212932 0.212932
7061.668945 0.000000 1195.960815 0.000000 0.238667 0.000000 -0.971101 0.209229 0.209229 0.209229
7162.807129 0.000000 1192.826416 0.000000 0.656115 0.000000 -0.754661 0.205657 0.205657 0.205657
7148.760254 0.000000 1224.677002 0.000000 0.432021 0.000000 -0.901864 0.207661 0.207661 0.207661
7068.793945 0.000000 1245.498047 0.000000 0.480416 0.000000 -0.877041 0.210836 0.210836 0.210836
7108.047852 0.000000 1251.006348 0.000000 0.744977 0.000000 -0.667091 0.206596 0.206596 0.206596
7345.519043 0.000000 1023.048401 0.000000 0.521979 0.000000 -0.852958 0.207457 0.207457 0.207457
7317.208496 0.000000 1113.082397 0.000000 0.141661 0.000000 -0.989915 0.209737 0.209737 0.209737
7415.107910 0.000000 1118.404419 0.000000 0.561192 0.000000 -0.827686 0.221659 0.221659 0.221659
7398.535645 0.000000 1102.711182 0.000000 0.738860 0.000000 -0.673859 0.217360 0.217360 0.217360
7360.514160 0.000000 1089.283936 0.000000 0.253492 0.000000 -0.967338 0.220063 0.220063 0.220063
7373.506836 0.000000 1109.017578 0.000000 0.661424 0.000000 -0.750012 0.219425 0.219425 0.219425
7401.967773 0.000000 1103.020996 0.000000 0.317770 0.000000 -0.948168 0.221397 0.221397 0.221397
7205.432617 0.000000 1140.714600 0.000000 0.106690 0.000000 -0.994292 0.209575 0.209575 0.209575
7402.835938 0.000000 1135.693726 0.000000 0.301919 0.000000 -0.953334 0.226497 0.226497 0.226497
7338.009766 0.000000 1241.108521 0.000000 0.737271 0.000000 -0.675597 0.212024 0.212024 0.212024
7337.064941 0.000000 1237.877441 0.000000 0.238812 0.000000 -0.971066 0.222050 0.222050 0.222050
4111.130859 0.000000 2524.684326 0.000000 0.662726 0.000000 -0.748862 0.205494 0.205494 0.205494
4145.519043 0.000000 2548.126465 0.000000 0.036421 0.000000 -0.999337 0.210573 0.210573 0.210573
4146.789551 0.000000 2553.884277 0.000000 0.494854 0.000000 -0.868976 0.207283 0.207283 0.207283
4140.083496 0.000000 2561.857910 0.000000 0.204317 0.000000 -0.978905 0.209440 0.209440 0.209440
4114.817383 0.000000 2572.240723 0.000000 0.523251 0.000000 -0.852179 0.214119 0.214119 0.214119
4215.638184 0.000000 2614.024658 0.000000 0.763805 0.000000 -0.645447 0.205209 0.205209 0.205209
4221.524414 0.000000 2615.351074 0.000000 0.091147 0.000000 -0.995837 0.210305 0.210305 0.210305
4233.203613 0.000000 2633.981934 0.000000 0.201476 0.000000 -0.979494 0.211755 0.211755 0.211755
4249.621582 0.000000 2646.156006 0.000000 0.630391 0.000000 -0.776278 0.209525 0.209525 0.209525
4351.487305 0.000000 2628.509033 0.000000 0.714089 0.000000 -0.700054 0.205072 0.205072 0.205072
4319.453613 0.000000 2671.495850 0.000000 0.672119 0.000000 -0.740443 0.209126 0.209126 0.209126
4410.544434 0.000000 2638.704346 0.000000 0.744417 0.000000 -0.667715 0.204855 0.204855 0.204855
4373.705078 0.000000 2625.148926 0.000000 0.173680 0.000000 -0.984802 0.208993 0.208993 0.208993
4378.979980 0.000000 2640.114014 0.000000 0.425069 0.000000 -0.905161 0.207516 0.207516 0.207516
4399.722656 0.000000 2642.600830 0.000000 0.199710 0.000000 -0.979855 0.209165 0.209165 0.209165
4382.236816 0.000000 2650.811035 0.000000 0.777787 0.000000 -0.628528 0.204615 0.204615 0.204615
4449.210449 0.000000 2643.154541 0.000000 0.173321 0.000000 -0.984865 0.209414 0.209414 0.209414
4361.400879 0.000000 2670.884766 0.000000 0.032695 0.000000 -0.999465 0.211714 0.211714 0.211714
5156.276367 0.000000 2518.559326 0.000000 0.236339 0.000000 -0.971671 0.212119 0.212119 0.212119
5183.958008 0.000000 2675.664551 0.000000 0.288120 0.000000 -0.957594 0.216063 0.216063 0.216063
5164.760254 0.000000 2693.270752 0.000000 0.295103 0.000000 -0.955465 0.218485 0.218485 0.218485
5170.789551 0.000000 2666.853027 0.000000 0.622811 0.000000 -0.782372 0.206168 0.206168 0.206168
5156.620605 0.000000 2701.474121 0.000000 0.516901 0.000000 -0.856045 0.215998 0.215998 0.215998
5190.330566 0.000000 2666.862549 0.000000 0.071550 0.000000 -0.997437 0.217094 0.217094 0.217094
5189.119141 0.000000 2671.199951 0.000000 0.394735 0.000000 -0.918795 0.214595 0.214595 0.214595
5184.514160 0.000000 2670.846436 0.000000 0.765760 0.000000 -0.643127 0.211699 0.211699 0.211699
5110.381836 0.000000 2740.577637 0.000000 0.368673 0.000000 -0.929559 0.215421 0.215421 0.215421
5104.541992 0.000000 2846.803955 0.000000 0.181829 0.000000 -0.983330 0.223766 0.223766 0.223766
5121.884766 0.000000 2762.302490 0.000000 0.800905 0.000000 -0.598791 0.214814 0.214814 0.214814
5146.074219 0.000000 2854.735107 0.000000 0.114811 0.000000 -0.993387 0.230618 0.230618 0.230618
5155.104004 0.000000 2889.245117 0.000000 0.633788 0.000000 -0.773507 0.228163 0.228163 0.228163
5140.832520 0.000000 2893.282715 0.000000 0.746855 0.000000 -0.664986 0.229180 0.229180 0.229180
5558.816895 0.000000 2881.953857 0.000000 0.408120 0.000000 -0.912928 0.210809 0.210809 0.210809
6399.958008 0.000000 2393.242676 0.000000 0.705442 0.000000 -0.708767 0.205389 0.205389 0.205389
6454.381836 0.000000 2345.187012 0.000000 0.561382 0.000000 -0.827557 0.213777 0.213777 0.213777
6495.758301 0.000000 2346.019043 0.000000 0.461976 0.000000 -0.886892 0.208551 0.208551 0.208551
6470.215332 0.000000 2364.797119 0.000000 0.372430 0.000000 -0.928060 0.210475 0.210475 0.210475
6508.083496 0.000000 2335.920410 0.000000 0.352908 0.000000 -0.935658 0.222954 0.222954 0.222954
6467.505371 0.000000 2359.285645 0.000000 0.562315 0.000000 -0.826923 0.213164 0.213164 0.213164
6464.163086 0.000000 2350.605957 0.000000 0.790770 0.000000 -0.612113 0.204908 0.204908 0.204908
6584.315430 0.000000 2352.868408 0.000000 0.301056 0.000000 -0.953607 0.220296 0.220296 0.220296
6606.953125 0.000000 2369.831055 0.000000 0.488319 0.000000 -0.872665 0.216252 0.216252 0.216252
6608.971680 0.000000 2365.036377 0.000000 0.201866 0.000000 -0.979413 0.219852 0.219852 0.219852
6592.009766 0.000000 2358.052002 0.000000 0.441975 0.000000 -0.897027 0.218490 0.218490 0.218490
6420.569336 0.000000 2377.730225 0.000000 0.211040 0.000000 -0.977477 0.208985 0.208985 0.208985
6418.283691 0.000000 2373.476562 0.000000 0.787681 0.000000 -0.616083 0.204943 0.204943 0.204943
6572.062988 0.000000 2381.332764 0.000000 0.588026 0.000000 -0.808842 0.213532 0.213532 0.213532
6555.131348 0.000000 2388.464844 0.000000 0.189423 0.000000 -0.981896 0.216205 0.216205 0.216205
6592.098633 0.000000 2379.292725 0.000000 0.525684 0.000000 -0.850680 0.208032 0.208032 0.208032
6596.047852 0.000000 2380.693848 0.000000 0.610070 0.000000 -0.792347 0.213325 0.213325 0.213325
"}
