object={
	name="cypress_mediterranean_sparse_generator_2_0"
	clamp_to_water_level=no
	render_under_water=no
	generated_content=yes
	layer="semidynamic_medium"
	pdxmesh="tree_cypress_mediterranean_02_mesh"
	count=160
	transform="3989.668701 0.000000 2495.101318 0.000000 0.998151 0.000000 -0.060778 0.200408 0.200408 0.200408
7149.537598 0.000000 887.655273 0.000000 0.999132 0.000000 0.041648 0.218968 0.218968 0.218968
7153.324707 0.000000 882.862854 0.000000 0.990291 0.000000 0.139011 0.252394 0.252394 0.252394
7157.635254 0.000000 885.788208 0.000000 0.251963 0.000000 0.967737 0.270798 0.270798 0.270798
7147.818848 0.000000 884.767517 0.000000 0.998213 0.000000 -0.059751 0.295949 0.295949 0.295949
7146.544434 0.000000 884.118652 0.000000 0.949782 0.000000 0.312914 0.289685 0.289685 0.289685
7147.584473 0.000000 886.340576 0.000000 0.999290 0.000000 0.037683 0.281506 0.281506 0.281506
7148.134277 0.000000 882.246948 0.000000 0.452261 0.000000 0.891886 0.278963 0.278963 0.278963
7161.404785 0.000000 884.909790 0.000000 0.602160 0.000000 0.798376 0.278644 0.278644 0.278644
7148.773926 0.000000 883.188721 0.000000 0.611191 0.000000 0.791483 0.282559 0.282559 0.282559
7161.571289 0.000000 887.121460 0.000000 0.930028 0.000000 -0.367488 0.307060 0.307060 0.307060
7149.039062 0.000000 884.689026 0.000000 0.884001 0.000000 -0.467485 0.309290 0.309290 0.309290
7229.611816 0.000000 660.087769 0.000000 0.438191 0.000000 0.898882 0.196000 0.196000 0.196000
7218.861328 0.000000 676.845581 0.000000 0.138109 0.000000 0.990417 0.248329 0.248329 0.248329
7221.635254 0.000000 659.850708 0.000000 0.956822 0.000000 0.290675 0.256507 0.256507 0.256507
7222.834961 0.000000 659.002686 0.000000 0.964751 0.000000 0.263165 0.267747 0.267747 0.267747
7226.406250 0.000000 660.408447 0.000000 0.719489 0.000000 0.694504 0.285337 0.285337 0.285337
7227.452148 0.000000 661.217651 0.000000 0.963506 0.000000 0.267686 0.294824 0.294824 0.294824
7227.962891 0.000000 658.903503 0.000000 0.241095 0.000000 0.970502 0.274650 0.274650 0.274650
7221.097168 0.000000 679.597839 0.000000 0.434193 0.000000 0.900820 0.240651 0.240651 0.240651
7246.604980 0.000000 725.389465 0.000000 0.004024 0.000000 0.999992 0.201462 0.201462 0.201462
7245.317383 0.000000 731.039734 0.000000 0.994157 0.000000 0.107948 0.226716 0.226716 0.226716
7246.057129 0.000000 729.648376 0.000000 0.598781 0.000000 0.800913 0.257082 0.257082 0.257082
7245.467285 0.000000 726.459290 0.000000 0.993894 0.000000 -0.110342 0.294519 0.294519 0.294519
7245.689453 0.000000 728.633728 0.000000 0.870071 0.000000 0.492927 0.290156 0.290156 0.290156
7249.033691 0.000000 774.257751 0.000000 0.912109 0.000000 0.409948 0.217842 0.217842 0.217842
7253.272461 0.000000 742.666443 0.000000 0.197323 0.000000 0.980339 0.236213 0.236213 0.236213
7256.631836 0.000000 744.909729 0.000000 0.995933 0.000000 0.090092 0.274063 0.274063 0.274063
7258.770996 0.000000 743.897522 0.000000 0.816447 0.000000 0.577420 0.288244 0.288244 0.288244
7261.493652 0.000000 741.654663 0.000000 0.999537 0.000000 0.030430 0.299432 0.299432 0.299432
7258.285645 0.000000 740.102112 0.000000 0.164576 0.000000 0.986364 0.275631 0.275631 0.275631
7257.039551 0.000000 742.924377 0.000000 0.785995 0.000000 0.618233 0.287271 0.287271 0.287271
7255.759277 0.000000 742.715820 0.000000 0.107498 0.000000 0.994205 0.272057 0.272057 0.272057
7246.221680 0.000000 774.155823 0.000000 0.930167 0.000000 -0.367136 0.306954 0.306954 0.306954
7273.656250 0.000000 830.890991 0.000000 0.666280 0.000000 0.745702 0.194222 0.194222 0.194222
7255.105957 0.000000 812.017944 0.000000 0.341756 0.000000 0.939789 0.216267 0.216267 0.216267
7275.060059 0.000000 824.914856 0.000000 0.758827 0.000000 0.651292 0.212160 0.212160 0.212160
7244.617676 0.000000 807.428589 0.000000 0.666035 0.000000 0.745920 0.232718 0.232718 0.232718
7244.917480 0.000000 808.978394 0.000000 0.998927 0.000000 0.046302 0.261870 0.261870 0.261870
7243.761719 0.000000 815.190918 0.000000 0.833307 0.000000 0.552811 0.250740 0.250740 0.250740
7252.231934 0.000000 814.569092 0.000000 0.169813 0.000000 0.985476 0.273259 0.273259 0.273259
7258.203125 0.000000 823.387085 0.000000 0.991072 0.000000 -0.133328 0.302554 0.302554 0.302554
7260.419922 0.000000 822.324158 0.000000 0.894763 0.000000 -0.446542 0.305587 0.305587 0.305587
7242.865723 0.000000 805.872070 0.000000 0.487143 0.000000 0.873322 0.279312 0.279312 0.279312
7258.586914 0.000000 822.306580 0.000000 0.115525 0.000000 0.993305 0.272211 0.272211 0.272211
7274.652344 0.000000 830.433899 0.000000 0.977270 0.000000 -0.211999 0.304080 0.304080 0.304080
7252.834473 0.000000 813.678284 0.000000 0.917075 0.000000 0.398716 0.292782 0.292782 0.292782
7271.486328 0.000000 819.768372 0.000000 0.999955 0.000000 0.009440 0.299834 0.299834 0.299834
7242.381348 0.000000 792.178833 0.000000 0.289537 0.000000 0.957167 0.275610 0.275610 0.275610
7252.380859 0.000000 812.584351 0.000000 0.779472 0.000000 0.626437 0.288085 0.288085 0.288085
7273.240234 0.000000 821.297791 0.000000 0.911698 0.000000 0.410860 0.291914 0.291914 0.291914
7252.484375 0.000000 815.554688 0.000000 0.577926 0.000000 0.816089 0.281768 0.281768 0.281768
7242.762695 0.000000 795.870972 0.000000 0.604828 0.000000 0.796356 0.282405 0.282405 0.282405
7243.947266 0.000000 806.689331 0.000000 0.990389 0.000000 0.138311 0.297350 0.297350 0.297350
7243.228516 0.000000 792.642151 0.000000 0.351571 0.000000 0.936161 0.276861 0.276861 0.276861
7242.185059 0.000000 807.464417 0.000000 0.532175 0.000000 0.846634 0.280718 0.280718 0.280718
7242.592285 0.000000 817.961975 0.000000 0.993235 0.000000 -0.116124 0.302205 0.302205 0.302205
7279.882812 0.000000 852.289307 0.000000 0.953397 0.000000 0.301719 0.216139 0.216139 0.216139
7282.516602 0.000000 863.297058 0.000000 0.940497 0.000000 0.339801 0.222851 0.222851 0.222851
7276.016602 0.000000 849.014221 0.000000 0.188132 0.000000 0.982144 0.210852 0.210852 0.210852
7276.736816 0.000000 850.087708 0.000000 0.951218 0.000000 0.308518 0.294010 0.294010 0.294010
7276.463379 0.000000 851.343750 0.000000 0.734680 0.000000 0.678414 0.285760 0.285760 0.285760
7330.937012 0.000000 792.565979 0.000000 0.861014 0.000000 0.508581 0.228582 0.228582 0.228582
7313.688477 0.000000 819.008057 0.000000 0.999878 0.000000 0.015616 0.254994 0.254994 0.254994
7314.834473 0.000000 817.370728 0.000000 0.965565 0.000000 0.260162 0.245464 0.245464 0.245464
7343.286621 0.000000 792.554626 0.000000 0.943079 0.000000 -0.332569 0.258115 0.258115 0.258115
7312.399414 0.000000 818.501953 0.000000 0.978901 0.000000 -0.204337 0.257666 0.257666 0.257666
7315.693848 0.000000 820.117004 0.000000 0.079762 0.000000 0.996814 0.273702 0.273702 0.273702
7313.977051 0.000000 820.250488 0.000000 0.044883 0.000000 0.998992 0.273657 0.273657 0.273657
7310.689941 0.000000 827.125549 0.000000 0.110069 0.000000 0.993924 0.245595 0.245595 0.245595
7342.633301 0.000000 795.497131 0.000000 0.952275 0.000000 -0.305241 0.305924 0.305924 0.305924
7314.806152 0.000000 819.674500 0.000000 0.903026 0.000000 0.429585 0.291520 0.291520 0.291520
7342.127441 0.000000 794.084167 0.000000 0.247173 0.000000 0.968971 0.274770 0.274770 0.274770
7323.966309 0.000000 856.878723 0.000000 0.983414 0.000000 0.181378 0.216101 0.216101 0.216101
7157.097168 0.000000 905.535339 0.000000 0.914033 0.000000 0.405639 0.244242 0.244242 0.244242
7162.082520 0.000000 907.974487 0.000000 0.957603 0.000000 0.288092 0.229895 0.229895 0.229895
7157.071289 0.000000 908.491272 0.000000 0.896463 0.000000 -0.443118 0.249583 0.249583 0.249583
7165.818848 0.000000 905.115234 0.000000 0.982743 0.000000 0.184974 0.296788 0.296788 0.296788
7154.592773 0.000000 909.461182 0.000000 0.830732 0.000000 0.556672 0.285696 0.285696 0.285696
7155.583984 0.000000 908.325928 0.000000 0.821794 0.000000 0.569785 0.285432 0.285432 0.285432
7161.375000 0.000000 907.007751 0.000000 0.360354 0.000000 0.932815 0.278841 0.278841 0.278841
7154.000000 0.000000 907.057922 0.000000 0.048643 0.000000 0.998816 0.270929 0.270929 0.270929
7155.716797 0.000000 906.002136 0.000000 0.889496 0.000000 0.456943 0.290937 0.290937 0.290937
7155.003906 0.000000 907.393677 0.000000 0.708246 0.000000 0.705966 0.285031 0.285031 0.285031
6739.253418 0.000000 1516.180420 0.000000 0.926848 0.000000 0.375436 0.217091 0.217091 0.217091
6735.799805 0.000000 1511.657593 0.000000 0.991010 0.000000 0.133787 0.228132 0.228132 0.228132
6730.331055 0.000000 1513.930054 0.000000 0.862562 0.000000 0.505952 0.236054 0.236054 0.236054
6742.444824 0.000000 1520.292603 0.000000 0.169947 0.000000 0.985453 0.224805 0.224805 0.224805
6742.025391 0.000000 1510.887817 0.000000 0.150066 0.000000 0.988676 0.242801 0.242801 0.242801
6731.735352 0.000000 1512.647095 0.000000 0.251840 0.000000 0.967769 0.227637 0.227637 0.227637
6727.386719 0.000000 1513.809326 0.000000 0.660935 0.000000 0.750443 0.281398 0.281398 0.281398
6740.708984 0.000000 1512.159180 0.000000 0.524384 0.000000 0.851482 0.256351 0.256351 0.256351
6729.264160 0.000000 1513.187012 0.000000 0.967217 0.000000 -0.253950 0.262885 0.262885 0.262885
6733.130371 0.000000 1510.769897 0.000000 0.791324 0.000000 0.611397 0.288028 0.288028 0.288028
6743.105469 0.000000 1512.777100 0.000000 0.815515 0.000000 0.578736 0.289230 0.289230 0.289230
6740.942871 0.000000 1518.200928 0.000000 0.998408 0.000000 -0.056403 0.301078 0.301078 0.301078
6732.104980 0.000000 1511.492432 0.000000 0.971639 0.000000 -0.236467 0.304345 0.304345 0.304345
6742.826172 0.000000 1519.142822 0.000000 0.350112 0.000000 0.936708 0.278376 0.278376 0.278376
6741.486816 0.000000 1519.847900 0.000000 0.940572 0.000000 0.339595 0.293383 0.293383 0.293383
7185.688477 0.000000 931.976807 0.000000 0.999961 0.000000 0.008804 0.236605 0.236605 0.236605
7192.470703 0.000000 926.497986 0.000000 0.953806 0.000000 0.300422 0.253125 0.253125 0.253125
7190.963379 0.000000 926.222961 0.000000 0.889331 0.000000 0.457264 0.284978 0.284978 0.284978
7188.484375 0.000000 928.523438 0.000000 0.999811 0.000000 0.019421 0.299629 0.299629 0.299629
7184.493164 0.000000 933.852356 0.000000 0.124440 0.000000 0.992227 0.272383 0.272383 0.272383
7442.498535 0.000000 907.567993 0.000000 0.997807 0.000000 0.066191 0.217643 0.217643 0.217643
7451.678223 0.000000 908.764160 0.000000 0.714458 0.000000 0.699678 0.216295 0.216295 0.216295
7452.944336 0.000000 939.617371 0.000000 0.828743 0.000000 -0.559629 0.217381 0.217381 0.217381
7451.443848 0.000000 936.014954 0.000000 0.714245 0.000000 0.699896 0.211598 0.211598 0.211598
7460.742188 0.000000 956.955200 0.000000 0.532845 0.000000 0.846213 0.225875 0.225875 0.225875
7443.524902 0.000000 940.683838 0.000000 0.992577 0.000000 -0.121618 0.288452 0.288452 0.288452
7446.733398 0.000000 912.521118 0.000000 0.709752 0.000000 0.704452 0.273375 0.273375 0.273375
7461.805176 0.000000 959.276733 0.000000 0.306800 0.000000 0.951774 0.271250 0.271250 0.271250
7446.619629 0.000000 937.271118 0.000000 0.986785 0.000000 -0.162037 0.302968 0.302968 0.302968
7445.353516 0.000000 939.639771 0.000000 0.976612 0.000000 0.215010 0.296113 0.296113 0.296113
7460.170898 0.000000 958.146606 0.000000 0.876647 0.000000 0.481134 0.283485 0.283485 0.283485
7463.513672 0.000000 958.392090 0.000000 0.974366 0.000000 -0.224970 0.304334 0.304334 0.304334
7463.150391 0.000000 957.129089 0.000000 0.995189 0.000000 0.097973 0.290011 0.290011 0.290011
7444.371094 0.000000 939.990479 0.000000 0.998217 0.000000 -0.059685 0.301071 0.301071 0.301071
7449.272461 0.000000 938.503174 0.000000 0.995177 0.000000 -0.098092 0.301876 0.301876 0.301876
7462.826172 0.000000 959.206421 0.000000 0.951296 0.000000 0.308279 0.294015 0.294015 0.294015
7447.335449 0.000000 939.244446 0.000000 0.983573 0.000000 -0.180512 0.303467 0.303467 0.303467
7453.189453 0.000000 940.669617 0.000000 0.952716 0.000000 0.303861 0.294103 0.294103 0.294103
7448.250000 0.000000 939.916138 0.000000 0.906470 0.000000 0.422271 0.291674 0.291674 0.291674
7447.377441 0.000000 938.255737 0.000000 0.771523 0.000000 0.636201 0.286830 0.286830 0.286830
7478.385254 0.000000 964.143433 0.000000 0.999990 0.000000 0.004425 0.226010 0.226010 0.226010
7477.929688 0.000000 976.305115 0.000000 0.055262 0.000000 0.998472 0.232631 0.232631 0.232631
7477.071289 0.000000 964.975647 0.000000 0.070045 0.000000 0.997544 0.224705 0.224705 0.224705
7456.131348 0.000000 965.353760 0.000000 0.974815 0.000000 -0.223016 0.252165 0.252165 0.252165
7454.191406 0.000000 962.448364 0.000000 0.308664 0.000000 0.951171 0.269379 0.269379 0.269379
7455.834473 0.000000 962.387878 0.000000 0.976923 0.000000 0.213593 0.285935 0.285935 0.285935
7462.002930 0.000000 961.895935 0.000000 0.012774 0.000000 0.999918 0.260024 0.260024 0.260024
7463.339844 0.000000 961.816895 0.000000 0.463994 0.000000 0.885838 0.267178 0.267178 0.267178
7463.881348 0.000000 960.297607 0.000000 0.680631 0.000000 0.732627 0.271231 0.271231 0.271231
7472.334961 0.000000 976.337708 0.000000 0.777068 0.000000 0.629417 0.286998 0.286998 0.286998
7478.206543 0.000000 967.650085 0.000000 0.777199 0.000000 0.629255 0.287002 0.287002 0.287002
7456.901855 0.000000 967.118103 0.000000 0.813573 0.000000 -0.581463 0.310736 0.310736 0.310736
7473.734375 0.000000 978.343506 0.000000 0.063040 0.000000 0.998011 0.271205 0.271205 0.271205
7466.742676 0.000000 984.424011 0.000000 0.922680 0.000000 0.385565 0.292440 0.292440 0.292440
7458.086426 0.000000 967.132385 0.000000 0.817378 0.000000 0.576102 0.275962 0.275962 0.275962
7455.684570 0.000000 964.369629 0.000000 0.615848 0.000000 0.787865 0.282671 0.282671 0.282671
7468.319336 0.000000 985.034729 0.000000 0.898294 0.000000 0.439395 0.291312 0.291312 0.291312
7465.171875 0.000000 983.710938 0.000000 0.999987 0.000000 -0.005130 0.300098 0.300098 0.300098
7469.173340 0.000000 984.128662 0.000000 0.003340 0.000000 0.999994 0.270064 0.270064 0.270064
7468.935547 0.000000 982.086914 0.000000 0.821162 0.000000 0.570696 0.288400 0.288400 0.288400
7475.106445 0.000000 977.102661 0.000000 0.274571 0.000000 0.961567 0.276522 0.276522 0.276522
7454.329102 0.000000 964.739685 0.000000 0.886012 0.000000 0.463663 0.290792 0.290792 0.290792
7473.165527 0.000000 979.682068 0.000000 0.865295 0.000000 -0.501263 0.310028 0.310028 0.310028
4844.062988 0.000000 2211.879639 0.000000 0.938510 0.000000 -0.345253 0.202350 0.202350 0.202350
4446.953613 0.000000 2598.049316 0.000000 0.819195 0.000000 0.573515 0.195989 0.195989 0.195989
4548.957520 0.000000 2525.159668 0.000000 0.288307 0.000000 0.957538 0.191192 0.191192 0.191192
4769.448730 0.000000 2452.125000 0.000000 0.278849 0.000000 0.960335 0.201248 0.201248 0.201248
4763.635742 0.000000 2451.878418 0.000000 0.273277 0.000000 0.961935 0.201701 0.201701 0.201701
4761.283691 0.000000 2450.445801 0.000000 0.208407 0.000000 0.978042 0.201167 0.201167 0.201167
4764.838379 0.000000 2453.895508 0.000000 0.288391 0.000000 0.957513 0.201327 0.201327 0.201327
5106.842773 0.000000 2672.635498 0.000000 0.684435 0.000000 0.729074 0.194473 0.194473 0.194473
5176.315430 0.000000 2635.290283 0.000000 0.887626 0.000000 -0.460566 0.203643 0.203643 0.203643
5165.375000 0.000000 2623.202881 0.000000 0.943391 0.000000 0.331683 0.197637 0.197637 0.197637
5156.759766 0.000000 2619.657471 0.000000 0.877324 0.000000 0.479899 0.199452 0.199452 0.199452
5145.661133 0.000000 2657.831787 0.000000 0.937035 0.000000 -0.349235 0.203363 0.203363 0.203363
5168.746582 0.000000 2658.003174 0.000000 0.830258 0.000000 -0.557380 0.204434 0.204434 0.204434
"}
object={
	name="cypress_mediterranean_sparse_generator_2_1"
	clamp_to_water_level=no
	render_under_water=no
	generated_content=yes
	layer="semidynamic_medium"
	pdxmesh="tree_cypress_mediterranean_01_mesh"
	count=66
	transform="7154.798340 0.000000 883.946777 0.000000 0.743387 0.000000 -0.668862 0.214927 0.214927 0.214927
7150.269531 0.000000 882.567261 0.000000 0.690223 0.000000 -0.723597 0.274073 0.274073 0.274073
7160.073242 0.000000 886.704285 0.000000 0.709226 0.000000 -0.704981 0.314679 0.314679 0.314679
7159.349609 0.000000 887.735657 0.000000 0.268638 0.000000 -0.963241 0.323298 0.323298 0.323298
7220.122559 0.000000 658.993286 0.000000 0.735520 0.000000 -0.677503 0.269606 0.269606 0.269606
7223.950684 0.000000 659.512146 0.000000 0.371891 0.000000 -0.928276 0.287875 0.287875 0.287875
7227.344238 0.000000 657.965210 0.000000 0.281536 0.000000 -0.959551 0.320146 0.320146 0.320146
7219.663574 0.000000 678.980896 0.000000 0.429050 0.000000 -0.903280 0.290799 0.290799 0.290799
7247.453125 0.000000 726.787659 0.000000 0.766281 0.000000 -0.642505 0.278057 0.278057 0.278057
7257.706543 0.000000 747.936218 0.000000 0.542430 0.000000 -0.840101 0.220626 0.220626 0.220626
7244.721191 0.000000 772.621704 0.000000 0.758251 0.000000 -0.651963 0.223072 0.223072 0.223072
7253.209473 0.000000 741.159119 0.000000 0.335209 0.000000 -0.942144 0.294157 0.294157 0.294157
7259.442383 0.000000 742.719727 0.000000 0.500219 0.000000 -0.865899 0.319995 0.319995 0.319995
7246.943359 0.000000 774.891418 0.000000 0.442116 0.000000 -0.896958 0.320587 0.320587 0.320587
7247.546387 0.000000 772.178772 0.000000 0.530927 0.000000 -0.847418 0.317948 0.317948 0.317948
7260.025391 0.000000 740.667725 0.000000 0.534579 0.000000 -0.845119 0.318776 0.318776 0.318776
7247.914062 0.000000 774.420837 0.000000 0.412107 0.000000 -0.911135 0.321201 0.321201 0.321201
7243.442871 0.000000 808.589844 0.000000 0.224363 0.000000 -0.974506 0.233431 0.233431 0.233431
7245.872070 0.000000 819.183716 0.000000 0.791917 0.000000 -0.610629 0.214930 0.214930 0.214930
7238.475098 0.000000 805.371887 0.000000 0.203232 0.000000 -0.979131 0.239286 0.239286 0.239286
7244.241699 0.000000 793.046082 0.000000 0.198378 0.000000 -0.980125 0.296202 0.296202 0.296202
7236.635742 0.000000 803.184143 0.000000 0.607544 0.000000 -0.794286 0.275484 0.275484 0.275484
7263.303223 0.000000 817.792664 0.000000 0.636109 0.000000 -0.771599 0.295941 0.295941 0.295941
7270.782227 0.000000 818.790894 0.000000 0.522724 0.000000 -0.852502 0.317928 0.317928 0.317928
7274.544434 0.000000 827.634277 0.000000 0.518898 0.000000 -0.854836 0.277499 0.277499 0.277499
7273.785156 0.000000 824.864563 0.000000 0.457088 0.000000 -0.889422 0.296027 0.296027 0.296027
7243.572266 0.000000 816.360107 0.000000 0.772648 0.000000 -0.634835 0.313033 0.313033 0.313033
7256.817383 0.000000 823.814819 0.000000 0.355672 0.000000 -0.934611 0.323055 0.323055 0.323055
7243.583496 0.000000 817.367676 0.000000 0.223529 0.000000 -0.974697 0.325493 0.325493 0.325493
7236.651367 0.000000 804.119934 0.000000 0.683552 0.000000 -0.729902 0.315626 0.315626 0.315626
7243.714844 0.000000 807.665222 0.000000 0.789807 0.000000 -0.613355 0.312611 0.312611 0.312611
7242.012695 0.000000 794.068176 0.000000 0.086251 0.000000 -0.996273 0.328351 0.328351 0.328351
7278.633301 0.000000 851.981506 0.000000 0.610314 0.000000 -0.792159 0.293961 0.293961 0.293961
7332.575195 0.000000 793.170227 0.000000 0.355384 0.000000 -0.934720 0.223551 0.223551 0.223551
7344.748535 0.000000 792.193542 0.000000 0.207915 0.000000 -0.978147 0.269699 0.269699 0.269699
7322.042969 0.000000 859.036316 0.000000 0.552961 0.000000 -0.833207 0.318810 0.318810 0.318810
7157.270996 0.000000 907.050110 0.000000 0.771710 0.000000 -0.635974 0.313164 0.313164 0.313164
7164.552246 0.000000 905.059265 0.000000 0.156362 0.000000 -0.987700 0.324407 0.324407 0.324407
6740.436035 0.000000 1510.865601 0.000000 0.620708 0.000000 -0.784042 0.218042 0.218042 0.218042
6733.139648 0.000000 1512.138428 0.000000 0.101130 0.000000 -0.994873 0.257478 0.257478 0.257478
6738.010742 0.000000 1519.126831 0.000000 0.544282 0.000000 -0.838902 0.292665 0.292665 0.292665
6742.889648 0.000000 1517.855713 0.000000 0.479655 0.000000 -0.877457 0.272469 0.272469 0.272469
6729.022461 0.000000 1511.661011 0.000000 0.760757 0.000000 -0.649037 0.312828 0.312828 0.312828
6729.062988 0.000000 1510.573730 0.000000 0.740717 0.000000 -0.671817 0.313380 0.313380 0.313380
7192.795410 0.000000 931.662170 0.000000 0.092464 0.000000 -0.995716 0.216309 0.216309 0.216309
7185.977051 0.000000 933.219238 0.000000 0.644271 0.000000 -0.764797 0.316630 0.316630 0.316630
7190.048340 0.000000 926.862915 0.000000 0.434925 0.000000 -0.900467 0.310983 0.310983 0.310983
7191.342773 0.000000 928.490540 0.000000 0.126073 0.000000 -0.992021 0.327586 0.327586 0.327586
7186.317871 0.000000 938.992737 0.000000 0.170376 0.000000 -0.985379 0.306374 0.306374 0.306374
7182.050293 0.000000 935.903076 0.000000 0.342412 0.000000 -0.939550 0.323325 0.323325 0.323325
7182.938965 0.000000 934.980042 0.000000 0.431435 0.000000 -0.902144 0.321480 0.321480 0.321480
7450.429199 0.000000 938.237793 0.000000 0.200727 0.000000 -0.979647 0.326140 0.326140 0.326140
7472.587891 0.000000 980.487610 0.000000 0.209374 0.000000 -0.977836 0.232938 0.232938 0.232938
7478.255859 0.000000 968.994446 0.000000 0.649892 0.000000 -0.760027 0.234017 0.234017 0.234017
7476.078125 0.000000 976.905090 0.000000 0.141618 0.000000 -0.989921 0.266646 0.266646 0.266646
7455.750977 0.000000 966.817322 0.000000 0.730053 0.000000 -0.683391 0.259436 0.259436 0.259436
7457.760254 0.000000 964.642517 0.000000 0.707637 0.000000 -0.706576 0.258600 0.258600 0.258600
7465.763184 0.000000 982.254883 0.000000 0.188727 0.000000 -0.982030 0.326374 0.326374 0.326374
7473.437988 0.000000 976.409302 0.000000 0.726211 0.000000 -0.687472 0.314477 0.314477 0.314477
7474.122070 0.000000 977.287292 0.000000 0.708783 0.000000 -0.705427 0.314222 0.314222 0.314222
7467.257324 0.000000 983.047180 0.000000 0.686272 0.000000 -0.727345 0.315555 0.315555 0.315555
7472.073730 0.000000 978.174377 0.000000 0.452453 0.000000 -0.891788 0.321033 0.321033 0.321033
4890.709961 0.000000 2239.930664 0.000000 0.543318 0.000000 -0.839527 0.206716 0.206716 0.206716
4912.580566 0.000000 2289.815674 0.000000 0.407247 0.000000 -0.913318 0.207962 0.207962 0.207962
5138.579102 0.000000 2653.470215 0.000000 0.707653 0.000000 -0.706560 0.205485 0.205485 0.205485
5158.337891 0.000000 2668.501709 0.000000 0.639370 0.000000 -0.768899 0.207641 0.207641 0.207641
"}
