object={
	name="cypress_mediterranean_dense_generator_3_0"
	clamp_to_water_level=no
	render_under_water=no
	generated_content=yes
	layer="semidynamic_high"
	pdxmesh="tree_cypress_mediterranean_02_mesh"
	count=484
	transform="3967.697998 0.000000 2473.552246 0.000000 0.815953 0.000000 0.578118 0.199144 0.199144 0.199144
3931.203369 0.000000 2468.145752 0.000000 0.940870 0.000000 0.338769 0.201665 0.201665 0.201665
3935.888672 0.000000 2450.372314 0.000000 0.502072 0.000000 0.864826 0.201139 0.201139 0.201139
3943.465576 0.000000 2438.713867 0.000000 0.834050 0.000000 -0.551689 0.209079 0.209079 0.209079
3961.072510 0.000000 2478.945312 0.000000 0.997249 0.000000 0.074124 0.205884 0.205884 0.205884
3954.103760 0.000000 2477.161133 0.000000 0.011859 0.000000 0.999930 0.194224 0.194224 0.194224
3943.778320 0.000000 2484.663086 0.000000 0.663560 0.000000 0.748123 0.198518 0.198518 0.198518
3949.585205 0.000000 2439.261230 0.000000 0.963692 0.000000 -0.267017 0.215352 0.215352 0.215352
3956.316895 0.000000 2457.954102 0.000000 0.285132 0.000000 0.958488 0.203795 0.203795 0.203795
3951.883057 0.000000 2433.851807 0.000000 0.229223 0.000000 0.973374 0.201337 0.201337 0.201337
3965.281982 0.000000 2472.783447 0.000000 0.592577 0.000000 0.805514 0.207135 0.207135 0.207135
3966.854736 0.000000 2455.411621 0.000000 0.710399 0.000000 0.703800 0.205804 0.205804 0.205804
3947.960938 0.000000 2450.930420 0.000000 0.273936 0.000000 0.961748 0.200210 0.200210 0.200210
3949.587646 0.000000 2436.600342 0.000000 0.850532 0.000000 -0.525923 0.217058 0.217058 0.217058
3944.567383 0.000000 2463.511475 0.000000 0.523531 0.000000 0.852007 0.208492 0.208492 0.208492
3954.490723 0.000000 2451.617676 0.000000 0.914391 0.000000 0.404832 0.210334 0.210334 0.210334
3951.350342 0.000000 2483.571289 0.000000 0.406614 0.000000 0.913600 0.201319 0.201319 0.201319
3959.431885 0.000000 2477.911865 0.000000 0.251670 0.000000 0.967813 0.205497 0.205497 0.205497
3951.250244 0.000000 2457.809082 0.000000 0.995986 0.000000 -0.089508 0.215584 0.215584 0.215584
3954.395020 0.000000 2458.844727 0.000000 0.056016 0.000000 0.998430 0.202375 0.202375 0.202375
3953.909180 0.000000 2460.669434 0.000000 0.932373 0.000000 0.361497 0.212343 0.212343 0.212343
3934.946045 0.000000 2457.291992 0.000000 0.986498 0.000000 0.163772 0.216253 0.216253 0.216253
3944.388184 0.000000 2478.829834 0.000000 0.999832 0.000000 -0.018321 0.218925 0.218925 0.218925
3933.614258 0.000000 2460.556152 0.000000 0.273538 0.000000 0.961861 0.207674 0.207674 0.207674
3940.749023 0.000000 2438.197510 0.000000 0.886829 0.000000 0.462097 0.210354 0.210354 0.210354
3952.891357 0.000000 2457.202148 0.000000 0.966055 0.000000 0.258338 0.212695 0.212695 0.212695
3937.519287 0.000000 2436.689209 0.000000 0.911639 0.000000 0.410991 0.211359 0.211359 0.211359
3945.936279 0.000000 2481.924561 0.000000 0.017298 0.000000 0.999850 0.205930 0.205930 0.205930
3970.070068 0.000000 2453.649902 0.000000 0.998762 0.000000 -0.049738 0.211317 0.211317 0.211317
3971.099121 0.000000 2455.529785 0.000000 0.999624 0.000000 -0.027407 0.211702 0.211702 0.211702
3976.076904 0.000000 2472.881592 0.000000 0.801054 0.000000 0.598592 0.207445 0.207445 0.207445
3989.101562 0.000000 2475.279053 0.000000 0.830147 0.000000 -0.557544 0.215596 0.215596 0.215596
3973.832764 0.000000 2460.693848 0.000000 0.045025 0.000000 0.998986 0.199361 0.199361 0.199361
3975.260498 0.000000 2475.432617 0.000000 0.585003 0.000000 0.811031 0.206029 0.206029 0.206029
4048.382568 0.000000 2484.644531 0.000000 0.720947 0.000000 0.692990 0.197530 0.197530 0.197530
3933.209717 0.000000 2541.273682 0.000000 0.997794 0.000000 0.066381 0.229892 0.229892 0.229892
3899.524170 0.000000 2555.256104 0.000000 0.604173 0.000000 0.796853 0.228800 0.228800 0.228800
3901.294678 0.000000 2557.312256 0.000000 0.847203 0.000000 -0.531268 0.244192 0.244192 0.244192
3902.420166 0.000000 2555.137695 0.000000 0.856942 0.000000 -0.515412 0.243409 0.243409 0.243409
3898.873047 0.000000 2557.545654 0.000000 0.899843 0.000000 -0.436214 0.243648 0.243648 0.243648
3903.927246 0.000000 2556.542236 0.000000 0.700057 0.000000 0.714087 0.230116 0.230116 0.230116
3905.451416 0.000000 2551.189209 0.000000 0.813594 0.000000 0.581434 0.195678 0.195678 0.195678
3958.385498 0.000000 2545.705811 0.000000 0.091986 0.000000 0.995760 0.193347 0.193347 0.193347
3956.078369 0.000000 2558.467529 0.000000 0.832930 0.000000 0.553378 0.216395 0.216395 0.216395
3938.977539 0.000000 2556.296387 0.000000 0.751998 0.000000 0.659165 0.222549 0.222549 0.222549
3925.229004 0.000000 2555.889160 0.000000 0.317473 0.000000 0.948267 0.221471 0.221471 0.221471
3926.338623 0.000000 2554.779297 0.000000 0.996583 0.000000 0.082602 0.233070 0.233070 0.233070
3927.560547 0.000000 2559.322754 0.000000 0.231494 0.000000 0.972836 0.219602 0.219602 0.219602
3966.321777 0.000000 2560.129150 0.000000 0.795149 0.000000 0.606415 0.222146 0.222146 0.222146
3967.116211 0.000000 2561.546631 0.000000 0.914069 0.000000 -0.405559 0.232230 0.232230 0.232230
3913.525391 0.000000 2563.844727 0.000000 0.478954 0.000000 0.877840 0.226245 0.226245 0.226245
3979.557373 0.000000 2525.260254 0.000000 0.604598 0.000000 0.796531 0.207259 0.207259 0.207259
4090.462158 0.000000 2502.382568 0.000000 0.933035 0.000000 -0.359787 0.202554 0.202554 0.202554
4068.575195 0.000000 2487.701416 0.000000 0.950699 0.000000 -0.310115 0.202204 0.202204 0.202204
4093.738281 0.000000 2513.561768 0.000000 0.964136 0.000000 -0.265408 0.201878 0.201878 0.201878
4092.013184 0.000000 2500.177246 0.000000 0.198581 0.000000 0.980085 0.190520 0.190520 0.190520
4085.633789 0.000000 2522.369629 0.000000 0.257416 0.000000 0.966301 0.193079 0.193079 0.193079
4088.742188 0.000000 2515.206299 0.000000 0.261894 0.000000 0.965097 0.191608 0.191608 0.191608
4081.129150 0.000000 2535.718506 0.000000 0.874058 0.000000 0.485821 0.201552 0.201552 0.201552
4078.671387 0.000000 2531.767090 0.000000 0.854160 0.000000 0.520010 0.200722 0.200722 0.200722
4078.880859 0.000000 2535.848145 0.000000 0.853369 0.000000 -0.521307 0.209398 0.209398 0.209398
4059.444092 0.000000 2517.577393 0.000000 0.989735 0.000000 -0.142915 0.206955 0.206955 0.206955
4081.262695 0.000000 2539.873535 0.000000 0.739146 0.000000 0.673545 0.200356 0.200356 0.200356
4062.288086 0.000000 2539.774902 0.000000 0.999292 0.000000 -0.037631 0.209536 0.209536 0.209536
3987.894287 0.000000 2549.568604 0.000000 0.919310 0.000000 0.393534 0.200149 0.200149 0.200149
4018.516357 0.000000 2557.828369 0.000000 0.983100 0.000000 0.183072 0.217740 0.217740 0.217740
3993.349609 0.000000 2561.747559 0.000000 0.946677 0.000000 -0.322185 0.226770 0.226770 0.226770
4017.237305 0.000000 2555.003418 0.000000 0.999300 0.000000 -0.037397 0.219650 0.219650 0.219650
4008.469727 0.000000 2561.062012 0.000000 0.320027 0.000000 0.947408 0.210086 0.210086 0.210086
4010.712402 0.000000 2563.015381 0.000000 0.097821 0.000000 0.995204 0.208574 0.208574 0.208574
4077.942871 0.000000 2563.737793 0.000000 0.930397 0.000000 -0.366553 0.202614 0.202614 0.202614
4075.659912 0.000000 2577.976562 0.000000 0.262743 0.000000 0.964866 0.196623 0.196623 0.196623
4072.179932 0.000000 2569.981445 0.000000 0.514563 0.000000 0.857453 0.200739 0.200739 0.200739
4061.739258 0.000000 2563.260010 0.000000 0.980532 0.000000 0.196361 0.211566 0.211566 0.211566
4060.979980 0.000000 2557.075928 0.000000 0.978627 0.000000 0.205642 0.210389 0.210389 0.210389
4072.688965 0.000000 2566.197266 0.000000 0.857376 0.000000 0.514691 0.207723 0.207723 0.207723
4075.960938 0.000000 2563.899170 0.000000 0.998062 0.000000 -0.062232 0.211416 0.211416 0.211416
4061.096680 0.000000 2542.193115 0.000000 0.366411 0.000000 0.930453 0.200473 0.200473 0.200473
4038.935791 0.000000 2545.372803 0.000000 0.974316 0.000000 0.225185 0.211877 0.211877 0.211877
4042.618164 0.000000 2555.341309 0.000000 0.947082 0.000000 -0.320992 0.216960 0.216960 0.216960
4055.366211 0.000000 2544.449463 0.000000 0.171721 0.000000 0.985146 0.199880 0.199880 0.199880
4059.504150 0.000000 2555.775146 0.000000 0.989102 0.000000 0.147234 0.210864 0.210864 0.210864
4039.699463 0.000000 2557.651855 0.000000 0.734704 0.000000 0.678388 0.209756 0.209756 0.209756
6729.203613 0.000000 713.513306 0.000000 0.089109 0.000000 0.996022 0.190420 0.190420 0.190420
6743.371094 0.000000 720.826416 0.000000 0.861443 0.000000 0.507855 0.196449 0.196449 0.196449
6761.676758 0.000000 695.879517 0.000000 0.483639 0.000000 0.875268 0.192708 0.192708 0.192708
6764.194824 0.000000 689.889893 0.000000 0.990166 0.000000 -0.139894 0.200967 0.200967 0.200967
6772.014648 0.000000 743.140198 0.000000 0.993485 0.000000 0.113967 0.199230 0.199230 0.199230
6755.104004 0.000000 742.838989 0.000000 0.836886 0.000000 -0.547377 0.203904 0.203904 0.203904
6792.173828 0.000000 700.078796 0.000000 0.976876 0.000000 0.213807 0.198766 0.198766 0.198766
6910.419434 0.000000 719.959778 0.000000 0.918610 0.000000 0.395165 0.197302 0.197302 0.197302
6852.384766 0.000000 728.585144 0.000000 0.769645 0.000000 0.638473 0.196474 0.196474 0.196474
6862.401855 0.000000 719.508362 0.000000 0.669554 0.000000 0.742764 0.197534 0.197534 0.197534
6875.673340 0.000000 730.585815 0.000000 0.995819 0.000000 -0.091344 0.204309 0.204309 0.204309
6911.374512 0.000000 717.908020 0.000000 0.832641 0.000000 0.553812 0.204691 0.204691 0.204691
6905.190430 0.000000 719.919312 0.000000 0.798259 0.000000 0.602315 0.203699 0.203699 0.203699
6898.394043 0.000000 729.934265 0.000000 0.348532 0.000000 0.937297 0.197806 0.197806 0.197806
6905.129395 0.000000 716.631104 0.000000 0.338367 0.000000 0.941014 0.199233 0.199233 0.199233
6802.283691 0.000000 735.429565 0.000000 0.896850 0.000000 0.442334 0.197003 0.197003 0.197003
6842.637207 0.000000 761.230591 0.000000 0.866080 0.000000 0.499905 0.196380 0.196380 0.196380
6851.510742 0.000000 781.224854 0.000000 0.933435 0.000000 -0.358747 0.202537 0.202537 0.202537
6868.805176 0.000000 734.364380 0.000000 0.919854 0.000000 0.392261 0.200159 0.200159 0.200159
6895.339355 0.000000 734.542908 0.000000 0.917023 0.000000 -0.398835 0.208950 0.208950 0.208950
6895.645996 0.000000 741.994873 0.000000 0.997027 0.000000 -0.077056 0.205895 0.205895 0.205895
6699.659668 0.000000 883.445251 0.000000 0.939914 0.000000 -0.341411 0.203879 0.203879 0.203879
6728.667480 0.000000 852.044861 0.000000 0.410104 0.000000 0.912039 0.192203 0.192203 0.192203
6729.084961 0.000000 858.083496 0.000000 0.945965 0.000000 -0.324270 0.202251 0.202251 0.202251
6784.156738 0.000000 845.681458 0.000000 0.811005 0.000000 0.585040 0.195834 0.195834 0.195834
6917.572266 0.000000 724.743286 0.000000 0.830800 0.000000 -0.556572 0.213235 0.213235 0.213235
6923.616211 0.000000 763.638000 0.000000 0.946880 0.000000 -0.321587 0.202289 0.202289 0.202289
6939.698730 0.000000 780.796204 0.000000 0.762296 0.000000 0.647229 0.199562 0.199562 0.199562
6939.203125 0.000000 773.614563 0.000000 0.417963 0.000000 0.908464 0.196852 0.196852 0.196852
6928.098633 0.000000 744.056396 0.000000 0.982029 0.000000 0.188732 0.206117 0.206117 0.206117
6929.219727 0.000000 745.755615 0.000000 0.898775 0.000000 0.438411 0.204106 0.204106 0.204106
6947.217285 0.000000 745.135437 0.000000 0.820438 0.000000 -0.571736 0.213965 0.213965 0.213965
7014.581055 0.000000 769.421326 0.000000 0.896487 0.000000 0.443070 0.196860 0.196860 0.196860
7019.060059 0.000000 768.430481 0.000000 0.795350 0.000000 0.606150 0.208427 0.208427 0.208427
7016.199219 0.000000 765.142822 0.000000 0.523529 0.000000 0.852008 0.205427 0.205427 0.205427
7021.537598 0.000000 774.686523 0.000000 0.719474 0.000000 0.694519 0.206955 0.206955 0.206955
7016.567383 0.000000 768.980164 0.000000 0.627966 0.000000 0.778241 0.206468 0.206468 0.206468
7023.250488 0.000000 763.277771 0.000000 0.238621 0.000000 0.971113 0.203897 0.203897 0.203897
6987.557617 0.000000 774.244629 0.000000 0.970687 0.000000 -0.240348 0.212270 0.212270 0.212270
6986.704590 0.000000 757.039368 0.000000 0.998922 0.000000 0.046418 0.211674 0.211674 0.211674
7006.609375 0.000000 759.959534 0.000000 0.536729 0.000000 0.843754 0.206066 0.206066 0.206066
7005.614258 0.000000 766.024780 0.000000 0.913432 0.000000 0.406990 0.209775 0.209775 0.209775
7162.520996 0.000000 731.725098 0.000000 0.143468 0.000000 0.989655 0.203590 0.203590 0.203590
7080.389160 0.000000 787.927246 0.000000 0.385107 0.000000 0.922872 0.204161 0.204161 0.204161
7093.007812 0.000000 775.447266 0.000000 0.814759 0.000000 -0.579799 0.218758 0.218758 0.218758
7050.234863 0.000000 781.742798 0.000000 0.988496 0.000000 -0.151246 0.216664 0.216664 0.216664
7069.418457 0.000000 784.294373 0.000000 0.287598 0.000000 0.957751 0.204315 0.204315 0.204315
7052.970703 0.000000 781.282654 0.000000 0.073206 0.000000 0.997317 0.203004 0.203004 0.203004
7140.682129 0.000000 758.086243 0.000000 0.389921 0.000000 0.920848 0.201176 0.201176 0.201176
7165.382324 0.000000 764.599182 0.000000 0.289262 0.000000 0.957250 0.200335 0.200335 0.200335
7144.199219 0.000000 765.142822 0.000000 0.855498 0.000000 -0.517806 0.215810 0.215810 0.215810
7112.722168 0.000000 766.815979 0.000000 0.833095 0.000000 -0.553130 0.217906 0.217906 0.217906
7134.609375 0.000000 759.959534 0.000000 0.923586 0.000000 -0.383391 0.215769 0.215769 0.215769
7131.849121 0.000000 760.902466 0.000000 0.889967 0.000000 -0.456025 0.216413 0.216413 0.216413
7035.100586 0.000000 800.873962 0.000000 0.997812 0.000000 0.066117 0.199549 0.199549 0.199549
6991.870117 0.000000 827.604126 0.000000 0.999999 0.000000 -0.001089 0.204770 0.204770 0.204770
6990.401855 0.000000 832.477112 0.000000 0.746578 0.000000 0.665298 0.198858 0.198858 0.198858
6981.729492 0.000000 832.810120 0.000000 0.906551 0.000000 0.422096 0.199922 0.199922 0.199922
7061.235840 0.000000 810.642334 0.000000 0.981247 0.000000 0.192755 0.198917 0.198917 0.198917
7093.101074 0.000000 836.106750 0.000000 0.999450 0.000000 -0.033162 0.207816 0.207816 0.207816
7050.234863 0.000000 838.227173 0.000000 0.999047 0.000000 -0.043654 0.210145 0.210145 0.210145
7045.729492 0.000000 889.294495 0.000000 0.867969 0.000000 0.496619 0.200387 0.200387 0.200387
7068.979980 0.000000 862.544800 0.000000 0.536940 0.000000 0.843621 0.200429 0.200429 0.200429
7423.974609 0.000000 483.406403 0.000000 0.914950 0.000000 0.403566 0.243731 0.243731 0.243731
7416.732422 0.000000 500.432037 0.000000 0.735439 0.000000 0.677591 0.237913 0.237913 0.237913
7419.628418 0.000000 495.550537 0.000000 0.954466 0.000000 0.298319 0.243382 0.243382 0.243382
7416.311035 0.000000 496.527100 0.000000 0.971783 0.000000 0.235876 0.244109 0.244109 0.244109
7407.105469 0.000000 511.920715 0.000000 0.973164 0.000000 0.230114 0.219520 0.219520 0.219520
7396.191406 0.000000 520.064331 0.000000 0.925546 0.000000 -0.378635 0.247642 0.247642 0.247642
7404.736816 0.000000 511.181427 0.000000 0.997940 0.000000 0.064153 0.243832 0.243832 0.243832
7291.100586 0.000000 631.420837 0.000000 0.573941 0.000000 0.818897 0.193413 0.193413 0.193413
7294.675293 0.000000 673.079224 0.000000 0.830058 0.000000 0.557678 0.216880 0.216880 0.216880
7356.034180 0.000000 612.666992 0.000000 0.940614 0.000000 0.339478 0.207645 0.207645 0.207645
7352.471680 0.000000 605.299866 0.000000 0.387383 0.000000 0.921919 0.205188 0.205188 0.205188
7306.663574 0.000000 619.428711 0.000000 0.468119 0.000000 0.883665 0.213525 0.213525 0.213525
7307.256348 0.000000 617.877075 0.000000 0.774517 0.000000 0.632553 0.223406 0.223406 0.223406
7348.777832 0.000000 597.791809 0.000000 0.986629 0.000000 -0.162983 0.220740 0.220740 0.220740
7319.599609 0.000000 619.398926 0.000000 0.731895 0.000000 0.681417 0.222784 0.222784 0.222784
7347.609375 0.000000 600.192932 0.000000 0.138196 0.000000 0.990405 0.218181 0.218181 0.218181
7316.841797 0.000000 599.409851 0.000000 0.481800 0.000000 0.876281 0.222252 0.222252 0.222252
7318.444824 0.000000 616.542542 0.000000 0.995930 0.000000 -0.090131 0.230837 0.230837 0.230837
7358.913574 0.000000 610.882263 0.000000 0.933258 0.000000 0.359206 0.226990 0.226990 0.226990
7349.635254 0.000000 603.366333 0.000000 0.013649 0.000000 0.999907 0.216957 0.216957 0.216957
7346.362305 0.000000 599.541321 0.000000 0.830008 0.000000 -0.557751 0.238601 0.238601 0.238601
7383.836426 0.000000 615.456604 0.000000 0.290581 0.000000 0.956850 0.191208 0.191208 0.191208
7403.407227 0.000000 609.071777 0.000000 0.998497 0.000000 -0.054815 0.213046 0.213046 0.213046
7389.034668 0.000000 618.327515 0.000000 0.896983 0.000000 0.442066 0.225045 0.225045 0.225045
7371.761719 0.000000 589.253418 0.000000 0.244945 0.000000 0.969537 0.220719 0.220719 0.220719
7365.854492 0.000000 599.596924 0.000000 0.343588 0.000000 0.939121 0.220259 0.220259 0.220259
7410.362305 0.000000 599.541321 0.000000 0.952572 0.000000 -0.304314 0.235242 0.235242 0.235242
7300.763672 0.000000 657.520325 0.000000 0.942518 0.000000 -0.334156 0.202254 0.202254 0.202254
7302.997070 0.000000 661.585083 0.000000 0.744802 0.000000 0.667285 0.206205 0.206205 0.206205
7304.280273 0.000000 655.559082 0.000000 0.969342 0.000000 0.245717 0.213350 0.213350 0.213350
7306.416504 0.000000 653.012268 0.000000 0.999645 0.000000 -0.026645 0.218434 0.218434 0.218434
7326.190918 0.000000 658.381958 0.000000 0.981202 0.000000 -0.192983 0.226132 0.226132 0.226132
7304.627441 0.000000 661.352600 0.000000 0.955805 0.000000 -0.294002 0.226502 0.226502 0.226502
7323.133789 0.000000 624.858276 0.000000 0.904812 0.000000 0.425811 0.224680 0.224680 0.224680
7346.908203 0.000000 660.093994 0.000000 0.942947 0.000000 0.332944 0.220747 0.220747 0.220747
7322.256836 0.000000 626.053040 0.000000 0.450473 0.000000 0.892790 0.218386 0.218386 0.218386
7408.580566 0.000000 651.768860 0.000000 0.232357 0.000000 0.972631 0.190992 0.190992 0.190992
7387.698730 0.000000 667.827454 0.000000 0.417717 0.000000 0.908577 0.193800 0.193800 0.193800
7395.093262 0.000000 643.704224 0.000000 0.890748 0.000000 -0.454498 0.215234 0.215234 0.215234
7377.862305 0.000000 657.655579 0.000000 0.999947 0.000000 -0.010336 0.223903 0.223903 0.223903
7373.306641 0.000000 645.879578 0.000000 0.682622 0.000000 0.730772 0.217971 0.217971 0.217971
7375.824707 0.000000 644.774780 0.000000 0.666691 0.000000 0.745334 0.217773 0.217773 0.217773
7397.265137 0.000000 640.991638 0.000000 0.908443 0.000000 0.418009 0.222071 0.222071 0.222071
7374.222168 0.000000 644.478943 0.000000 0.926572 0.000000 0.376117 0.221952 0.221952 0.221952
7370.331055 0.000000 666.664429 0.000000 0.364294 0.000000 0.931284 0.212000 0.212000 0.212000
7417.144531 0.000000 622.943420 0.000000 0.277592 0.000000 0.960699 0.216622 0.216622 0.216622
7412.319336 0.000000 648.953918 0.000000 0.987284 0.000000 -0.158965 0.226387 0.226387 0.226387
7412.241699 0.000000 633.062927 0.000000 0.987191 0.000000 -0.159542 0.228666 0.228666 0.228666
7399.388184 0.000000 639.388916 0.000000 0.993314 0.000000 -0.115443 0.227684 0.227684 0.227684
7397.802246 0.000000 639.604980 0.000000 0.970744 0.000000 -0.240115 0.228860 0.228860 0.228860
7421.294434 0.000000 636.843567 0.000000 0.476914 0.000000 0.878950 0.216649 0.216649 0.216649
7439.831543 0.000000 456.046844 0.000000 0.365412 0.000000 0.930846 0.191993 0.191993 0.191993
7459.619629 0.000000 493.781860 0.000000 0.957453 0.000000 -0.288588 0.217831 0.217831 0.217831
7441.145996 0.000000 454.429199 0.000000 0.632634 0.000000 0.774451 0.211688 0.211688 0.211688
7461.967285 0.000000 476.772339 0.000000 0.934687 0.000000 -0.355472 0.223618 0.223618 0.223618
7461.604004 0.000000 474.458984 0.000000 0.976200 0.000000 -0.216875 0.240074 0.240074 0.240074
7462.782227 0.000000 479.884644 0.000000 0.872325 0.000000 -0.488927 0.251918 0.251918 0.251918
7463.319336 0.000000 476.587738 0.000000 0.684552 0.000000 0.728964 0.238134 0.238134 0.238134
7464.301758 0.000000 492.191833 0.000000 0.305381 0.000000 0.952230 0.232645 0.232645 0.232645
7427.574219 0.000000 505.298553 0.000000 0.774638 0.000000 0.632406 0.238058 0.238058 0.238058
7451.792969 0.000000 481.315735 0.000000 0.999948 0.000000 0.010159 0.248344 0.248344 0.248344
7463.639160 0.000000 478.948151 0.000000 0.135857 0.000000 0.990728 0.230214 0.230214 0.230214
7440.053223 0.000000 457.235352 0.000000 0.960445 0.000000 -0.278468 0.255130 0.255130 0.255130
7430.916992 0.000000 454.298950 0.000000 0.890710 0.000000 -0.454572 0.257941 0.257941 0.257941
7448.512695 0.000000 516.092285 0.000000 0.734443 0.000000 0.678671 0.215510 0.215510 0.215510
7453.048828 0.000000 510.001862 0.000000 0.841813 0.000000 -0.539769 0.250211 0.250211 0.250211
7463.299805 0.000000 611.223206 0.000000 0.286078 0.000000 0.958206 0.191283 0.191283 0.191283
7469.836426 0.000000 617.476501 0.000000 0.970033 0.000000 -0.242973 0.211148 0.211148 0.211148
7435.256348 0.000000 617.877075 0.000000 0.192871 0.000000 0.981224 0.215305 0.215305 0.215305
7434.583984 0.000000 591.067749 0.000000 0.999865 0.000000 -0.016424 0.233496 0.233496 0.233496
7458.837891 0.000000 612.935181 0.000000 0.829206 0.000000 0.558944 0.223756 0.223756 0.223756
7479.893555 0.000000 664.832886 0.000000 0.999716 0.000000 0.023811 0.210736 0.210736 0.210736
7460.830078 0.000000 656.255859 0.000000 0.873100 0.000000 0.487541 0.218679 0.218679 0.218679
7486.038574 0.000000 645.311340 0.000000 0.998554 0.000000 0.053759 0.224439 0.224439 0.224439
7484.201172 0.000000 641.918640 0.000000 0.681214 0.000000 0.732084 0.217953 0.217953 0.217953
7469.531250 0.000000 639.721252 0.000000 0.072116 0.000000 0.997396 0.208347 0.208347 0.208347
7474.861328 0.000000 676.845581 0.000000 0.723751 0.000000 0.690062 0.213805 0.213805 0.213805
7440.485352 0.000000 646.440308 0.000000 0.876372 0.000000 0.481634 0.220344 0.220344 0.220344
7438.035156 0.000000 647.327759 0.000000 0.953886 0.000000 0.300171 0.222148 0.222148 0.222148
7468.188965 0.000000 626.349243 0.000000 0.920753 0.000000 0.390145 0.223432 0.223432 0.223432
7456.240234 0.000000 635.297974 0.000000 0.901506 0.000000 -0.432766 0.230763 0.230763 0.230763
7505.436523 0.000000 645.197144 0.000000 0.913872 0.000000 -0.406003 0.202912 0.202912 0.202912
7501.306641 0.000000 645.879578 0.000000 0.999996 0.000000 -0.002946 0.224957 0.224957 0.224957
7503.736328 0.000000 652.089355 0.000000 0.997065 0.000000 0.076556 0.223118 0.223118 0.223118
7488.043457 0.000000 645.579163 0.000000 0.942732 0.000000 0.333552 0.221827 0.221827 0.221827
7501.188965 0.000000 629.582764 0.000000 0.815830 0.000000 0.578292 0.221418 0.221418 0.221418
7508.440918 0.000000 676.834778 0.000000 0.427469 0.000000 0.904030 0.210599 0.210599 0.210599
7488.016113 0.000000 629.980652 0.000000 0.007650 0.000000 0.999971 0.212588 0.212588 0.212588
7499.039062 0.000000 637.584534 0.000000 0.888986 0.000000 -0.457934 0.230439 0.230439 0.230439
7506.634277 0.000000 666.596802 0.000000 0.994811 0.000000 -0.101737 0.222468 0.222468 0.222468
7505.267090 0.000000 651.961914 0.000000 0.513718 0.000000 0.857959 0.214503 0.214503 0.214503
7507.337891 0.000000 621.486938 0.000000 0.944827 0.000000 0.327569 0.225143 0.225143 0.225143
7186.128418 0.000000 698.574097 0.000000 0.518347 0.000000 0.855170 0.194102 0.194102 0.194102
7186.442383 0.000000 692.829163 0.000000 0.997150 0.000000 0.075443 0.219233 0.219233 0.219233
7198.924805 0.000000 717.117310 0.000000 0.834359 0.000000 -0.551222 0.221418 0.221418 0.221418
7187.704102 0.000000 691.576721 0.000000 0.762673 0.000000 0.646784 0.214313 0.214313 0.214313
7262.816895 0.000000 692.250305 0.000000 0.995802 0.000000 0.091536 0.202417 0.202417 0.202417
7288.708984 0.000000 698.255981 0.000000 0.937519 0.000000 -0.347933 0.221815 0.221815 0.221815
7256.891602 0.000000 724.167603 0.000000 0.371747 0.000000 0.928334 0.205552 0.205552 0.205552
7189.422363 0.000000 758.651733 0.000000 0.999642 0.000000 0.026770 0.210713 0.210713 0.210713
7197.096680 0.000000 734.693054 0.000000 0.939502 0.000000 0.342544 0.205988 0.205988 0.205988
7198.652344 0.000000 746.382263 0.000000 0.227350 0.000000 0.973813 0.201322 0.201322 0.201322
7265.910645 0.000000 776.619751 0.000000 0.928170 0.000000 -0.372156 0.202647 0.202647 0.202647
7262.816895 0.000000 748.734680 0.000000 0.763196 0.000000 0.646167 0.196931 0.196931 0.196931
7259.877441 0.000000 745.787781 0.000000 0.995430 0.000000 -0.095498 0.213374 0.213374 0.213374
7322.057129 0.000000 713.275635 0.000000 0.260030 0.000000 0.965600 0.205569 0.205569 0.205569
7315.881836 0.000000 716.350037 0.000000 0.092608 0.000000 0.995703 0.203654 0.203654 0.203654
7391.005371 0.000000 712.717224 0.000000 0.709095 0.000000 0.705113 0.201078 0.201078 0.201078
7396.830078 0.000000 712.740234 0.000000 0.846545 0.000000 -0.532318 0.220642 0.220642 0.220642
7191.191895 0.000000 836.671875 0.000000 0.434607 0.000000 0.900620 0.192162 0.192162 0.192162
7187.640625 0.000000 816.093018 0.000000 0.263441 0.000000 0.964676 0.193124 0.193124 0.193124
7202.932617 0.000000 901.342529 0.000000 0.990305 0.000000 0.138912 0.199085 0.199085 0.199085
7180.112305 0.000000 862.172363 0.000000 0.681752 0.000000 0.731583 0.194386 0.194386 0.194386
7415.794922 0.000000 803.787476 0.000000 0.977252 0.000000 -0.212083 0.204631 0.204631 0.204631
7453.291016 0.000000 720.155029 0.000000 0.772828 0.000000 0.634616 0.199683 0.199683 0.199683
7424.712402 0.000000 696.033508 0.000000 0.549757 0.000000 0.835324 0.201574 0.201574 0.201574
7451.528320 0.000000 712.351685 0.000000 0.155959 0.000000 0.987764 0.203694 0.203694 0.203694
7482.270996 0.000000 686.146301 0.000000 0.218250 0.000000 0.975893 0.207185 0.207185 0.207185
7450.057129 0.000000 713.275635 0.000000 0.952898 0.000000 -0.303291 0.217958 0.217958 0.217958
7487.169434 0.000000 694.690186 0.000000 0.920606 0.000000 -0.390492 0.220468 0.220468 0.220468
7514.987305 0.000000 677.901306 0.000000 0.943058 0.000000 -0.332628 0.202311 0.202311 0.202311
7494.363770 0.000000 687.325134 0.000000 0.934508 0.000000 -0.355942 0.202544 0.202544 0.202544
7492.602051 0.000000 680.418335 0.000000 0.989963 0.000000 0.141329 0.204822 0.204822 0.204822
7510.020996 0.000000 679.132568 0.000000 0.975534 0.000000 0.219848 0.217965 0.217965 0.217965
7438.604980 0.000000 781.873840 0.000000 0.179244 0.000000 0.983805 0.190488 0.190488 0.190488
7499.616211 0.000000 763.638000 0.000000 0.981765 0.000000 0.190098 0.198677 0.198677 0.198677
7489.118652 0.000000 779.026978 0.000000 0.908068 0.000000 0.418823 0.202110 0.202110 0.202110
7520.330078 0.000000 788.594299 0.000000 0.971342 0.000000 -0.237687 0.204821 0.204821 0.204821
7511.105957 0.000000 755.533569 0.000000 0.960202 0.000000 -0.279306 0.211440 0.211440 0.211440
7505.493164 0.000000 778.269653 0.000000 0.932973 0.000000 -0.359947 0.208636 0.208636 0.208636
7491.099121 0.000000 760.998535 0.000000 0.282002 0.000000 0.959414 0.198276 0.198276 0.198276
7553.654297 0.000000 748.655029 0.000000 0.915773 0.000000 -0.401695 0.213030 0.213030 0.213030
7495.213379 0.000000 828.981323 0.000000 0.661067 0.000000 0.750326 0.194111 0.194111 0.194111
7501.612305 0.000000 793.909851 0.000000 0.810152 0.000000 0.586220 0.199072 0.199072 0.199072
7535.868652 0.000000 895.676575 0.000000 0.989609 0.000000 -0.143783 0.200965 0.200965 0.200965
7514.987305 0.000000 847.354431 0.000000 0.880933 0.000000 0.473241 0.196628 0.196628 0.196628
7540.463867 0.000000 862.347473 0.000000 0.986964 0.000000 0.160940 0.198902 0.198902 0.198902
7518.961914 0.000000 848.226929 0.000000 0.527146 0.000000 0.849775 0.193053 0.193053 0.193053
7574.782715 0.000000 798.084595 0.000000 0.947080 0.000000 0.320999 0.199621 0.199621 0.199621
7575.068359 0.000000 795.292419 0.000000 0.974021 0.000000 -0.226460 0.204167 0.204167 0.204167
7569.260254 0.000000 873.722778 0.000000 0.999897 0.000000 -0.014339 0.200095 0.200095 0.200095
7587.104004 0.000000 855.807739 0.000000 0.003971 0.000000 0.999992 0.189439 0.189439 0.189439
7577.661133 0.000000 850.331848 0.000000 0.032172 0.000000 0.999482 0.189590 0.189590 0.189590
6711.794922 0.000000 973.240601 0.000000 0.998891 0.000000 -0.047084 0.209609 0.209609 0.209609
6706.709961 0.000000 974.324219 0.000000 0.981181 0.000000 -0.193090 0.211890 0.211890 0.211890
6813.291016 0.000000 1002.576904 0.000000 0.963844 0.000000 -0.266467 0.205037 0.205037 0.205037
6811.673340 0.000000 1013.007690 0.000000 0.999275 0.000000 0.038072 0.203922 0.203922 0.203922
6859.941895 0.000000 1002.038391 0.000000 0.802625 0.000000 0.596484 0.195740 0.195740 0.195740
6755.217285 0.000000 1027.557251 0.000000 0.640837 0.000000 0.767677 0.204530 0.204530 0.204530
6802.190430 0.000000 1026.240967 0.000000 0.123511 0.000000 0.992343 0.190174 0.190174 0.190174
6848.936035 0.000000 1039.328247 0.000000 0.811666 0.000000 0.584122 0.195686 0.195686 0.195686
6859.263184 0.000000 1053.281128 0.000000 0.999256 0.000000 0.038572 0.203918 0.203918 0.203918
6897.031738 0.000000 1119.541626 0.000000 0.043691 0.000000 0.999045 0.194952 0.194952 0.194952
6893.465820 0.000000 1117.499023 0.000000 0.950197 0.000000 -0.311650 0.208827 0.208827 0.208827
7115.616211 0.000000 933.091125 0.000000 0.125938 0.000000 0.992038 0.189902 0.189902 0.189902
7124.984863 0.000000 940.947998 0.000000 0.178705 0.000000 0.983903 0.190380 0.190380 0.190380
7101.738281 0.000000 988.483521 0.000000 0.988193 0.000000 -0.153212 0.201075 0.201075 0.201075
6926.604980 0.000000 1064.295776 0.000000 0.992361 0.000000 -0.123369 0.200855 0.200855 0.200855
7006.608887 0.000000 1078.742798 0.000000 0.945522 0.000000 0.325559 0.197723 0.197723 0.197723
7130.709961 0.000000 1110.243042 0.000000 0.999632 0.000000 -0.027115 0.200177 0.200177 0.200177
6946.111328 0.000000 1161.302734 0.000000 0.987282 0.000000 0.158977 0.198884 0.198884 0.198884
6973.382324 0.000000 1159.989868 0.000000 0.992953 0.000000 -0.118505 0.209034 0.209034 0.209034
6955.311523 0.000000 1154.835327 0.000000 0.013914 0.000000 0.999903 0.195704 0.195704 0.195704
6989.099609 0.000000 1149.464111 0.000000 0.521065 0.000000 0.853517 0.192979 0.192979 0.192979
6985.795410 0.000000 1129.711914 0.000000 0.811578 0.000000 0.584244 0.196961 0.196961 0.196961
7022.693848 0.000000 1161.746094 0.000000 0.245416 0.000000 0.969418 0.191989 0.191989 0.191989
6979.099121 0.000000 1156.389160 0.000000 0.113512 0.000000 0.993537 0.196464 0.196464 0.196464
7081.064941 0.000000 1181.393066 0.000000 0.599908 0.000000 0.800069 0.193725 0.193725 0.193725
7167.586426 0.000000 1183.122070 0.000000 0.915250 0.000000 -0.402887 0.202712 0.202712 0.202712
7164.832520 0.000000 1218.493652 0.000000 0.817072 0.000000 0.576535 0.195843 0.195843 0.195843
7294.270020 0.000000 964.665771 0.000000 0.996091 0.000000 0.088335 0.199415 0.199415 0.199415
7204.276367 0.000000 1106.449829 0.000000 0.976568 0.000000 -0.215209 0.201413 0.201413 0.201413
7352.630371 0.000000 1070.173706 0.000000 0.935823 0.000000 -0.352471 0.210307 0.210307 0.210307
7390.961914 0.000000 1017.680054 0.000000 0.346705 0.000000 0.937974 0.191525 0.191525 0.191525
7412.706543 0.000000 1073.034058 0.000000 0.999542 0.000000 -0.030262 0.207232 0.207232 0.207232
7364.248535 0.000000 1038.018677 0.000000 0.448971 0.000000 0.893547 0.195069 0.195069 0.195069
7329.641602 0.000000 1091.281738 0.000000 0.612756 0.000000 0.790272 0.199067 0.199067 0.199067
7310.401855 0.000000 1114.898926 0.000000 0.045471 0.000000 0.998966 0.193004 0.193004 0.193004
7359.273438 0.000000 1084.594238 0.000000 0.942496 0.000000 -0.334219 0.211887 0.211887 0.211887
7351.867676 0.000000 1120.434814 0.000000 0.010548 0.000000 0.999944 0.193725 0.193725 0.193725
7359.825195 0.000000 1086.455811 0.000000 0.165029 0.000000 0.986289 0.198839 0.198839 0.198839
7384.572266 0.000000 1112.667480 0.000000 0.942695 0.000000 0.333656 0.197707 0.197707 0.197707
7412.657715 0.000000 1073.239258 0.000000 0.997685 0.000000 -0.068011 0.207518 0.207518 0.207518
7362.069824 0.000000 1098.024780 0.000000 0.806558 0.000000 0.591155 0.205928 0.205928 0.205928
7417.360352 0.000000 1084.459839 0.000000 0.836455 0.000000 0.548036 0.204211 0.204211 0.204211
7375.799805 0.000000 1116.266968 0.000000 0.954836 0.000000 -0.297132 0.215606 0.215606 0.215606
7539.402344 0.000000 957.717224 0.000000 0.998672 0.000000 0.051523 0.199651 0.199651 0.199651
7554.396484 0.000000 905.612122 0.000000 0.873261 0.000000 -0.487252 0.203265 0.203265 0.203265
7192.572266 0.000000 1225.636230 0.000000 0.812611 0.000000 0.582806 0.195760 0.195760 0.195760
7349.101074 0.000000 1175.013062 0.000000 0.315676 0.000000 0.948867 0.200553 0.200553 0.200553
7398.824707 0.000000 1134.925415 0.000000 0.952254 0.000000 0.305307 0.198100 0.198100 0.198100
7379.236816 0.000000 1141.010620 0.000000 0.382311 0.000000 0.924034 0.199091 0.199091 0.199091
7402.440430 0.000000 1145.896484 0.000000 0.991501 0.000000 -0.130102 0.210256 0.210256 0.210256
7376.278320 0.000000 1143.243286 0.000000 0.656791 0.000000 0.754073 0.206775 0.206775 0.206775
7364.679688 0.000000 1182.302490 0.000000 0.940193 0.000000 0.340643 0.210353 0.210353 0.210353
7403.071777 0.000000 1140.265991 0.000000 0.924603 0.000000 -0.380932 0.219801 0.219801 0.219801
7401.262207 0.000000 1143.025146 0.000000 0.699580 0.000000 0.714554 0.210379 0.210379 0.210379
7401.963379 0.000000 1137.216797 0.000000 0.975488 0.000000 -0.220055 0.217815 0.217815 0.217815
7396.830078 0.000000 1164.615234 0.000000 0.998896 0.000000 0.046966 0.213343 0.213343 0.213343
7346.750488 0.000000 1226.725098 0.000000 0.475846 0.000000 0.879528 0.203453 0.203453 0.203453
7338.440430 0.000000 1202.380859 0.000000 0.293615 0.000000 0.955924 0.199871 0.199871 0.199871
7359.825195 0.000000 1199.424561 0.000000 0.844800 0.000000 0.535083 0.208065 0.208065 0.208065
7336.388184 0.000000 1236.173462 0.000000 0.903776 0.000000 0.428005 0.207970 0.207970 0.207970
7346.425293 0.000000 1244.810669 0.000000 0.967098 0.000000 -0.254404 0.215246 0.215246 0.215246
4099.820801 0.000000 2499.117920 0.000000 0.998902 0.000000 -0.046847 0.200321 0.200321 0.200321
4106.235840 0.000000 2528.996826 0.000000 0.990584 0.000000 0.136909 0.199040 0.199040 0.199040
4134.337891 0.000000 2555.532959 0.000000 0.855589 0.000000 0.517655 0.196458 0.196458 0.196458
4140.352051 0.000000 2559.057861 0.000000 0.999326 0.000000 -0.036701 0.200252 0.200252 0.200252
4124.928223 0.000000 2559.677002 0.000000 0.010342 0.000000 0.999947 0.190788 0.190788 0.190788
4120.535645 0.000000 2558.151855 0.000000 0.544973 0.000000 0.838453 0.195356 0.195356 0.195356
4115.362793 0.000000 2569.784668 0.000000 0.853033 0.000000 0.521857 0.201776 0.201776 0.201776
4122.245605 0.000000 2560.308838 0.000000 0.690145 0.000000 0.723671 0.197215 0.197215 0.197215
4096.712402 0.000000 2560.017822 0.000000 0.858810 0.000000 0.512295 0.201860 0.201860 0.201860
4221.738281 0.000000 2626.530518 0.000000 0.792254 0.000000 0.610191 0.197262 0.197262 0.197262
4216.346680 0.000000 2620.482178 0.000000 0.918529 0.000000 -0.395354 0.204292 0.204292 0.204292
4236.526855 0.000000 2621.327148 0.000000 0.712423 0.000000 0.701750 0.194601 0.194601 0.194601
4230.395508 0.000000 2628.336914 0.000000 0.999186 0.000000 -0.040336 0.201126 0.201126 0.201126
4236.721191 0.000000 2636.606201 0.000000 0.965353 0.000000 -0.260946 0.204423 0.204423 0.204423
4234.329590 0.000000 2622.985840 0.000000 0.929444 0.000000 0.368964 0.197368 0.197368 0.197368
4234.235840 0.000000 2641.965576 0.000000 0.966376 0.000000 -0.257132 0.205539 0.205539 0.205539
4238.401855 0.000000 2639.977051 0.000000 0.900351 0.000000 0.435165 0.199277 0.199277 0.199277
4243.253418 0.000000 2645.867920 0.000000 0.916230 0.000000 0.400653 0.200634 0.200634 0.200634
4351.958008 0.000000 2619.180176 0.000000 0.512541 0.000000 0.858663 0.193374 0.193374 0.193374
4343.107910 0.000000 2643.482666 0.000000 0.938444 0.000000 -0.345431 0.202298 0.202298 0.202298
4275.914062 0.000000 2660.553955 0.000000 0.992593 0.000000 -0.121485 0.204530 0.204530 0.204530
4321.412109 0.000000 2669.722656 0.000000 0.893799 0.000000 0.448467 0.199170 0.199170 0.199170
4326.385742 0.000000 2671.610596 0.000000 0.762029 0.000000 0.647543 0.197446 0.197446 0.197446
4316.928223 0.000000 2672.645752 0.000000 0.824333 0.000000 0.566105 0.199251 0.199251 0.199251
4312.535645 0.000000 2671.120605 0.000000 0.913428 0.000000 0.407001 0.200042 0.200042 0.200042
4324.550293 0.000000 2685.559570 0.000000 0.151419 0.000000 0.988470 0.196261 0.196261 0.196261
4342.180664 0.000000 2678.615723 0.000000 0.498672 0.000000 0.866791 0.196503 0.196503 0.196503
4319.888672 0.000000 2676.309814 0.000000 0.998676 0.000000 0.051433 0.204382 0.204382 0.204382
4324.916016 0.000000 2682.828125 0.000000 0.582002 0.000000 0.813187 0.198781 0.198781 0.198781
4369.256836 0.000000 2632.996094 0.000000 0.695632 0.000000 0.718399 0.194737 0.194737 0.194737
4361.063965 0.000000 2628.743164 0.000000 0.893120 0.000000 0.449818 0.196948 0.196948 0.196948
4352.163086 0.000000 2633.027832 0.000000 0.906416 0.000000 -0.422386 0.202874 0.202874 0.202874
4400.647949 0.000000 2638.757080 0.000000 0.319209 0.000000 0.947684 0.191726 0.191726 0.191726
4399.868652 0.000000 2646.692139 0.000000 0.983922 0.000000 0.178598 0.198790 0.198790 0.198790
4369.939453 0.000000 2640.076904 0.000000 0.927818 0.000000 -0.373033 0.202548 0.202548 0.202548
4396.376953 0.000000 2644.548828 0.000000 0.867396 0.000000 0.497619 0.196515 0.196515 0.196515
4439.371094 0.000000 2641.295166 0.000000 0.497567 0.000000 0.867426 0.192975 0.192975 0.192975
4445.392090 0.000000 2642.954590 0.000000 0.873188 0.000000 -0.487384 0.203432 0.203432 0.203432
4378.987305 0.000000 2654.854492 0.000000 0.396124 0.000000 0.918197 0.192041 0.192041 0.192041
4412.832520 0.000000 2687.087402 0.000000 0.891498 0.000000 -0.453024 0.203240 0.203240 0.203240
4356.948730 0.000000 2654.880615 0.000000 0.613999 0.000000 0.789307 0.193777 0.193777 0.193777
4369.664551 0.000000 2661.421631 0.000000 0.555466 0.000000 0.831540 0.193210 0.193210 0.193210
4408.473633 0.000000 2662.896484 0.000000 0.155847 0.000000 0.987781 0.190184 0.190184 0.190184
4410.561523 0.000000 2686.524902 0.000000 0.700681 0.000000 0.713474 0.198370 0.198370 0.198370
4871.671387 0.000000 2510.168945 0.000000 0.817067 0.000000 0.576542 0.196073 0.196073 0.196073
4873.203613 0.000000 2521.013184 0.000000 0.620583 0.000000 0.784141 0.194172 0.194172 0.194172
5079.890625 0.000000 2504.370117 0.000000 0.783305 0.000000 0.621637 0.195679 0.195679 0.195679
5056.894531 0.000000 2685.065674 0.000000 0.934845 0.000000 0.355057 0.197535 0.197535 0.197535
5168.023926 0.000000 2481.363037 0.000000 0.816500 0.000000 0.577345 0.195867 0.195867 0.195867
5154.111328 0.000000 2516.927734 0.000000 0.756736 0.000000 0.653721 0.195019 0.195019 0.195019
5175.794922 0.000000 2498.318604 0.000000 0.408494 0.000000 0.912761 0.196775 0.196775 0.196775
5180.008301 0.000000 2640.558350 0.000000 0.738756 0.000000 0.673974 0.200877 0.200877 0.200877
5180.034180 0.000000 2646.104492 0.000000 0.957228 0.000000 -0.289334 0.209225 0.209225 0.209225
5159.299805 0.000000 2701.145020 0.000000 0.906521 0.000000 -0.422160 0.203014 0.203014 0.203014
5182.948242 0.000000 2656.919678 0.000000 0.962127 0.000000 -0.272600 0.209666 0.209666 0.209666
5166.782227 0.000000 2696.829834 0.000000 0.558407 0.000000 0.829567 0.194956 0.194956 0.194956
5179.739258 0.000000 2659.272217 0.000000 0.257059 0.000000 0.966396 0.197578 0.197578 0.197578
5174.385254 0.000000 2658.674561 0.000000 0.384003 0.000000 0.923332 0.198094 0.198094 0.198094
5180.727539 0.000000 2657.260010 0.000000 0.721187 0.000000 0.692741 0.201734 0.201734 0.201734
5158.962402 0.000000 2698.945557 0.000000 0.837604 0.000000 0.546278 0.204227 0.204227 0.204227
5154.508301 0.000000 2701.331299 0.000000 0.717586 0.000000 0.696469 0.202218 0.202218 0.202218
5162.281250 0.000000 2696.977295 0.000000 0.593589 0.000000 0.804769 0.201472 0.201472 0.201472
5179.529785 0.000000 2655.412598 0.000000 0.997909 0.000000 -0.064628 0.208056 0.208056 0.208056
5163.407227 0.000000 2698.993652 0.000000 0.286698 0.000000 0.958021 0.196811 0.196811 0.196811
5191.408691 0.000000 2672.603027 0.000000 0.775120 0.000000 0.631814 0.195476 0.195476 0.195476
5203.894531 0.000000 2662.537354 0.000000 0.389151 0.000000 0.921174 0.195605 0.195605 0.195605
5197.487793 0.000000 2664.782227 0.000000 0.535295 0.000000 0.844665 0.197845 0.197845 0.197845
5190.475098 0.000000 2669.356201 0.000000 0.981822 0.000000 -0.189806 0.207311 0.207311 0.207311
5186.069824 0.000000 2679.587402 0.000000 0.916329 0.000000 -0.400426 0.208963 0.208963 0.208963
5184.712402 0.000000 2672.986572 0.000000 0.920579 0.000000 0.390557 0.203423 0.203423 0.203423
5185.654297 0.000000 2669.123779 0.000000 0.953912 0.000000 0.300086 0.204149 0.204149 0.204149
5544.974609 0.000000 2666.287109 0.000000 0.046003 0.000000 0.998941 0.189798 0.189798 0.189798
5089.491699 0.000000 2717.145264 0.000000 0.918677 0.000000 0.395009 0.198511 0.198511 0.198511
5089.412109 0.000000 2726.207031 0.000000 0.906396 0.000000 -0.422429 0.205663 0.205663 0.205663
5112.742188 0.000000 2741.143799 0.000000 0.460054 0.000000 0.887891 0.198220 0.198220 0.198220
5079.348633 0.000000 2764.248535 0.000000 0.610492 0.000000 0.792023 0.199564 0.199564 0.199564
5112.096680 0.000000 2738.894043 0.000000 0.009730 0.000000 0.999953 0.194696 0.194696 0.194696
5032.179688 0.000000 2795.918945 0.000000 0.231176 0.000000 0.972912 0.198370 0.198370 0.198370
5032.567383 0.000000 2802.417725 0.000000 0.939905 0.000000 0.341435 0.207085 0.207085 0.207085
5072.244141 0.000000 2796.932129 0.000000 0.039085 0.000000 0.999236 0.189446 0.189446 0.189446
5145.661133 0.000000 2714.316162 0.000000 0.999049 0.000000 0.043605 0.199702 0.199702 0.199702
5137.219727 0.000000 2722.708740 0.000000 0.994761 0.000000 -0.102232 0.208343 0.208343 0.208343
5124.166992 0.000000 2760.014648 0.000000 0.826508 0.000000 0.562926 0.205138 0.205138 0.205138
5126.507812 0.000000 2819.825439 0.000000 0.725433 0.000000 0.688293 0.194864 0.194864 0.194864
5144.332520 0.000000 2859.423096 0.000000 0.029866 0.000000 0.999554 0.205554 0.205554 0.205554
5149.614258 0.000000 2855.946777 0.000000 0.847968 0.000000 0.530048 0.211846 0.211846 0.211846
5146.057129 0.000000 2859.681885 0.000000 0.463617 0.000000 0.886036 0.209432 0.209432 0.209432
5220.550293 0.000000 2911.497070 0.000000 0.150211 0.000000 0.988654 0.195757 0.195757 0.195757
5227.960938 0.000000 2902.805420 0.000000 0.499779 0.000000 0.866153 0.207241 0.207241 0.207241
5218.177734 0.000000 2907.636230 0.000000 0.730913 0.000000 0.682470 0.210757 0.210757 0.210757
5203.070801 0.000000 2924.071045 0.000000 0.908815 0.000000 -0.417199 0.218389 0.218389 0.218389
5486.782227 0.000000 2866.282959 0.000000 0.279460 0.000000 0.960157 0.196754 0.196754 0.196754
5485.537598 0.000000 2864.608398 0.000000 0.867436 0.000000 -0.497550 0.213868 0.213868 0.213868
5547.095215 0.000000 2895.021729 0.000000 0.879570 0.000000 -0.475769 0.209008 0.209008 0.209008
5558.385254 0.000000 2884.612061 0.000000 0.977194 0.000000 0.212348 0.201530 0.201530 0.201530
5696.090332 0.000000 2883.998779 0.000000 0.986383 0.000000 0.164467 0.200225 0.200225 0.200225
6394.462402 0.000000 2389.413818 0.000000 0.858006 0.000000 0.513640 0.196310 0.196310 0.196310
6397.032715 0.000000 2394.531738 0.000000 0.169689 0.000000 0.985498 0.190456 0.190456 0.190456
6463.697754 0.000000 2360.583496 0.000000 0.958622 0.000000 -0.284681 0.207468 0.207468 0.207468
6462.994629 0.000000 2363.483154 0.000000 0.993841 0.000000 0.110819 0.204497 0.204497 0.204497
6449.129395 0.000000 2366.265381 0.000000 0.717185 0.000000 0.696882 0.198016 0.198016 0.198016
6427.203125 0.000000 2355.177002 0.000000 0.995250 0.000000 0.097353 0.202374 0.202374 0.202374
6456.096680 0.000000 2343.503418 0.000000 0.341811 0.000000 0.939769 0.197751 0.197751 0.197751
6449.424316 0.000000 2354.275879 0.000000 0.995152 0.000000 -0.098347 0.205490 0.205490 0.205490
6459.003418 0.000000 2361.869141 0.000000 0.479578 0.000000 0.877499 0.197365 0.197365 0.197365
6452.316895 0.000000 2344.985352 0.000000 0.697273 0.000000 0.716805 0.200429 0.200429 0.200429
6511.447754 0.000000 2328.545166 0.000000 0.224950 0.000000 0.974370 0.190839 0.190839 0.190839
6466.552734 0.000000 2371.935547 0.000000 0.155040 0.000000 0.987908 0.194309 0.194309 0.194309
6465.118652 0.000000 2360.589600 0.000000 0.034014 0.000000 0.999421 0.194389 0.194389 0.194389
6480.382324 0.000000 2371.675781 0.000000 0.797416 0.000000 0.603430 0.201568 0.201568 0.201568
6483.253418 0.000000 2363.446045 0.000000 0.871630 0.000000 0.490164 0.203661 0.203661 0.203661
6466.269043 0.000000 2369.293213 0.000000 0.947238 0.000000 -0.320531 0.207747 0.207747 0.207747
6466.026855 0.000000 2364.485596 0.000000 0.909946 0.000000 0.414727 0.202144 0.202144 0.202144
6496.801270 0.000000 2344.174561 0.000000 0.792158 0.000000 0.610317 0.205739 0.205739 0.205739
6510.245605 0.000000 2335.781982 0.000000 0.905033 0.000000 0.425341 0.209611 0.209611 0.209611
6516.393066 0.000000 2338.252930 0.000000 0.955804 0.000000 -0.294004 0.216154 0.216154 0.216154
6524.473145 0.000000 2342.843506 0.000000 0.499720 0.000000 0.866187 0.204692 0.204692 0.204692
6523.262207 0.000000 2337.995361 0.000000 0.894835 0.000000 -0.446396 0.218073 0.218073 0.218073
6581.789062 0.000000 2359.303223 0.000000 0.604813 0.000000 0.796367 0.202614 0.202614 0.202614
6577.424316 0.000000 2354.275879 0.000000 0.998671 0.000000 -0.051529 0.210769 0.210769 0.210769
6564.916016 0.000000 2343.921875 0.000000 0.816439 0.000000 -0.577432 0.216966 0.216966 0.216966
6579.318359 0.000000 2349.500732 0.000000 0.901842 0.000000 -0.432065 0.214453 0.214453 0.214453
6594.026855 0.000000 2364.485596 0.000000 0.860983 0.000000 0.508634 0.204569 0.204569 0.204569
6416.186523 0.000000 2391.495117 0.000000 0.972189 0.000000 -0.234197 0.201635 0.201635 0.201635
6420.805176 0.000000 2372.411377 0.000000 0.741922 0.000000 0.670486 0.195118 0.195118 0.195118
6427.678223 0.000000 2377.357910 0.000000 0.970420 0.000000 0.241423 0.198567 0.198567 0.198567
6525.125000 0.000000 2424.822998 0.000000 0.902322 0.000000 -0.431062 0.205732 0.205732 0.205732
6527.976562 0.000000 2422.959229 0.000000 0.660753 0.000000 0.750604 0.196404 0.196404 0.196404
6526.390625 0.000000 2428.104248 0.000000 0.491632 0.000000 0.870803 0.194394 0.194394 0.194394
6477.612305 0.000000 2375.472412 0.000000 0.980137 0.000000 0.198320 0.204389 0.204389 0.204389
6598.475098 0.000000 2386.934326 0.000000 0.903928 0.000000 0.427685 0.202577 0.202577 0.202577
6633.322754 0.000000 2477.103760 0.000000 0.987877 0.000000 0.155236 0.198953 0.198953 0.198953
6636.376953 0.000000 2475.095703 0.000000 0.878764 0.000000 -0.477257 0.203341 0.203341 0.203341
6583.531250 0.000000 2495.916260 0.000000 0.862576 0.000000 0.505927 0.196517 0.196517 0.196517
"}
object={
	name="cypress_mediterranean_dense_generator_3_1"
	clamp_to_water_level=no
	render_under_water=no
	generated_content=yes
	layer="semidynamic_high"
	pdxmesh="tree_cypress_mediterranean_01_mesh"
	count=220
	transform="3942.535645 0.000000 2458.336182 0.000000 0.297382 0.000000 -0.954759 0.208395 0.208395 0.208395
3965.382568 0.000000 2459.130371 0.000000 0.791991 0.000000 -0.610533 0.218478 0.218478 0.218478
3939.217285 0.000000 2439.666748 0.000000 0.323298 0.000000 -0.946297 0.224448 0.224448 0.224448
3961.007568 0.000000 2474.488770 0.000000 0.341130 0.000000 -0.940016 0.225532 0.225532 0.225532
3933.096680 0.000000 2429.224365 0.000000 0.550778 0.000000 -0.834652 0.222369 0.222369 0.222369
3956.393066 0.000000 2451.221680 0.000000 0.435977 0.000000 -0.899958 0.222222 0.222222 0.222222
3955.561279 0.000000 2455.090088 0.000000 0.223190 0.000000 -0.974775 0.225301 0.225301 0.225301
3938.967773 0.000000 2463.570801 0.000000 0.634240 0.000000 -0.773136 0.218507 0.218507 0.218507
3943.147461 0.000000 2465.731445 0.000000 0.330024 0.000000 -0.943972 0.228111 0.228111 0.228111
3964.180420 0.000000 2462.930664 0.000000 0.806726 0.000000 -0.590926 0.218279 0.218279 0.218279
3956.072754 0.000000 2477.331299 0.000000 0.139591 0.000000 -0.990209 0.224110 0.224110 0.224110
3947.722900 0.000000 2484.151367 0.000000 0.585576 0.000000 -0.810617 0.226266 0.226266 0.226266
3947.765381 0.000000 2458.112305 0.000000 0.770352 0.000000 -0.637619 0.221726 0.221726 0.221726
3946.375244 0.000000 2460.371338 0.000000 0.481026 0.000000 -0.876706 0.224871 0.224871 0.224871
3966.675049 0.000000 2480.579346 0.000000 0.715147 0.000000 -0.698974 0.222414 0.222414 0.222414
3943.989502 0.000000 2454.731934 0.000000 0.463508 0.000000 -0.886093 0.225037 0.225037 0.225037
3968.144043 0.000000 2457.228271 0.000000 0.778344 0.000000 -0.627839 0.217471 0.217471 0.217471
3972.483887 0.000000 2458.576904 0.000000 0.745444 0.000000 -0.666568 0.217282 0.217282 0.217282
4064.544434 0.000000 2476.159668 0.000000 0.367780 0.000000 -0.929913 0.208318 0.208318 0.208318
3908.679688 0.000000 2537.927490 0.000000 0.304608 0.000000 -0.952478 0.225230 0.225230 0.225230
3948.016846 0.000000 2487.061035 0.000000 0.346336 0.000000 -0.938111 0.228584 0.228584 0.228584
3908.298828 0.000000 2541.210938 0.000000 0.766497 0.000000 -0.642247 0.239643 0.239643 0.239643
3901.240234 0.000000 2555.828125 0.000000 0.753431 0.000000 -0.657527 0.245228 0.245228 0.245228
3910.330566 0.000000 2553.893799 0.000000 0.134257 0.000000 -0.990947 0.209430 0.209430 0.209430
3917.642090 0.000000 2563.448486 0.000000 0.227486 0.000000 -0.973781 0.236541 0.236541 0.236541
3958.998291 0.000000 2559.099121 0.000000 0.431987 0.000000 -0.901880 0.238894 0.238894 0.238894
3929.632568 0.000000 2557.014404 0.000000 0.012081 0.000000 -0.999927 0.238514 0.238514 0.238514
3928.030273 0.000000 2555.102051 0.000000 0.745347 0.000000 -0.666677 0.230992 0.230992 0.230992
3925.918945 0.000000 2553.304199 0.000000 0.178536 0.000000 -0.983933 0.238888 0.238888 0.238888
3922.172363 0.000000 2566.944092 0.000000 0.676176 0.000000 -0.736740 0.241535 0.241535 0.241535
3927.062012 0.000000 2557.918457 0.000000 0.329625 0.000000 -0.944112 0.246188 0.246188 0.246188
3974.997070 0.000000 2525.569336 0.000000 0.416270 0.000000 -0.909241 0.215032 0.215032 0.215032
4090.637451 0.000000 2512.246094 0.000000 0.577909 0.000000 -0.816101 0.206987 0.206987 0.206987
4067.689941 0.000000 2536.914062 0.000000 0.687242 0.000000 -0.726429 0.209574 0.209574 0.209574
4086.158936 0.000000 2517.372314 0.000000 0.260510 0.000000 -0.965471 0.210701 0.210701 0.210701
4087.044922 0.000000 2524.400879 0.000000 0.631123 0.000000 -0.775683 0.208917 0.208917 0.208917
4034.026611 0.000000 2533.938721 0.000000 0.311791 0.000000 -0.950151 0.215877 0.215877 0.215877
4049.493164 0.000000 2529.285400 0.000000 0.516516 0.000000 -0.856278 0.217827 0.217827 0.217827
4081.031494 0.000000 2531.651123 0.000000 0.198859 0.000000 -0.980028 0.214886 0.214886 0.214886
4066.508057 0.000000 2531.878174 0.000000 0.717865 0.000000 -0.696182 0.212833 0.212833 0.212833
4056.641113 0.000000 2541.037109 0.000000 0.330728 0.000000 -0.943726 0.219432 0.219432 0.219432
3989.235596 0.000000 2561.657959 0.000000 0.695939 0.000000 -0.718100 0.206504 0.206504 0.206504
4020.080566 0.000000 2554.990479 0.000000 0.623612 0.000000 -0.781734 0.225858 0.225858 0.225858
4059.966309 0.000000 2551.409912 0.000000 0.768055 0.000000 -0.640384 0.217007 0.217007 0.217007
4075.060303 0.000000 2575.930420 0.000000 0.109781 0.000000 -0.993956 0.224982 0.224982 0.224982
4062.725830 0.000000 2545.389404 0.000000 0.010180 0.000000 -0.999948 0.221984 0.221984 0.221984
6809.283691 0.000000 699.430237 0.000000 0.798624 0.000000 -0.601830 0.205995 0.205995 0.205995
6842.504395 0.000000 758.055725 0.000000 0.722402 0.000000 -0.691474 0.205280 0.205280 0.205280
6720.009766 0.000000 832.973755 0.000000 0.191750 0.000000 -0.981444 0.209288 0.209288 0.209288
6704.746582 0.000000 850.503296 0.000000 0.635950 0.000000 -0.771730 0.206008 0.206008 0.206008
6692.952637 0.000000 887.742554 0.000000 0.658784 0.000000 -0.752333 0.208058 0.208058 0.208058
6972.832520 0.000000 766.618652 0.000000 0.666205 0.000000 -0.745769 0.205695 0.205695 0.205695
6954.281250 0.000000 776.508606 0.000000 0.291061 0.000000 -0.956705 0.216040 0.216040 0.216040
7003.528320 0.000000 768.836060 0.000000 0.563589 0.000000 -0.826056 0.220422 0.220422 0.220422
7004.720215 0.000000 774.806030 0.000000 0.705686 0.000000 -0.708525 0.218339 0.218339 0.218339
7025.909180 0.000000 766.138184 0.000000 0.392958 0.000000 -0.919556 0.224454 0.224454 0.224454
7044.189941 0.000000 779.460144 0.000000 0.772495 0.000000 -0.635020 0.220511 0.220511 0.220511
7047.260254 0.000000 780.901306 0.000000 0.568008 0.000000 -0.823023 0.222805 0.222805 0.222805
7132.838379 0.000000 759.364258 0.000000 0.713318 0.000000 -0.700841 0.213479 0.213479 0.213479
7136.607910 0.000000 773.387512 0.000000 0.684974 0.000000 -0.728568 0.217372 0.217372 0.217372
7112.309570 0.000000 763.090149 0.000000 0.325402 0.000000 -0.945576 0.223810 0.223810 0.223810
7419.993164 0.000000 468.418579 0.000000 0.427665 0.000000 -0.903937 0.229679 0.229679 0.229679
7417.187988 0.000000 483.360382 0.000000 0.345437 0.000000 -0.938442 0.262953 0.262953 0.262953
7414.683594 0.000000 482.436829 0.000000 0.476725 0.000000 -0.879053 0.261304 0.261304 0.261304
7417.471191 0.000000 468.214264 0.000000 0.515301 0.000000 -0.857009 0.262033 0.262033 0.262033
7402.135254 0.000000 512.858826 0.000000 0.514460 0.000000 -0.857514 0.238624 0.238624 0.238624
7346.908203 0.000000 603.609619 0.000000 0.796897 0.000000 -0.604115 0.238568 0.238568 0.238568
7319.955566 0.000000 598.634338 0.000000 0.059558 0.000000 -0.998225 0.247659 0.247659 0.247659
7350.203613 0.000000 605.174194 0.000000 0.773751 0.000000 -0.633490 0.238338 0.238338 0.238338
7358.871094 0.000000 608.354248 0.000000 0.626182 0.000000 -0.779677 0.239759 0.239759 0.239759
7331.429199 0.000000 615.014771 0.000000 0.241089 0.000000 -0.970503 0.243328 0.243328 0.243328
7388.899902 0.000000 616.392456 0.000000 0.717195 0.000000 -0.696873 0.236764 0.236764 0.236764
7382.444824 0.000000 616.542542 0.000000 0.454274 0.000000 -0.890862 0.239894 0.239894 0.239894
7363.093750 0.000000 594.913757 0.000000 0.721359 0.000000 -0.692561 0.240309 0.240309 0.240309
7361.993652 0.000000 588.293762 0.000000 0.692787 0.000000 -0.721142 0.241913 0.241913 0.241913
7328.284180 0.000000 663.516846 0.000000 0.560353 0.000000 -0.828254 0.232617 0.232617 0.232617
7379.881836 0.000000 659.865662 0.000000 0.807772 0.000000 -0.589495 0.228314 0.228314 0.228314
7396.813477 0.000000 638.482361 0.000000 0.285291 0.000000 -0.958441 0.238501 0.238501 0.238501
7408.395508 0.000000 653.659119 0.000000 0.295392 0.000000 -0.955376 0.235903 0.235903 0.235903
7370.378418 0.000000 633.189514 0.000000 0.266222 0.000000 -0.963912 0.239939 0.239939 0.239939
7460.099609 0.000000 490.192780 0.000000 0.341487 0.000000 -0.939887 0.228008 0.228008 0.228008
7466.913086 0.000000 505.875214 0.000000 0.276829 0.000000 -0.960919 0.257453 0.257453 0.257453
7455.834473 0.000000 510.512909 0.000000 0.441427 0.000000 -0.897297 0.256153 0.256153 0.256153
7468.345703 0.000000 519.075928 0.000000 0.587846 0.000000 -0.808973 0.253056 0.253056 0.253056
7436.080078 0.000000 596.132568 0.000000 0.739013 0.000000 -0.673692 0.216168 0.216168 0.216168
7456.293457 0.000000 613.851196 0.000000 0.199835 0.000000 -0.979830 0.242472 0.242472 0.242472
7461.577148 0.000000 613.012329 0.000000 0.348941 0.000000 -0.937145 0.240992 0.240992 0.240992
7429.850586 0.000000 582.622192 0.000000 0.487030 0.000000 -0.873385 0.245085 0.245085 0.245085
7484.727539 0.000000 623.822632 0.000000 0.792547 0.000000 -0.609811 0.214331 0.214331 0.214331
7461.379395 0.000000 658.214783 0.000000 0.131246 0.000000 -0.991350 0.236164 0.236164 0.236164
7468.442383 0.000000 627.840881 0.000000 0.640780 0.000000 -0.767725 0.235337 0.235337 0.235337
7480.427734 0.000000 673.199097 0.000000 0.190983 0.000000 -0.981593 0.233103 0.233103 0.233103
7457.699219 0.000000 634.758362 0.000000 0.214213 0.000000 -0.976787 0.239182 0.239182 0.239182
7486.905762 0.000000 627.138489 0.000000 0.568593 0.000000 -0.822619 0.236183 0.236183 0.236183
7502.057129 0.000000 673.164001 0.000000 0.413701 0.000000 -0.910413 0.231047 0.231047 0.231047
7511.599609 0.000000 675.883301 0.000000 0.742241 0.000000 -0.670133 0.226854 0.226854 0.226854
7211.722656 0.000000 733.135742 0.000000 0.388173 0.000000 -0.921587 0.223880 0.223880 0.223880
7193.034668 0.000000 709.759033 0.000000 0.466169 0.000000 -0.884696 0.226851 0.226851 0.226851
7172.140625 0.000000 719.380371 0.000000 0.651383 0.000000 -0.758749 0.223744 0.223744 0.223744
7289.814453 0.000000 696.654968 0.000000 0.744190 0.000000 -0.667968 0.225040 0.225040 0.225040
7198.608887 0.000000 739.836548 0.000000 0.194842 0.000000 -0.980835 0.209938 0.209938 0.209938
7174.070312 0.000000 741.336853 0.000000 0.692649 0.000000 -0.721275 0.212505 0.212505 0.212505
7249.493164 0.000000 778.269653 0.000000 0.358713 0.000000 -0.933448 0.217350 0.217350 0.217350
7251.236816 0.000000 745.619934 0.000000 0.035202 0.000000 -0.999380 0.225587 0.225587 0.225587
7323.528320 0.000000 712.351685 0.000000 0.215258 0.000000 -0.976557 0.227870 0.227870 0.227870
7308.062012 0.000000 699.117920 0.000000 0.267170 0.000000 -0.963650 0.229293 0.229293 0.229293
7311.824707 0.000000 701.259155 0.000000 0.396766 0.000000 -0.917920 0.228121 0.228121 0.228121
7309.642090 0.000000 699.464172 0.000000 0.572993 0.000000 -0.819560 0.226397 0.226397 0.226397
7422.948242 0.000000 679.966614 0.000000 0.322686 0.000000 -0.946506 0.214555 0.214555 0.214555
7396.099609 0.000000 716.130310 0.000000 0.417492 0.000000 -0.908681 0.224848 0.224848 0.224848
7405.431152 0.000000 681.864197 0.000000 0.684787 0.000000 -0.728743 0.220969 0.220969 0.220969
7395.619629 0.000000 719.719360 0.000000 0.533276 0.000000 -0.845941 0.223148 0.223148 0.223148
7418.082520 0.000000 682.036987 0.000000 0.288344 0.000000 -0.957527 0.231599 0.231599 0.231599
7212.127930 0.000000 818.222534 0.000000 0.530427 0.000000 -0.847731 0.209204 0.209204 0.209204
7256.572266 0.000000 830.245605 0.000000 0.807008 0.000000 -0.590541 0.204258 0.204258 0.204258
7440.098633 0.000000 687.572021 0.000000 0.492850 0.000000 -0.870114 0.214994 0.214994 0.214994
7476.393066 0.000000 700.206116 0.000000 0.676204 0.000000 -0.736714 0.223466 0.223466 0.223466
7483.993164 0.000000 694.356079 0.000000 0.582371 0.000000 -0.812923 0.225693 0.225693 0.225693
7466.135254 0.000000 682.311951 0.000000 0.614497 0.000000 -0.788919 0.227167 0.227167 0.227167
7514.122559 0.000000 745.105286 0.000000 0.160849 0.000000 -0.986979 0.209112 0.209112 0.209112
7558.953125 0.000000 769.907104 0.000000 0.398837 0.000000 -0.917022 0.215789 0.215789 0.215789
7482.462402 0.000000 807.851318 0.000000 0.311455 0.000000 -0.950261 0.208547 0.208547 0.208547
7484.727539 0.000000 793.275757 0.000000 0.036118 0.000000 -0.999348 0.214838 0.214838 0.214838
7546.631836 0.000000 825.917664 0.000000 0.405374 0.000000 -0.914151 0.207890 0.207890 0.207890
7522.015137 0.000000 867.761169 0.000000 0.354166 0.000000 -0.935183 0.207997 0.207997 0.207997
7525.098633 0.000000 890.136597 0.000000 0.166051 0.000000 -0.986117 0.209324 0.209324 0.209324
7568.716797 0.000000 822.879089 0.000000 0.731335 0.000000 -0.682019 0.205228 0.205228 0.205228
7580.928223 0.000000 808.661316 0.000000 0.002784 0.000000 -0.999996 0.211926 0.211926 0.211926
7578.709961 0.000000 884.305542 0.000000 0.505184 0.000000 -0.863011 0.206836 0.206836 0.206836
6702.880859 0.000000 954.285583 0.000000 0.800742 0.000000 -0.599010 0.213636 0.213636 0.213636
6717.292480 0.000000 972.793335 0.000000 0.480613 0.000000 -0.876933 0.206968 0.206968 0.206968
6713.360352 0.000000 971.491028 0.000000 0.435044 0.000000 -0.900409 0.217938 0.217938 0.217938
6841.384766 0.000000 960.001770 0.000000 0.503140 0.000000 -0.864205 0.207165 0.207165 0.207165
6779.100586 0.000000 1026.811523 0.000000 0.462409 0.000000 -0.886667 0.207402 0.207402 0.207402
6911.976562 0.000000 1067.334106 0.000000 0.168581 0.000000 -0.985688 0.209796 0.209796 0.209796
6891.690430 0.000000 1076.767090 0.000000 0.705616 0.000000 -0.708595 0.208791 0.208791 0.208791
6894.671387 0.000000 1119.657593 0.000000 0.254307 0.000000 -0.967123 0.216328 0.216328 0.216328
6888.284180 0.000000 1111.669678 0.000000 0.736556 0.000000 -0.676377 0.212032 0.212032 0.212032
6991.272949 0.000000 925.668579 0.000000 0.656504 0.000000 -0.754323 0.205505 0.205505 0.205505
6970.511719 0.000000 980.744385 0.000000 0.779013 0.000000 -0.627008 0.204433 0.204433 0.204433
6954.009766 0.000000 1015.171021 0.000000 0.726389 0.000000 -0.687283 0.204956 0.204956 0.204956
7161.910645 0.000000 951.701050 0.000000 0.196571 0.000000 -0.980489 0.209186 0.209186 0.209186
6930.230469 0.000000 1054.754272 0.000000 0.089709 0.000000 -0.995968 0.210131 0.210131 0.210131
6945.910645 0.000000 1115.526001 0.000000 0.673173 0.000000 -0.739485 0.205777 0.205777 0.205777
6945.412109 0.000000 1088.160278 0.000000 0.255157 0.000000 -0.966900 0.209144 0.209144 0.209144
6926.389160 0.000000 1106.587891 0.000000 0.632955 0.000000 -0.774188 0.208900 0.208900 0.208900
7069.422852 0.000000 1111.755005 0.000000 0.567116 0.000000 -0.823638 0.206596 0.206596 0.206596
7050.072266 0.000000 1129.375122 0.000000 0.471634 0.000000 -0.881794 0.207439 0.207439 0.207439
6966.180664 0.000000 1153.537720 0.000000 0.787353 0.000000 -0.616503 0.208488 0.208488 0.208488
6952.179688 0.000000 1157.872192 0.000000 0.748157 0.000000 -0.663521 0.213684 0.213684 0.213684
7020.051758 0.000000 1161.781860 0.000000 0.070002 0.000000 -0.997547 0.212706 0.212706 0.212706
7135.453613 0.000000 1146.417603 0.000000 0.407553 0.000000 -0.913182 0.207356 0.207356 0.207356
7121.256836 0.000000 1164.402344 0.000000 0.219189 0.000000 -0.975682 0.208829 0.208829 0.208829
7070.952637 0.000000 1205.684204 0.000000 0.349005 0.000000 -0.937121 0.208397 0.208397 0.208397
7074.111328 0.000000 1217.787109 0.000000 0.667335 0.000000 -0.744758 0.205852 0.205852 0.205852
7312.716797 0.000000 1048.816528 0.000000 0.705500 0.000000 -0.708710 0.208196 0.208196 0.208196
7398.824707 0.000000 1021.956665 0.000000 0.129235 0.000000 -0.991614 0.210074 0.210074 0.210074
7328.330078 0.000000 1127.500610 0.000000 0.613454 0.000000 -0.789730 0.213895 0.213895 0.213895
7385.706543 0.000000 1086.842529 0.000000 0.526570 0.000000 -0.850132 0.207028 0.207028 0.207028
7423.273438 0.000000 1084.594238 0.000000 0.424204 0.000000 -0.905567 0.218031 0.218031 0.218031
7403.060059 0.000000 1107.336670 0.000000 0.705925 0.000000 -0.708286 0.218336 0.218336 0.218336
7363.099121 0.000000 1099.904785 0.000000 0.292446 0.000000 -0.956282 0.220987 0.220987 0.220987
7413.101074 0.000000 1118.528687 0.000000 0.559172 0.000000 -0.829052 0.221679 0.221679 0.221679
7415.893555 0.000000 1116.707886 0.000000 0.208283 0.000000 -0.978069 0.224174 0.224174 0.224174
7456.449219 0.000000 986.229675 0.000000 0.233064 0.000000 -0.972462 0.209169 0.209169 0.209169
7521.448730 0.000000 983.531189 0.000000 0.677305 0.000000 -0.735702 0.205634 0.205634 0.205634
7559.914551 0.000000 905.586914 0.000000 0.580481 0.000000 -0.814274 0.206224 0.206224 0.206224
7348.316895 0.000000 1158.813354 0.000000 0.205746 0.000000 -0.978605 0.221070 0.221070 0.221070
7405.943359 0.000000 1132.042480 0.000000 0.261325 0.000000 -0.965251 0.208545 0.208545 0.208545
7385.916992 0.000000 1174.453735 0.000000 0.696875 0.000000 -0.717193 0.205511 0.205511 0.205511
7381.917480 0.000000 1173.949707 0.000000 0.420782 0.000000 -0.907162 0.224203 0.224203 0.224203
7341.585449 0.000000 1253.089355 0.000000 0.031701 0.000000 -0.999497 0.225615 0.225615 0.225615
4103.213379 0.000000 2523.512451 0.000000 0.261433 0.000000 -0.965222 0.209131 0.209131 0.209131
4098.311035 0.000000 2521.923584 0.000000 0.066457 0.000000 -0.997789 0.210848 0.210848 0.210848
4131.200195 0.000000 2554.593750 0.000000 0.530207 0.000000 -0.847868 0.207995 0.207995 0.207995
4134.385742 0.000000 2558.641846 0.000000 0.131347 0.000000 -0.991336 0.211014 0.211014 0.211014
4219.100586 0.000000 2608.374023 0.000000 0.447938 0.000000 -0.894065 0.207651 0.207651 0.207651
4220.013184 0.000000 2613.145996 0.000000 0.134064 0.000000 -0.990973 0.210005 0.210005 0.210005
4321.641602 0.000000 2672.844238 0.000000 0.592809 0.000000 -0.805343 0.210472 0.210472 0.210472
4321.365723 0.000000 2664.940430 0.000000 0.305939 0.000000 -0.952051 0.210364 0.210364 0.210364
4316.838379 0.000000 2679.833008 0.000000 0.702708 0.000000 -0.711478 0.211206 0.211206 0.211206
4378.074219 0.000000 2628.797607 0.000000 0.064965 0.000000 -0.997887 0.209774 0.209774 0.209774
4413.658691 0.000000 2633.596924 0.000000 0.217932 0.000000 -0.975964 0.208838 0.208838 0.208838
4414.419434 0.000000 2640.428467 0.000000 0.098695 0.000000 -0.995118 0.209812 0.209812 0.209812
4393.322754 0.000000 2646.556885 0.000000 0.654437 0.000000 -0.756116 0.205779 0.205779 0.205779
4886.478027 0.000000 2520.205811 0.000000 0.056372 0.000000 -0.998410 0.209754 0.209754 0.209754
5070.604980 0.000000 2702.342529 0.000000 0.604119 0.000000 -0.796894 0.206400 0.206400 0.206400
5145.706543 0.000000 2498.951904 0.000000 0.287518 0.000000 -0.957775 0.208942 0.208942 0.208942
5183.814453 0.000000 2673.210205 0.000000 0.108356 0.000000 -0.994112 0.217445 0.217445 0.217445
5176.246582 0.000000 2657.622559 0.000000 0.020074 0.000000 -0.999798 0.218743 0.218743 0.218743
5165.537598 0.000000 2695.155273 0.000000 0.372108 0.000000 -0.928189 0.217855 0.217855 0.217855
5186.944824 0.000000 2672.161621 0.000000 0.115583 0.000000 -0.993298 0.216763 0.216763 0.216763
5188.756836 0.000000 2673.558838 0.000000 0.289309 0.000000 -0.957236 0.215435 0.215435 0.215435
5198.033691 0.000000 2660.656494 0.000000 0.503901 0.000000 -0.863761 0.213072 0.213072 0.213072
5188.248535 0.000000 2676.065430 0.000000 0.589959 0.000000 -0.807433 0.212911 0.212911 0.212911
5081.618652 0.000000 2762.927246 0.000000 0.645970 0.000000 -0.763363 0.212978 0.212978 0.212978
5035.311523 0.000000 2792.882080 0.000000 0.569883 0.000000 -0.821726 0.215515 0.215515 0.215515
5049.129395 0.000000 2806.552979 0.000000 0.752519 0.000000 -0.658570 0.216603 0.216603 0.216603
5057.726074 0.000000 2810.638916 0.000000 0.525281 0.000000 -0.850929 0.219572 0.219572 0.219572
5107.318359 0.000000 2857.860107 0.000000 0.418390 0.000000 -0.908268 0.221151 0.221151 0.221151
5133.487793 0.000000 2721.266602 0.000000 0.673344 0.000000 -0.739330 0.213302 0.213302 0.213302
5125.572266 0.000000 2758.180908 0.000000 0.681871 0.000000 -0.731472 0.216207 0.216207 0.216207
5144.422363 0.000000 2853.918945 0.000000 0.719467 0.000000 -0.694527 0.224753 0.224753 0.224753
5153.433594 0.000000 2860.022217 0.000000 0.393865 0.000000 -0.919168 0.228148 0.228148 0.228148
5150.190918 0.000000 2861.272705 0.000000 0.704588 0.000000 -0.709617 0.224934 0.224934 0.224934
5138.442383 0.000000 2895.719727 0.000000 0.653900 0.000000 -0.756581 0.227330 0.227330 0.227330
5139.704102 0.000000 2894.467285 0.000000 0.761870 0.000000 -0.647730 0.225999 0.225999 0.225999
5141.918945 0.000000 2892.210449 0.000000 0.674960 0.000000 -0.737855 0.230094 0.230094 0.230094
5295.145508 0.000000 2842.366699 0.000000 0.517953 0.000000 -0.855409 0.206867 0.206867 0.206867
5555.914062 0.000000 2886.491455 0.000000 0.008779 0.000000 -0.999961 0.215037 0.215037 0.215037
5694.948242 0.000000 2882.857178 0.000000 0.457397 0.000000 -0.889262 0.209196 0.209196 0.209196
6456.742188 0.000000 2345.753174 0.000000 0.537508 0.000000 -0.843259 0.213992 0.213992 0.213992
6520.708984 0.000000 2336.302979 0.000000 0.646990 0.000000 -0.762498 0.221384 0.221384 0.221384
6556.947754 0.000000 2345.931152 0.000000 0.472773 0.000000 -0.881184 0.207457 0.207457 0.207457
6575.085449 0.000000 2354.687500 0.000000 0.718190 0.000000 -0.695848 0.216407 0.216407 0.216407
6581.101074 0.000000 2361.184814 0.000000 0.701031 0.000000 -0.713131 0.215403 0.215403 0.215403
6400.936035 0.000000 2394.953369 0.000000 0.302734 0.000000 -0.953075 0.208610 0.208610 0.208610
6605.872070 0.000000 2400.746338 0.000000 0.511151 0.000000 -0.859491 0.211187 0.211187 0.211187
6569.204590 0.000000 2465.389404 0.000000 0.476878 0.000000 -0.878970 0.207264 0.207264 0.207264
6578.842773 0.000000 2503.182373 0.000000 0.546155 0.000000 -0.837684 0.206471 0.206471 0.206471
"}
