object={
	name="european_dynamic_farmland_objects_generator_1_0"
	clamp_to_water_level=no
	render_under_water=no
	generated_content=yes
	layer="farms_dynamic"
	pdxmesh="european_province_farm_01_mesh"
	count=22
	transform="6719.958008 0.000000 811.680237 0.000000 0.332762 0.000000 0.943011 0.000000 0.000000 0.000000
6712.065918 0.000000 872.628235 0.000000 0.547227 0.000000 0.836985 0.000000 0.000000 0.000000
6913.318848 0.000000 716.700928 0.000000 0.265230 0.000000 0.964185 0.000000 0.000000 0.000000
7160.065918 0.000000 872.628235 0.000000 0.202672 0.000000 0.979247 0.000000 0.000000 0.000000
7930.544434 0.000000 379.329346 0.000000 0.206213 0.000000 0.978507 0.000000 0.000000 0.000000
7462.230957 0.000000 490.404053 0.000000 0.085702 0.000000 0.996321 0.000000 0.000000 0.000000
7418.544434 0.000000 718.235596 0.000000 0.332048 0.000000 0.943262 0.000000 0.000000 0.000000
7380.968750 0.000000 786.421997 0.000000 0.014207 0.000000 0.999899 0.000000 0.000000 0.000000
7269.982422 0.000000 841.043030 0.000000 0.374784 0.000000 0.927112 0.000000 0.000000 0.000000
7334.230957 0.000000 885.794678 0.000000 0.480217 0.000000 0.877150 0.000000 0.000000 0.000000
7516.793945 0.000000 680.654297 0.000000 0.469583 0.000000 0.882888 0.000000 0.000000 0.000000
7472.205566 0.000000 847.239990 0.000000 0.651278 0.000000 0.758840 0.000000 0.000000 0.000000
7431.671387 0.000000 815.637817 0.000000 0.235758 0.000000 0.971812 0.000000 0.000000 0.000000
7489.451172 0.000000 859.441284 0.000000 0.619874 0.000000 0.784702 0.000000 0.000000 0.000000
7583.453613 0.000000 807.511353 0.000000 0.071398 0.000000 0.997448 0.000000 0.000000 0.000000
8076.978516 0.000000 565.579712 0.000000 0.509099 0.000000 0.860708 0.000000 0.000000 0.000000
6693.982422 0.000000 954.011780 0.000000 0.317697 0.000000 0.948192 0.000000 0.000000 0.000000
6711.638184 0.000000 919.493469 0.000000 0.380407 0.000000 0.924819 0.000000 0.000000 0.000000
6757.432617 0.000000 1027.745850 0.000000 0.273324 0.000000 0.961922 0.000000 0.000000 0.000000
6940.793945 0.000000 1132.529297 0.000000 0.502057 0.000000 0.864835 0.000000 0.000000 0.000000
7189.705078 0.000000 930.617676 0.000000 0.173750 0.000000 0.984790 0.000000 0.000000 0.000000
7303.671387 0.000000 928.606567 0.000000 0.211034 0.000000 0.977479 0.000000 0.000000 0.000000
"}
object={
	name="european_dynamic_farmland_objects_generator_1_1"
	clamp_to_water_level=no
	render_under_water=no
	generated_content=yes
	layer="farms_dynamic"
	pdxmesh="european_province_farm_02_mesh"
	count=25
	transform="6778.807129 0.000000 684.467041 0.000000 0.720782 0.000000 0.693162 0.000000 0.000000 0.000000
6758.230957 0.000000 772.825928 0.000000 0.971733 0.000000 0.236083 0.000000 0.000000 0.000000
6778.807129 0.000000 740.951416 0.000000 0.879725 0.000000 0.475483 0.000000 0.000000 0.000000
6714.368164 0.000000 842.707214 0.000000 0.948075 0.000000 0.318046 0.000000 0.000000 0.000000
6719.487305 0.000000 821.008972 0.000000 0.966068 0.000000 0.258288 0.000000 0.000000 0.000000
6721.451172 0.000000 802.956909 0.000000 0.865308 0.000000 0.501241 0.000000 0.000000 0.000000
6721.318848 0.000000 829.669678 0.000000 0.981779 0.000000 0.190024 0.000000 0.000000 0.000000
6694.230957 0.000000 885.794678 0.000000 0.989727 0.000000 0.142972 0.000000 0.000000 0.000000
6703.722656 0.000000 891.585266 0.000000 0.736242 0.000000 0.676719 0.000000 0.000000 0.000000
7041.318848 0.000000 773.185303 0.000000 0.987107 0.000000 0.160065 0.000000 0.000000 0.000000
7956.968750 0.000000 391.031342 0.000000 0.889640 0.000000 0.456663 0.000000 0.000000 0.000000
7334.230957 0.000000 603.372803 0.000000 0.757024 0.000000 0.653387 0.000000 0.000000 0.000000
7352.065918 0.000000 590.206360 0.000000 0.873286 0.000000 0.487207 0.000000 0.000000 0.000000
7270.230957 0.000000 885.794678 0.000000 0.925976 0.000000 0.377583 0.000000 0.000000 0.000000
7297.451172 0.000000 859.441284 0.000000 0.689008 0.000000 0.724754 0.000000 0.000000 0.000000
7445.705078 0.000000 761.164551 0.000000 0.953392 0.000000 0.301736 0.000000 0.000000 0.000000
7472.205566 0.000000 790.755615 0.000000 0.790901 0.000000 0.611944 0.000000 0.000000 0.000000
7573.705078 0.000000 817.648926 0.000000 0.657439 0.000000 0.753507 0.000000 0.000000 0.000000
8085.705078 0.000000 591.711426 0.000000 0.754649 0.000000 0.656129 0.000000 0.000000 0.000000
6712.065918 0.000000 985.596985 0.000000 0.946715 0.000000 0.322071 0.000000 0.000000 0.000000
6765.516602 0.000000 1031.452026 0.000000 0.955941 0.000000 0.293558 0.000000 0.000000 0.000000
6769.519043 0.000000 1023.048401 0.000000 0.697167 0.000000 0.716909 0.000000 0.000000 0.000000
6924.978516 0.000000 1130.423462 0.000000 0.725748 0.000000 0.687961 0.000000 0.000000 0.000000
7226.544434 0.000000 944.173096 0.000000 0.917350 0.000000 0.398081 0.000000 0.000000 0.000000
7260.793945 0.000000 906.591797 0.000000 0.983204 0.000000 0.182511 0.000000 0.000000 0.000000
"}
object={
	name="european_dynamic_farmland_objects_generator_1_2"
	clamp_to_water_level=no
	render_under_water=no
	generated_content=yes
	layer="farms_dynamic"
	pdxmesh="european_farm_farmhouse_01_mesh"
	count=18
	transform="6724.458496 0.000000 788.762817 0.000000 0.964363 0.000000 -0.264582 0.000000 0.000000 0.000000
6735.130859 0.000000 773.668640 0.000000 0.971393 0.000000 -0.237477 0.000000 0.000000 0.000000
6714.544434 0.000000 831.204346 0.000000 0.934223 0.000000 -0.356690 0.000000 0.000000 0.000000
6741.705078 0.000000 874.133301 0.000000 0.950739 0.000000 -0.309992 0.000000 0.000000 0.000000
6957.516602 0.000000 749.030151 0.000000 0.997435 0.000000 0.071578 0.000000 0.000000 0.000000
7078.230957 0.000000 772.825928 0.000000 0.902784 0.000000 -0.430095 0.000000 0.000000 0.000000
7125.705078 0.000000 761.164551 0.000000 0.973519 0.000000 -0.228605 0.000000 0.000000 0.000000
7974.230957 0.000000 433.919678 0.000000 0.847021 0.000000 -0.531559 0.000000 0.000000 0.000000
7444.968750 0.000000 504.000092 0.000000 0.998521 0.000000 -0.054366 0.000000 0.000000 0.000000
7509.705078 0.000000 648.195801 0.000000 0.988911 0.000000 -0.148512 0.000000 0.000000 0.000000
7572.968750 0.000000 786.421997 0.000000 0.866271 0.000000 -0.499574 0.000000 0.000000 0.000000
8065.318848 0.000000 660.216553 0.000000 0.844604 0.000000 -0.535391 0.000000 0.000000 0.000000
6701.516602 0.000000 918.483276 0.000000 0.931587 0.000000 -0.363517 0.000000 0.000000 0.000000
6741.705078 0.000000 930.617676 0.000000 0.997091 0.000000 -0.076222 0.000000 0.000000 0.000000
6738.127930 0.000000 973.510437 0.000000 0.853008 0.000000 -0.521898 0.000000 0.000000 0.000000
6785.451172 0.000000 1028.894409 0.000000 0.949983 0.000000 -0.312303 0.000000 0.000000 0.000000
6957.516602 0.000000 1087.936401 0.000000 0.996292 0.000000 -0.086034 0.000000 0.000000 0.000000
7250.127930 0.000000 917.026062 0.000000 0.948627 0.000000 -0.316395 0.000000 0.000000 0.000000
"}
object={
	name="european_dynamic_farmland_objects_generator_1_3"
	clamp_to_water_level=no
	render_under_water=no
	generated_content=yes
	layer="farms_dynamic"
	pdxmesh="european_farm_farmhouse_02_mesh"
	count=18
	transform="7937.318848 0.000000 377.794647 0.000000 0.627304 0.000000 -0.778775 0.000000 0.000000 0.000000
8020.968750 0.000000 447.515717 0.000000 0.721865 0.000000 -0.692034 0.000000 0.000000 0.000000
7252.968750 0.000000 673.453247 0.000000 0.798522 0.000000 -0.601966 0.000000 0.000000 0.000000
7425.451172 0.000000 464.050629 0.000000 0.575006 0.000000 -0.818150 0.000000 0.000000 0.000000
7428.458496 0.000000 506.340973 0.000000 0.714331 0.000000 -0.699808 0.000000 0.000000 0.000000
7452.793945 0.000000 511.201141 0.000000 0.410130 0.000000 -0.912027 0.000000 0.000000 0.000000
7418.807129 0.000000 797.435791 0.000000 0.684905 0.000000 -0.728632 0.000000 0.000000 0.000000
7462.230957 0.000000 716.341553 0.000000 0.689700 0.000000 -0.724096 0.000000 0.000000 0.000000
7452.793945 0.000000 680.654297 0.000000 0.805860 0.000000 -0.592106 0.000000 0.000000 0.000000
7445.705078 0.000000 817.648926 0.000000 0.671103 0.000000 -0.741364 0.000000 0.000000 0.000000
6705.519043 0.000000 910.079651 0.000000 0.401742 0.000000 -0.915753 0.000000 0.000000 0.000000
6735.130859 0.000000 943.121765 0.000000 0.776767 0.000000 -0.629788 0.000000 0.000000 0.000000
6727.671387 0.000000 985.090942 0.000000 0.784306 0.000000 -0.620374 0.000000 0.000000 0.000000
6751.453613 0.000000 976.964478 0.000000 0.504580 0.000000 -0.863365 0.000000 0.000000 0.000000
6731.959473 0.000000 1008.725220 0.000000 0.810483 0.000000 -0.585763 0.000000 0.000000 0.000000
6748.793945 0.000000 1019.560547 0.000000 0.793839 0.000000 -0.608128 0.000000 0.000000 0.000000
6805.705078 0.000000 1043.586426 0.000000 0.573754 0.000000 -0.819028 0.000000 0.000000 0.000000
7141.982422 0.000000 954.011780 0.000000 0.500619 0.000000 -0.865668 0.000000 0.000000 0.000000
"}
object={
	name="european_dynamic_farmland_objects_generator_1_4"
	clamp_to_water_level=no
	render_under_water=no
	generated_content=yes
	layer="farms_dynamic"
	pdxmesh="windmill_01_mesh"
	count=11
	transform="6906.544434 0.000000 718.235596 0.000000 0.134960 0.000000 -0.990851 0.000000 0.000000 0.000000
6704.205566 0.000000 903.724365 0.000000 0.238085 0.000000 -0.971244 0.000000 0.000000 0.000000
7418.544434 0.000000 661.751221 0.000000 0.059623 0.000000 -0.998221 0.000000 0.000000 0.000000
7408.205566 0.000000 790.755615 0.000000 0.174738 0.000000 -0.984615 0.000000 0.000000 0.000000
7327.453613 0.000000 863.995728 0.000000 0.160488 0.000000 -0.987038 0.000000 0.000000 0.000000
7450.979980 0.000000 832.614075 0.000000 0.156518 0.000000 -0.987675 0.000000 0.000000 0.000000
8028.793945 0.000000 454.716766 0.000000 0.026895 0.000000 -0.999638 0.000000 0.000000 0.000000
6719.487305 0.000000 990.462097 0.000000 0.274049 0.000000 -0.961716 0.000000 0.000000 0.000000
6721.318848 0.000000 999.122803 0.000000 0.042219 0.000000 -0.999108 0.000000 0.000000 0.000000
7316.968750 0.000000 955.875122 0.000000 0.023226 0.000000 -0.999730 0.000000 0.000000 0.000000
7297.451172 0.000000 915.925659 0.000000 0.275953 0.000000 -0.961171 0.000000 0.000000 0.000000
"}
