object={
	name="european_dynamic_forestry_objects_generator_1_0"
	clamp_to_water_level=no
	render_under_water=no
	generated_content=yes
	layer="forestry_dynamic"
	pdxmesh="generic_rural_forestry_camp_01_mesh"
	count=112
	transform="1965.516602 0.000000 2443.561523 0.000000 0.426596 0.000000 0.904442 0.000000 0.000000 0.000000
1985.319092 0.000000 2580.685303 0.000000 0.496683 0.000000 0.867932 0.000000 0.000000 0.000000
1901.516602 0.000000 2669.499023 0.000000 0.999142 0.000000 0.041425 0.000000 0.000000 0.000000
660.968506 0.000000 3271.734375 0.000000 0.899300 0.000000 0.437332 0.000000 0.000000 0.000000
1146.544556 0.000000 3090.579346 0.000000 0.867728 0.000000 0.497039 0.000000 0.000000 0.000000
1244.793701 0.000000 3052.998047 0.000000 0.757161 0.000000 0.653228 0.000000 0.000000 0.000000
1364.968506 0.000000 2989.312500 0.000000 0.742416 0.000000 0.669939 0.000000 0.000000 0.000000
1318.231201 0.000000 3032.200928 0.000000 0.943510 0.000000 0.331344 0.000000 0.000000 0.000000
1620.968506 0.000000 2763.375000 0.000000 0.039801 0.000000 0.999208 0.000000 0.000000 0.000000
1773.516602 0.000000 2725.983398 0.000000 0.911914 0.000000 0.410382 0.000000 0.000000 0.000000
1709.516602 0.000000 2782.467773 0.000000 0.986125 0.000000 0.166003 0.000000 0.000000 0.000000
2005.705078 0.000000 2738.117676 0.000000 0.567618 0.000000 0.823292 0.000000 0.000000 0.000000
1988.458618 0.000000 2765.716064 0.000000 0.852537 0.000000 0.522667 0.000000 0.000000 0.000000
1594.544556 0.000000 2977.610596 0.000000 0.749278 0.000000 0.662255 0.000000 0.000000 0.000000
1820.793701 0.000000 2940.029297 0.000000 0.875657 0.000000 0.482934 0.000000 0.000000 0.000000
2068.968506 0.000000 2255.015625 0.000000 0.159078 0.000000 0.987266 0.000000 0.000000 0.000000
2234.544434 0.000000 2186.829346 0.000000 0.994101 0.000000 0.108462 0.000000 0.000000 0.000000
2241.451416 0.000000 2497.488037 0.000000 0.137917 0.000000 0.990444 0.000000 0.000000 0.000000
2177.451416 0.000000 2553.972412 0.000000 0.934929 0.000000 0.354836 0.000000 0.000000 0.000000
2388.968506 0.000000 2650.406250 0.000000 0.943452 0.000000 0.331510 0.000000 0.000000 0.000000
2324.968506 0.000000 2706.890625 0.000000 0.229644 0.000000 0.973275 0.000000 0.000000 0.000000
2561.451416 0.000000 2666.941162 0.000000 0.103942 0.000000 0.994583 0.000000 0.000000 0.000000
2049.319092 0.000000 2750.138428 0.000000 0.490689 0.000000 0.871335 0.000000 0.000000 0.000000
2157.516602 0.000000 2725.983398 0.000000 0.668844 0.000000 0.743403 0.000000 0.000000 0.000000
2285.516602 0.000000 2725.983398 0.000000 0.322472 0.000000 0.946579 0.000000 0.000000 0.000000
2170.544434 0.000000 2864.641846 0.000000 0.251119 0.000000 0.967956 0.000000 0.000000 0.000000
2433.319092 0.000000 2863.107178 0.000000 0.975620 0.000000 0.219466 0.000000 0.000000 0.000000
2797.516602 0.000000 2725.983398 0.000000 0.986369 0.000000 0.164550 0.000000 0.000000 0.000000
2625.451416 0.000000 2949.363037 0.000000 0.885074 0.000000 0.465450 0.000000 0.000000 0.000000
6765.516602 0.000000 692.545776 0.000000 0.962515 0.000000 0.271228 0.000000 0.000000 0.000000
7981.516602 0.000000 410.123932 0.000000 0.768036 0.000000 0.640406 0.000000 0.000000 0.000000
7316.968750 0.000000 729.937622 0.000000 0.997674 0.000000 0.068172 0.000000 0.000000 0.000000
6842.544434 0.000000 944.173096 0.000000 0.169709 0.000000 0.985494 0.000000 0.000000 0.000000
6812.793945 0.000000 1019.560547 0.000000 0.973099 0.000000 0.230387 0.000000 0.000000 0.000000
6886.230957 0.000000 1055.247803 0.000000 0.994110 0.000000 0.108378 0.000000 0.000000 0.000000
6896.205566 0.000000 1073.177490 0.000000 0.510776 0.000000 0.859714 0.000000 0.000000 0.000000
7085.516602 0.000000 918.483276 0.000000 0.995410 0.000000 0.095699 0.000000 0.000000 0.000000
6996.968750 0.000000 1068.843872 0.000000 0.878627 0.000000 0.477509 0.000000 0.000000 0.000000
7098.544434 0.000000 1113.626221 0.000000 0.998061 0.000000 0.062244 0.000000 0.000000 0.000000
7213.516602 0.000000 1087.936401 0.000000 0.149393 0.000000 0.988778 0.000000 0.000000 0.000000
7226.544434 0.000000 1113.626221 0.000000 0.862041 0.000000 0.506838 0.000000 0.000000 0.000000
7341.516602 0.000000 1087.936401 0.000000 0.806089 0.000000 0.591795 0.000000 0.000000 0.000000
7354.544434 0.000000 1170.110596 0.000000 0.096272 0.000000 0.995355 0.000000 0.000000 0.000000
4820.968750 0.000000 2819.859375 0.000000 0.403571 0.000000 0.914948 0.000000 0.000000 0.000000
4717.516602 0.000000 2895.436523 0.000000 0.327146 0.000000 0.944974 0.000000 0.000000 0.000000
4820.968750 0.000000 2876.343750 0.000000 0.288464 0.000000 0.957491 0.000000 0.000000 0.000000
4929.451172 0.000000 2779.909912 0.000000 0.091031 0.000000 0.995848 0.000000 0.000000 0.000000
4884.968750 0.000000 2989.312500 0.000000 0.827754 0.000000 0.561091 0.000000 0.000000 0.000000
4948.968750 0.000000 2989.312500 0.000000 0.057481 0.000000 0.998347 0.000000 0.000000 0.000000
4986.544434 0.000000 3034.094971 0.000000 0.838783 0.000000 0.544466 0.000000 0.000000 0.000000
5101.516602 0.000000 3121.374023 0.000000 0.961543 0.000000 0.274653 0.000000 0.000000 0.000000
4372.968750 0.000000 3215.250000 0.000000 0.160104 0.000000 0.987100 0.000000 0.000000 0.000000
4518.230957 0.000000 3201.654053 0.000000 0.998655 0.000000 0.051856 0.000000 0.000000 0.000000
4781.516602 0.000000 3290.827148 0.000000 0.081399 0.000000 0.996682 0.000000 0.000000 0.000000
4821.705078 0.000000 3302.961426 0.000000 0.622166 0.000000 0.782885 0.000000 0.000000 0.000000
4781.516602 0.000000 3347.311523 0.000000 0.447464 0.000000 0.894302 0.000000 0.000000 0.000000
4820.968750 0.000000 3384.703125 0.000000 0.616360 0.000000 0.787464 0.000000 0.000000 0.000000
4858.544434 0.000000 3373.001221 0.000000 0.281472 0.000000 0.959569 0.000000 0.000000 0.000000
4848.205566 0.000000 3389.036865 0.000000 0.311018 0.000000 0.950404 0.000000 0.000000 0.000000
5268.968750 0.000000 2876.343750 0.000000 0.064930 0.000000 0.997890 0.000000 0.000000 0.000000
5293.516602 0.000000 2838.952148 0.000000 0.892198 0.000000 0.451644 0.000000 0.000000 0.000000
5249.451172 0.000000 2836.394287 0.000000 0.444952 0.000000 0.895554 0.000000 0.000000 0.000000
5357.516602 0.000000 2895.436523 0.000000 0.365499 0.000000 0.930812 0.000000 0.000000 0.000000
5396.968750 0.000000 2819.859375 0.000000 0.451977 0.000000 0.892030 0.000000 0.000000 0.000000
5377.451172 0.000000 2836.394287 0.000000 0.979497 0.000000 0.201458 0.000000 0.000000 0.000000
5140.968750 0.000000 3102.281250 0.000000 0.295260 0.000000 0.955417 0.000000 0.000000 0.000000
5205.705078 0.000000 3077.023926 0.000000 0.189980 0.000000 0.981788 0.000000 0.000000 0.000000
5140.968750 0.000000 3158.765625 0.000000 0.994148 0.000000 0.108023 0.000000 0.000000 0.000000
5460.968750 0.000000 3045.796875 0.000000 0.011490 0.000000 0.999934 0.000000 0.000000 0.000000
5498.544434 0.000000 3090.579346 0.000000 0.994412 0.000000 0.105573 0.000000 0.000000 0.000000
5524.968750 0.000000 3158.765625 0.000000 0.929423 0.000000 0.369017 0.000000 0.000000 0.000000
5741.516602 0.000000 2838.952148 0.000000 0.981776 0.000000 0.190043 0.000000 0.000000 0.000000
5889.451172 0.000000 2836.394287 0.000000 0.980613 0.000000 0.195957 0.000000 0.000000 0.000000
5781.705078 0.000000 3077.023926 0.000000 0.999813 0.000000 0.019349 0.000000 0.000000 0.000000
5140.968750 0.000000 3215.250000 0.000000 0.999751 0.000000 0.022318 0.000000 0.000000 0.000000
5268.968750 0.000000 3215.250000 0.000000 0.193680 0.000000 0.981065 0.000000 0.000000 0.000000
5377.451172 0.000000 3231.784912 0.000000 0.868933 0.000000 0.494930 0.000000 0.000000 0.000000
6458.544434 0.000000 3090.579346 0.000000 0.190425 0.000000 0.981702 0.000000 0.000000 0.000000
6765.516602 0.000000 3064.889648 0.000000 0.851759 0.000000 0.523934 0.000000 0.000000 0.000000
6812.793945 0.000000 3109.482422 0.000000 0.694851 0.000000 0.719154 0.000000 0.000000 0.000000
6337.451172 0.000000 3175.300537 0.000000 0.848193 0.000000 0.529688 0.000000 0.000000 0.000000
6420.968750 0.000000 3271.734375 0.000000 0.801091 0.000000 0.598542 0.000000 0.000000 0.000000
6189.516602 0.000000 3460.280273 0.000000 0.825216 0.000000 0.564817 0.000000 0.000000 0.000000
6637.516602 0.000000 3403.795898 0.000000 0.165197 0.000000 0.986261 0.000000 0.000000 0.000000
6650.544434 0.000000 3485.969971 0.000000 0.999439 0.000000 0.033481 0.000000 0.000000 0.000000
6620.793945 0.000000 3448.388672 0.000000 0.915581 0.000000 0.402133 0.000000 0.000000 0.000000
6445.516602 0.000000 3516.764648 0.000000 0.819984 0.000000 0.572387 0.000000 0.000000 0.000000
6566.230957 0.000000 3540.560303 0.000000 0.138271 0.000000 0.990394 0.000000 0.000000 0.000000
6612.968750 0.000000 3554.156250 0.000000 0.927230 0.000000 0.374492 0.000000 0.000000 0.000000
6785.451172 0.000000 3175.300537 0.000000 0.155507 0.000000 0.987835 0.000000 0.000000 0.000000
6785.451172 0.000000 3231.784912 0.000000 0.555209 0.000000 0.831711 0.000000 0.000000 0.000000
6842.544434 0.000000 3373.001221 0.000000 0.573085 0.000000 0.819496 0.000000 0.000000 0.000000
6849.451172 0.000000 3344.753662 0.000000 0.092096 0.000000 0.995750 0.000000 0.000000 0.000000
6933.705078 0.000000 3302.961426 0.000000 0.599682 0.000000 0.800239 0.000000 0.000000 0.000000
7124.968750 0.000000 3384.703125 0.000000 0.853667 0.000000 0.520819 0.000000 0.000000 0.000000
6740.968750 0.000000 3441.187500 0.000000 0.377596 0.000000 0.925970 0.000000 0.000000 0.000000
6765.516602 0.000000 3403.795898 0.000000 0.935169 0.000000 0.354201 0.000000 0.000000 0.000000
6724.458496 0.000000 3500.012939 0.000000 0.878032 0.000000 0.478601 0.000000 0.000000 0.000000
6868.968750 0.000000 3441.187500 0.000000 0.979858 0.000000 0.199697 0.000000 0.000000 0.000000
6886.230957 0.000000 3427.591553 0.000000 0.469427 0.000000 0.882971 0.000000 0.000000 0.000000
6950.230957 0.000000 3484.075928 0.000000 0.750704 0.000000 0.660638 0.000000 0.000000 0.000000
7105.318848 0.000000 3427.950928 0.000000 0.609981 0.000000 0.792416 0.000000 0.000000 0.000000
6943.453613 0.000000 3518.761475 0.000000 0.109487 0.000000 0.993988 0.000000 0.000000 0.000000
7425.318848 0.000000 3089.044678 0.000000 0.739144 0.000000 0.673548 0.000000 0.000000 0.000000
7462.230957 0.000000 3088.685303 0.000000 0.892915 0.000000 0.450224 0.000000 0.000000 0.000000
7226.544434 0.000000 3316.516846 0.000000 0.202710 0.000000 0.979239 0.000000 0.000000 0.000000
7444.968750 0.000000 3384.703125 0.000000 0.246591 0.000000 0.969120 0.000000 0.000000 0.000000
7297.451172 0.000000 3401.238037 0.000000 0.463973 0.000000 0.885850 0.000000 0.000000 0.000000
7354.544434 0.000000 3429.485596 0.000000 0.373448 0.000000 0.927651 0.000000 0.000000 0.000000
7381.705078 0.000000 3415.930176 0.000000 0.535025 0.000000 0.844836 0.000000 0.000000 0.000000
7380.968750 0.000000 3497.671875 0.000000 0.192279 0.000000 0.981340 0.000000 0.000000 0.000000
7533.516602 0.000000 3460.280273 0.000000 0.997001 0.000000 0.077388 0.000000 0.000000 0.000000
"}
object={
	name="european_dynamic_forestry_objects_generator_1_1"
	clamp_to_water_level=no
	render_under_water=no
	generated_content=yes
	layer="forestry_dynamic"
	pdxmesh="generic_rural_forestry_camp_02_mesh"
	count=98
	transform="1338.544556 0.000000 2469.251221 0.000000 0.992855 0.000000 -0.119331 0.000000 0.000000 0.000000
1520.205444 0.000000 2711.224365 0.000000 0.510235 0.000000 -0.860035 0.000000 0.000000 0.000000
1901.516602 0.000000 2330.592773 0.000000 0.806276 0.000000 -0.591539 0.000000 0.000000 0.000000
1914.544556 0.000000 2412.766846 0.000000 0.999984 0.000000 -0.005614 0.000000 0.000000 0.000000
1921.451416 0.000000 2384.519287 0.000000 0.792875 0.000000 -0.609384 0.000000 0.000000 0.000000
1978.544556 0.000000 2412.766846 0.000000 0.959786 0.000000 -0.280732 0.000000 0.000000 0.000000
1604.458618 0.000000 2709.231689 0.000000 0.714497 0.000000 -0.699639 0.000000 0.000000 0.000000
1876.968506 0.000000 2593.921875 0.000000 0.675913 0.000000 -0.736981 0.000000 0.000000 0.000000
1978.544556 0.000000 2582.219971 0.000000 0.317760 0.000000 -0.948171 0.000000 0.000000 0.000000
45.516556 0.000000 3290.827148 0.000000 0.923318 0.000000 -0.384036 0.000000 0.000000 0.000000
641.451416 0.000000 3231.784912 0.000000 0.170437 0.000000 -0.985369 0.000000 0.000000 0.000000
1338.544556 0.000000 3034.094971 0.000000 0.099806 0.000000 -0.995007 0.000000 0.000000 0.000000
1732.458618 0.000000 2822.200439 0.000000 0.019226 0.000000 -0.999815 0.000000 0.000000 0.000000
1665.319092 0.000000 2863.107178 0.000000 0.963848 0.000000 -0.266451 0.000000 0.000000 0.000000
1813.705078 0.000000 2738.117676 0.000000 0.805026 0.000000 -0.593239 0.000000 0.000000 0.000000
2221.516602 0.000000 2669.499023 0.000000 0.359567 0.000000 -0.933119 0.000000 0.000000 0.000000
2325.705078 0.000000 2512.180176 0.000000 0.851184 0.000000 -0.524868 0.000000 0.000000 0.000000
2049.451416 0.000000 2779.909912 0.000000 0.665732 0.000000 -0.746191 0.000000 0.000000 0.000000
2196.968506 0.000000 2819.859375 0.000000 0.560789 0.000000 -0.827959 0.000000 0.000000 0.000000
2305.319092 0.000000 2750.138428 0.000000 0.941346 0.000000 -0.337443 0.000000 0.000000 0.000000
2452.968506 0.000000 2876.343750 0.000000 0.899129 0.000000 -0.437683 0.000000 0.000000 0.000000
2453.705078 0.000000 2851.086426 0.000000 0.421294 0.000000 -0.906924 0.000000 0.000000 0.000000
2477.516602 0.000000 2895.436523 0.000000 0.323799 0.000000 -0.946126 0.000000 0.000000 0.000000
6740.968750 0.000000 786.421997 0.000000 0.844427 0.000000 -0.535671 0.000000 0.000000 0.000000
6724.458496 0.000000 901.731567 0.000000 0.506930 0.000000 -0.861987 0.000000 0.000000 0.000000
6977.451172 0.000000 802.956909 0.000000 0.094662 0.000000 -0.995509 0.000000 0.000000 0.000000
7940.458496 0.000000 393.372223 0.000000 0.988988 0.000000 -0.147993 0.000000 0.000000 0.000000
7316.968750 0.000000 616.968872 0.000000 0.931602 0.000000 -0.363480 0.000000 0.000000 0.000000
7380.968750 0.000000 616.968872 0.000000 0.511322 0.000000 -0.859389 0.000000 0.000000 0.000000
6721.451172 0.000000 972.410034 0.000000 0.041379 0.000000 -0.999143 0.000000 0.000000 0.000000
6832.205566 0.000000 1016.693115 0.000000 0.048630 0.000000 -0.998817 0.000000 0.000000 0.000000
6874.979980 0.000000 1058.551514 0.000000 0.359870 0.000000 -0.933002 0.000000 0.000000 0.000000
6879.758301 0.000000 1046.878418 0.000000 0.841453 0.000000 -0.540330 0.000000 0.000000 0.000000
6888.832520 0.000000 1076.704224 0.000000 0.876912 0.000000 -0.480651 0.000000 0.000000 0.000000
7032.065918 0.000000 929.112610 0.000000 0.361968 0.000000 -0.932190 0.000000 0.000000 0.000000
6970.807129 0.000000 1079.857666 0.000000 0.186216 0.000000 -0.982509 0.000000 0.000000 0.000000
7004.793945 0.000000 1076.044922 0.000000 0.222670 0.000000 -0.974894 0.000000 0.000000 0.000000
7061.705078 0.000000 1043.586426 0.000000 0.385469 0.000000 -0.922721 0.000000 0.000000 0.000000
7162.544434 0.000000 1113.626221 0.000000 0.111212 0.000000 -0.993797 0.000000 0.000000 0.000000
7119.130859 0.000000 1112.574951 0.000000 0.726858 0.000000 -0.686787 0.000000 0.000000 0.000000
6997.705078 0.000000 1156.555176 0.000000 0.034068 0.000000 -0.999420 0.000000 0.000000 0.000000
6991.130859 0.000000 1169.059326 0.000000 0.767827 0.000000 -0.640657 0.000000 0.000000 0.000000
7041.451172 0.000000 1141.863159 0.000000 0.742528 0.000000 -0.669814 0.000000 0.000000 0.000000
7078.230957 0.000000 1168.216553 0.000000 0.613499 0.000000 -0.789695 0.000000 0.000000 0.000000
7125.705078 0.000000 1213.039551 0.000000 0.977684 0.000000 -0.210080 0.000000 0.000000 0.000000
7354.544434 0.000000 1000.657471 0.000000 0.244985 0.000000 -0.969527 0.000000 0.000000 0.000000
7216.205566 0.000000 1129.661865 0.000000 0.759851 0.000000 -0.650097 0.000000 0.000000 0.000000
7316.968750 0.000000 1068.843872 0.000000 0.956278 0.000000 -0.292459 0.000000 0.000000 0.000000
4692.968750 0.000000 2876.343750 0.000000 0.878548 0.000000 -0.477654 0.000000 0.000000 0.000000
4781.516602 0.000000 2895.436523 0.000000 0.243671 0.000000 -0.969858 0.000000 0.000000 0.000000
5012.968750 0.000000 2876.343750 0.000000 0.559333 0.000000 -0.828943 0.000000 0.000000 0.000000
5050.544434 0.000000 2864.641846 0.000000 0.257877 0.000000 -0.966178 0.000000 0.000000 0.000000
5037.516602 0.000000 2895.436523 0.000000 0.172248 0.000000 -0.985054 0.000000 0.000000 0.000000
5013.705078 0.000000 2907.570801 0.000000 0.854260 0.000000 -0.519846 0.000000 0.000000 0.000000
4666.544434 0.000000 3034.094971 0.000000 0.951469 0.000000 -0.307744 0.000000 0.000000 0.000000
5012.968750 0.000000 3102.281250 0.000000 0.998005 0.000000 -0.063134 0.000000 0.000000 0.000000
5057.318848 0.000000 3089.044678 0.000000 0.511254 0.000000 -0.859429 0.000000 0.000000 0.000000
4518.230957 0.000000 3258.138428 0.000000 0.582792 0.000000 -0.812621 0.000000 0.000000 0.000000
4692.968750 0.000000 3271.734375 0.000000 0.872264 0.000000 -0.489035 0.000000 0.000000 0.000000
4845.516602 0.000000 3234.342773 0.000000 0.603955 0.000000 -0.797018 0.000000 0.000000 0.000000
4673.451172 0.000000 3344.753662 0.000000 0.866743 0.000000 -0.498755 0.000000 0.000000 0.000000
4737.318848 0.000000 3371.466553 0.000000 0.942513 0.000000 -0.334171 0.000000 0.000000 0.000000
4801.318848 0.000000 3371.466553 0.000000 0.585821 0.000000 -0.810441 0.000000 0.000000 0.000000
5057.451172 0.000000 3231.784912 0.000000 0.997212 0.000000 -0.074615 0.000000 0.000000 0.000000
4929.451172 0.000000 3344.753662 0.000000 0.016290 0.000000 -0.999867 0.000000 0.000000 0.000000
4774.230957 0.000000 3427.591553 0.000000 0.431837 0.000000 -0.901951 0.000000 0.000000 0.000000
4792.065918 0.000000 3414.425049 0.000000 0.309428 0.000000 -0.950923 0.000000 0.000000 0.000000
5313.451172 0.000000 2892.878662 0.000000 0.141744 0.000000 -0.989903 0.000000 0.000000 0.000000
5549.516602 0.000000 2838.952148 0.000000 0.983373 0.000000 -0.181599 0.000000 0.000000 0.000000
5205.705078 0.000000 3020.539551 0.000000 0.996749 0.000000 -0.080571 0.000000 0.000000 0.000000
5421.516602 0.000000 2951.920898 0.000000 0.556387 0.000000 -0.830923 0.000000 0.000000 0.000000
5633.451172 0.000000 2892.878662 0.000000 0.349704 0.000000 -0.936860 0.000000 0.000000 0.000000
5953.451172 0.000000 2836.394287 0.000000 0.582365 0.000000 -0.812927 0.000000 0.000000 0.000000
5293.516602 0.000000 3177.858398 0.000000 0.995921 0.000000 -0.090225 0.000000 0.000000 0.000000
5306.544434 0.000000 3203.548096 0.000000 0.440029 0.000000 -0.897983 0.000000 0.000000 0.000000
5997.516602 0.000000 3177.858398 0.000000 0.429818 0.000000 -0.902915 0.000000 0.000000 0.000000
6228.968750 0.000000 2989.312500 0.000000 0.998272 0.000000 -0.058768 0.000000 0.000000 0.000000
7105.451172 0.000000 3062.331787 0.000000 0.015679 0.000000 -0.999877 0.000000 0.000000 0.000000
6357.705078 0.000000 3472.414551 0.000000 0.289058 0.000000 -0.957312 0.000000 0.000000 0.000000
6596.458496 0.000000 3500.012939 0.000000 0.989329 0.000000 -0.145701 0.000000 0.000000 0.000000
6657.451172 0.000000 3231.784912 0.000000 0.851318 0.000000 -0.524650 0.000000 0.000000 0.000000
6785.451172 0.000000 3288.269287 0.000000 0.960888 0.000000 -0.276936 0.000000 0.000000 0.000000
6849.318848 0.000000 3314.982178 0.000000 0.712401 0.000000 -0.701773 0.000000 0.000000 0.000000
6970.544434 0.000000 3203.548096 0.000000 0.702576 0.000000 -0.711608 0.000000 0.000000 0.000000
7105.451172 0.000000 3175.300537 0.000000 0.197926 0.000000 -0.980217 0.000000 0.000000 0.000000
6714.544434 0.000000 3429.485596 0.000000 0.616595 0.000000 -0.787280 0.000000 0.000000 0.000000
6852.458496 0.000000 3443.528564 0.000000 0.403684 0.000000 -0.914898 0.000000 0.000000 0.000000
6924.978516 0.000000 3389.798584 0.000000 0.344038 0.000000 -0.938956 0.000000 0.000000 0.000000
6940.793945 0.000000 3504.873047 0.000000 0.849742 0.000000 -0.527199 0.000000 0.000000 0.000000
7213.516602 0.000000 3008.405273 0.000000 0.248218 0.000000 -0.968704 0.000000 0.000000 0.000000
7597.516602 0.000000 3064.889648 0.000000 0.711368 0.000000 -0.702820 0.000000 0.000000 0.000000
7233.318848 0.000000 3314.982178 0.000000 0.344322 0.000000 -0.938852 0.000000 0.000000 0.000000
7233.451172 0.000000 3344.753662 0.000000 0.952722 0.000000 -0.303844 0.000000 0.000000 0.000000
7381.705078 0.000000 3359.445801 0.000000 0.657222 0.000000 -0.753697 0.000000 0.000000 0.000000
7508.968750 0.000000 3328.218750 0.000000 0.490658 0.000000 -0.871352 0.000000 0.000000 0.000000
7290.807129 0.000000 3395.717041 0.000000 0.924036 0.000000 -0.382305 0.000000 0.000000 0.000000
7380.968750 0.000000 3441.187500 0.000000 0.228246 0.000000 -0.973603 0.000000 0.000000 0.000000
7445.705078 0.000000 3415.930176 0.000000 0.111092 0.000000 -0.993810 0.000000 0.000000 0.000000
"}
