object={
	name="french_dynamic_farmland_objects_generator_1_0"
	clamp_to_water_level=no
	render_under_water=no
	generated_content=yes
	layer="farms_dynamic"
	pdxmesh="french_farm_farmhouse_01_mesh"
	count=41
	transform="4090.368164 0.000000 2593.722900 0.000000 0.232001 0.000000 0.972716 0.000000 0.000000 0.000000
4081.272949 0.000000 2575.421875 0.000000 0.134528 0.000000 0.990910 0.000000 0.000000 0.000000
4095.487305 0.000000 2572.024658 0.000000 0.024119 0.000000 0.999709 0.000000 0.000000 0.000000
4088.065674 0.000000 2623.643799 0.000000 0.484856 0.000000 0.874594 0.000000 0.000000 0.000000
4079.722412 0.000000 2642.600830 0.000000 0.959850 0.000000 0.280515 0.000000 0.000000 0.000000
4087.637939 0.000000 2614.024658 0.000000 0.273287 0.000000 0.961933 0.000000 0.000000 0.000000
4088.551025 0.000000 2631.140381 0.000000 0.948114 0.000000 0.317931 0.000000 0.000000 0.000000
4026.368164 0.000000 2706.691650 0.000000 0.054547 0.000000 0.998511 0.000000 0.000000 0.000000
4036.458496 0.000000 2709.231689 0.000000 0.746110 0.000000 0.665822 0.000000 0.000000 0.000000
4063.453613 0.000000 2671.495850 0.000000 0.189844 0.000000 0.981814 0.000000 0.000000 0.000000
4050.127686 0.000000 2668.041748 0.000000 0.626645 0.000000 0.779305 0.000000 0.000000 0.000000
4095.487305 0.000000 2684.993408 0.000000 0.207122 0.000000 0.978315 0.000000 0.000000 0.000000
4134.893555 0.000000 2561.244141 0.000000 0.632477 0.000000 0.774579 0.000000 0.000000 0.000000
4140.662598 0.000000 2592.376953 0.000000 0.727495 0.000000 0.686113 0.000000 0.000000 0.000000
4218.368164 0.000000 2593.722900 0.000000 0.566601 0.000000 0.823992 0.000000 0.000000 0.000000
4209.272949 0.000000 2575.421875 0.000000 0.550562 0.000000 0.834794 0.000000 0.000000 0.000000
4162.396484 0.000000 2543.658936 0.000000 0.305657 0.000000 0.952142 0.000000 0.000000 0.000000
4212.365234 0.000000 2581.063232 0.000000 0.062140 0.000000 0.998067 0.000000 0.000000 0.000000
4154.544434 0.000000 2638.704346 0.000000 0.489540 0.000000 0.871981 0.000000 0.000000 0.000000
4134.230957 0.000000 2636.810303 0.000000 0.155431 0.000000 0.987847 0.000000 0.000000 0.000000
4108.978516 0.000000 2599.017334 0.000000 0.683628 0.000000 0.729831 0.000000 0.000000 0.000000
4122.979980 0.000000 2640.114014 0.000000 0.570263 0.000000 0.821462 0.000000 0.000000 0.000000
4143.722656 0.000000 2642.600830 0.000000 0.724328 0.000000 0.689456 0.000000 0.000000 0.000000
4096.254883 0.000000 2645.422119 0.000000 0.928264 0.000000 0.371922 0.000000 0.000000 0.000000
4208.541992 0.000000 2620.866455 0.000000 0.912638 0.000000 0.408769 0.000000 0.000000 0.000000
4152.065918 0.000000 2680.128174 0.000000 0.550288 0.000000 0.834975 0.000000 0.000000 0.000000
4111.130859 0.000000 2694.137451 0.000000 0.690607 0.000000 0.723230 0.000000 0.000000 0.000000
4197.982422 0.000000 2705.027344 0.000000 0.691454 0.000000 0.722421 0.000000 0.000000 0.000000
4244.968750 0.000000 2706.890625 0.000000 0.898142 0.000000 0.439706 0.000000 0.000000 0.000000
4272.205566 0.000000 2711.224365 0.000000 0.235589 0.000000 0.971853 0.000000 0.000000 0.000000
4228.458496 0.000000 2709.231689 0.000000 0.855783 0.000000 0.517335 0.000000 0.000000 0.000000
4097.451172 0.000000 2723.425537 0.000000 0.280948 0.000000 0.959723 0.000000 0.000000 0.000000
4117.705078 0.000000 2738.117676 0.000000 0.802601 0.000000 0.596516 0.000000 0.000000 0.000000
4144.205566 0.000000 2767.708740 0.000000 0.708077 0.000000 0.706135 0.000000 0.000000 0.000000
4152.065918 0.000000 2736.612549 0.000000 0.655873 0.000000 0.754871 0.000000 0.000000 0.000000
4103.671387 0.000000 2736.106445 0.000000 0.945729 0.000000 0.324957 0.000000 0.000000 0.000000
4216.065918 0.000000 2736.612549 0.000000 0.830666 0.000000 0.556772 0.000000 0.000000 0.000000
4218.807129 0.000000 2717.904541 0.000000 0.095643 0.000000 0.995416 0.000000 0.000000 0.000000
4225.451172 0.000000 2723.425537 0.000000 0.058758 0.000000 0.998272 0.000000 0.000000 0.000000
4231.671387 0.000000 2736.106445 0.000000 0.786261 0.000000 0.617894 0.000000 0.000000 0.000000
4242.127930 0.000000 2724.526123 0.000000 0.523511 0.000000 0.852019 0.000000 0.000000 0.000000
"}
object={
	name="french_dynamic_farmland_objects_generator_1_1"
	clamp_to_water_level=no
	render_under_water=no
	generated_content=yes
	layer="farms_dynamic"
	pdxmesh="french_farm_farmhouse_02_mesh"
	count=59
	transform="4090.544434 0.000000 2582.219971 0.000000 0.528362 0.000000 -0.849019 0.000000 0.000000 0.000000
4088.551025 0.000000 2574.656006 0.000000 0.947206 0.000000 -0.320624 0.000000 0.000000 0.000000
4084.365479 0.000000 2581.063232 0.000000 0.862484 0.000000 -0.506085 0.000000 0.000000 0.000000
4077.516602 0.000000 2613.014648 0.000000 0.972001 0.000000 0.234978 0.000000 0.000000 0.000000
4080.205322 0.000000 2654.739990 0.000000 0.975935 0.000000 0.218064 0.000000 0.000000 0.000000
4090.807129 0.000000 2604.935791 0.000000 0.860938 0.000000 -0.508710 0.000000 0.000000 0.000000
4081.272949 0.000000 2631.906250 0.000000 0.862936 0.000000 -0.505314 0.000000 0.000000 0.000000
4081.519043 0.000000 2604.610840 0.000000 0.939040 0.000000 -0.343808 0.000000 0.000000 0.000000
4093.512207 0.000000 2598.307373 0.000000 0.993914 0.000000 -0.110161 0.000000 0.000000 0.000000
4016.205322 0.000000 2711.224365 0.000000 0.964817 0.000000 -0.262923 0.000000 0.000000 0.000000
4015.722412 0.000000 2699.085205 0.000000 0.975977 0.000000 -0.217873 0.000000 0.000000 0.000000
4072.832275 0.000000 2658.266846 0.000000 0.996052 0.000000 -0.088774 0.000000 0.000000 0.000000
4087.637939 0.000000 2670.509033 0.000000 0.999257 0.000000 0.038539 0.000000 0.000000 0.000000
4026.807129 0.000000 2717.904541 0.000000 0.996958 0.000000 -0.077941 0.000000 0.000000 0.000000
4008.832275 0.000000 2714.751221 0.000000 0.604104 0.000000 -0.796906 0.000000 0.000000 0.000000
4044.978516 0.000000 2711.986084 0.000000 0.596869 0.000000 -0.802338 0.000000 0.000000 0.000000
4127.758301 0.000000 2571.956543 0.000000 0.980752 0.000000 0.195257 0.000000 0.000000 0.000000
4107.959473 0.000000 2590.287842 0.000000 0.966027 0.000000 0.258440 0.000000 0.000000 0.000000
4096.254883 0.000000 2588.937744 0.000000 0.999751 0.000000 -0.022307 0.000000 0.000000 0.000000
4118.478027 0.000000 2576.690186 0.000000 0.869046 0.000000 -0.494732 0.000000 0.000000 0.000000
4116.089355 0.000000 2586.613770 0.000000 0.773532 0.000000 -0.633757 0.000000 0.000000 0.000000
4103.979980 0.000000 2583.932129 0.000000 0.985863 0.000000 0.167556 0.000000 0.000000 0.000000
4161.451172 0.000000 2553.972412 0.000000 0.928569 0.000000 -0.371161 0.000000 0.000000 0.000000
4218.544434 0.000000 2582.219971 0.000000 0.980558 0.000000 -0.196227 0.000000 0.000000 0.000000
4223.487305 0.000000 2572.024658 0.000000 0.563426 0.000000 -0.826167 0.000000 0.000000 0.000000
4216.550781 0.000000 2574.656006 0.000000 0.888660 0.000000 -0.458567 0.000000 0.000000 0.000000
4211.456055 0.000000 2592.085205 0.000000 0.834570 0.000000 -0.550902 0.000000 0.000000 0.000000
4116.968750 0.000000 2650.406250 0.000000 0.682068 0.000000 -0.731289 0.000000 0.000000 0.000000
4159.487305 0.000000 2628.509033 0.000000 0.831631 0.000000 -0.555328 0.000000 0.000000 0.000000
4152.550781 0.000000 2631.140381 0.000000 0.973616 0.000000 0.228194 0.000000 0.000000 0.000000
4205.516602 0.000000 2613.014648 0.000000 0.988427 0.000000 -0.151699 0.000000 0.000000 0.000000
4167.671387 0.000000 2623.137695 0.000000 0.980730 0.000000 -0.195368 0.000000 0.000000 0.000000
4223.487305 0.000000 2628.509033 0.000000 0.999687 0.000000 -0.025009 0.000000 0.000000 0.000000
4186.122559 0.000000 2609.089600 0.000000 0.925625 0.000000 -0.378442 0.000000 0.000000 0.000000
4180.089355 0.000000 2643.098145 0.000000 0.983920 0.000000 -0.178613 0.000000 0.000000 0.000000
4162.500488 0.000000 2618.025391 0.000000 0.991819 0.000000 -0.127654 0.000000 0.000000 0.000000
4097.318848 0.000000 2693.654053 0.000000 0.650531 0.000000 -0.759480 0.000000 0.000000 0.000000
4114.127930 0.000000 2668.041748 0.000000 0.991242 0.000000 0.132061 0.000000 0.000000 0.000000
4122.979980 0.000000 2696.598389 0.000000 0.861833 0.000000 -0.507192 0.000000 0.000000 0.000000
4205.516602 0.000000 2669.499023 0.000000 0.823974 0.000000 -0.566628 0.000000 0.000000 0.000000
4218.544434 0.000000 2695.188721 0.000000 0.975012 0.000000 0.222152 0.000000 0.000000 0.000000
4201.563477 0.000000 2681.256592 0.000000 0.995212 0.000000 0.097743 0.000000 0.000000 0.000000
4218.368164 0.000000 2706.691650 0.000000 0.969699 0.000000 -0.244304 0.000000 0.000000 0.000000
4207.722656 0.000000 2699.085205 0.000000 0.979228 0.000000 0.202761 0.000000 0.000000 0.000000
4171.959473 0.000000 2703.256592 0.000000 0.977502 0.000000 0.210926 0.000000 0.000000 0.000000
4225.318848 0.000000 2693.654053 0.000000 0.967665 0.000000 -0.252240 0.000000 0.000000 0.000000
4255.758301 0.000000 2684.925293 0.000000 0.826686 0.000000 -0.562664 0.000000 0.000000 0.000000
4235.959473 0.000000 2703.256592 0.000000 0.561951 0.000000 -0.827171 0.000000 0.000000 0.000000
4154.544434 0.000000 2751.673096 0.000000 0.985442 0.000000 -0.170014 0.000000 0.000000 0.000000
4134.230957 0.000000 2749.779053 0.000000 0.959110 0.000000 -0.283032 0.000000 0.000000 0.000000
4154.807129 0.000000 2717.904541 0.000000 0.983668 0.000000 0.179993 0.000000 0.000000 0.000000
4205.516602 0.000000 2725.983398 0.000000 0.994773 0.000000 -0.102110 0.000000 0.000000 0.000000
4167.671387 0.000000 2736.106445 0.000000 0.988383 0.000000 -0.151985 0.000000 0.000000 0.000000
4191.453613 0.000000 2727.980225 0.000000 0.647514 0.000000 -0.762054 0.000000 0.000000 0.000000
4178.127930 0.000000 2724.526123 0.000000 0.565495 0.000000 -0.824752 0.000000 0.000000 0.000000
4215.638184 0.000000 2726.993408 0.000000 0.979512 0.000000 -0.201387 0.000000 0.000000 0.000000
4209.519043 0.000000 2717.579590 0.000000 0.773377 0.000000 -0.633946 0.000000 0.000000 0.000000
4141.516602 0.000000 2782.467773 0.000000 0.967315 0.000000 0.253577 0.000000 0.000000 0.000000
4239.272949 0.000000 2733.168457 0.000000 0.993079 0.000000 0.117451 0.000000 0.000000 0.000000
"}
object={
	name="french_dynamic_farmland_objects_generator_1_2"
	clamp_to_water_level=no
	render_under_water=no
	generated_content=yes
	layer="farms_dynamic"
	pdxmesh="windmill_01_mesh"
	count=24
	transform="4088.065674 0.000000 2680.128174 0.000000 0.316321 0.000000 -0.948652 0.000000 0.000000 0.000000
4060.793701 0.000000 2714.091797 0.000000 0.398119 0.000000 -0.917334 0.000000 0.000000 0.000000
4097.318848 0.000000 2580.685303 0.000000 0.319323 0.000000 -0.947646 0.000000 0.000000 0.000000
4127.453613 0.000000 2558.527100 0.000000 0.205170 0.000000 -0.978726 0.000000 0.000000 0.000000
4105.203613 0.000000 2577.497559 0.000000 0.088904 0.000000 -0.996040 0.000000 0.000000 0.000000
4157.292480 0.000000 2554.355957 0.000000 0.472941 0.000000 -0.881094 0.000000 0.000000 0.000000
4162.500488 0.000000 2561.541016 0.000000 0.268383 0.000000 -0.963312 0.000000 0.000000 0.000000
4192.032227 0.000000 2578.734863 0.000000 0.418445 0.000000 -0.908242 0.000000 0.000000 0.000000
4133.982422 0.000000 2648.542969 0.000000 0.184708 0.000000 -0.982793 0.000000 0.000000 0.000000
4180.968750 0.000000 2650.406250 0.000000 0.419156 0.000000 -0.907914 0.000000 0.000000 0.000000
4198.230957 0.000000 2636.810303 0.000000 0.063719 0.000000 -0.997968 0.000000 0.000000 0.000000
4097.451172 0.000000 2666.941162 0.000000 0.376495 0.000000 -0.926419 0.000000 0.000000 0.000000
4144.205566 0.000000 2711.224365 0.000000 0.379037 0.000000 -0.925381 0.000000 0.000000 0.000000
4100.458496 0.000000 2709.231689 0.000000 0.349636 0.000000 -0.936885 0.000000 0.000000 0.000000
4127.758301 0.000000 2684.925293 0.000000 0.201599 0.000000 -0.979468 0.000000 0.000000 0.000000
4159.487305 0.000000 2684.993408 0.000000 0.202212 0.000000 -0.979342 0.000000 0.000000 0.000000
4105.400879 0.000000 2670.884766 0.000000 0.180911 0.000000 -0.983499 0.000000 0.000000 0.000000
4186.979980 0.000000 2696.598389 0.000000 0.248466 0.000000 -0.968641 0.000000 0.000000 0.000000
4162.396484 0.000000 2656.627686 0.000000 0.052525 0.000000 -0.998620 0.000000 0.000000 0.000000
4224.254883 0.000000 2701.906494 0.000000 0.237061 0.000000 -0.971495 0.000000 0.000000 0.000000
4108.978516 0.000000 2711.986084 0.000000 0.007038 0.000000 -0.999975 0.000000 0.000000 0.000000
4188.793945 0.000000 2714.091797 0.000000 0.498332 0.000000 -0.866986 0.000000 0.000000 0.000000
4200.832520 0.000000 2714.751221 0.000000 0.325951 0.000000 -0.945387 0.000000 0.000000 0.000000
4232.407715 0.000000 2719.062256 0.000000 0.458451 0.000000 -0.888720 0.000000 0.000000 0.000000
"}
