object={
	name="iceberg_generator_1_0"
	clamp_to_water_level=yes
	render_under_water=yes
	generated_content=yes
	layer="semidynamic"
	pdxmesh="iceberg_01_mesh"
	count=18
	transform="3273.400879 0.000000 129.087875 0.000000 0.942796 0.000000 0.333371 1.000000 1.000000 1.000000
3268.048096 0.000000 121.318817 0.000000 0.434600 0.000000 0.900623 1.000000 1.000000 1.000000
3267.837158 0.000000 136.530838 0.000000 0.692164 0.000000 0.721740 1.000000 1.000000 1.000000
1754.074097 0.000000 3363.094482 0.000000 0.058712 0.000000 0.998275 1.000000 1.000000 1.000000
2004.089478 0.000000 3433.879395 0.000000 0.921949 0.000000 0.387312 1.000000 1.000000 1.000000
1950.530151 0.000000 3525.491211 0.000000 0.894898 0.000000 0.446270 1.000000 1.000000 1.000000
1970.318481 0.000000 3558.721436 0.000000 0.783962 0.000000 0.620809 1.000000 1.000000 1.000000
2510.873047 0.000000 3453.593994 0.000000 0.556761 0.000000 0.830673 1.000000 1.000000 1.000000
2927.722412 0.000000 3207.444580 0.000000 0.415872 0.000000 0.909423 1.000000 1.000000 1.000000
2887.914795 0.000000 3334.415039 0.000000 0.897268 0.000000 0.441486 1.000000 1.000000 1.000000
3464.407471 0.000000 3509.843506 0.000000 0.312243 0.000000 0.950002 1.000000 1.000000 1.000000
3477.668701 0.000000 3511.820068 0.000000 0.057787 0.000000 0.998329 1.000000 1.000000 1.000000
3586.396484 0.000000 3503.893311 0.000000 0.936566 0.000000 0.350492 1.000000 1.000000 1.000000
3592.407471 0.000000 3509.843506 0.000000 0.636993 0.000000 0.770870 1.000000 1.000000 1.000000
4713.563477 0.000000 3472.037842 0.000000 0.433471 0.000000 0.901168 1.000000 1.000000 1.000000
4743.671387 0.000000 3470.403320 0.000000 0.834838 0.000000 0.550495 1.000000 1.000000 1.000000
4740.032715 0.000000 3477.158447 0.000000 0.643010 0.000000 0.765858 1.000000 1.000000 1.000000
4745.203613 0.000000 3481.247559 0.000000 0.801639 0.000000 0.597809 1.000000 1.000000 1.000000
"}
object={
	name="iceberg_generator_1_1"
	clamp_to_water_level=yes
	render_under_water=yes
	generated_content=yes
	layer="semidynamic"
	pdxmesh="iceberg_02_mesh"
	count=5
	transform="3275.786377 0.000000 118.021675 0.000000 0.990721 0.000000 0.135911 1.000000 1.000000 1.000000
2950.215332 0.000000 3155.578369 0.000000 0.999046 0.000000 -0.043673 1.000000 1.000000 1.000000
2570.351318 0.000000 3184.003906 0.000000 0.972130 0.000000 -0.234443 1.000000 1.000000 1.000000
3359.334473 0.000000 3373.563477 0.000000 0.940683 0.000000 -0.339285 1.000000 1.000000 1.000000
3458.396484 0.000000 3447.408936 0.000000 0.991088 0.000000 -0.133208 1.000000 1.000000 1.000000
"}
object={
	name="iceberg_generator_1_2"
	clamp_to_water_level=yes
	render_under_water=yes
	generated_content=yes
	layer="semidynamic"
	pdxmesh="iceberg_03_mesh"
	count=11
	transform="3265.451416 0.000000 125.144379 0.000000 0.362971 0.000000 -0.931800 1.000000 1.000000 1.000000
1968.205444 0.000000 3558.489990 0.000000 0.608237 0.000000 -0.793755 1.000000 1.000000 1.000000
2924.083252 0.000000 3465.607910 0.000000 0.274169 0.000000 -0.961681 1.000000 1.000000 1.000000
3265.451416 0.000000 3288.269287 0.000000 0.672858 0.000000 -0.739771 1.000000 1.000000 1.000000
3389.658936 0.000000 3367.893799 0.000000 0.430619 0.000000 -0.902534 1.000000 1.000000 1.000000
3365.098633 0.000000 3375.449219 0.000000 0.206939 0.000000 -0.978354 1.000000 1.000000 1.000000
3549.237549 0.000000 3422.584717 0.000000 0.702314 0.000000 -0.711868 1.000000 1.000000 1.000000
4703.453613 0.000000 3462.277100 0.000000 0.785693 0.000000 -0.618617 1.000000 1.000000 1.000000
4703.758301 0.000000 3475.706543 0.000000 0.597652 0.000000 -0.801755 1.000000 1.000000 1.000000
4706.015137 0.000000 3466.042480 0.000000 0.055154 0.000000 -0.998478 1.000000 1.000000 1.000000
4738.500488 0.000000 3465.291016 0.000000 0.107488 0.000000 -0.994206 1.000000 1.000000 1.000000
"}
