object={
	name="latin_dynamic_forestry_objects_generator_1_0"
	clamp_to_water_level=no
	render_under_water=no
	generated_content=yes
	layer="forestry_dynamic"
	pdxmesh="latin_forestry_scatter_01_mesh"
	count=11
	transform="3137.451416 0.000000 1424.285034 0.000000 0.549841 0.000000 0.835269 0.000000 0.000000 0.000000
1914.544556 0.000000 1904.407471 0.000000 0.941111 0.000000 0.338097 0.000000 0.000000 0.000000
1583.722534 0.000000 2190.725830 0.000000 0.444099 0.000000 0.895978 0.000000 0.000000 0.000000
1784.065796 0.000000 2171.768799 0.000000 0.051313 0.000000 0.998683 0.000000 0.000000 0.000000
1829.982422 0.000000 2083.699219 0.000000 0.986735 0.000000 0.162341 0.000000 0.000000 0.000000
1823.453491 0.000000 2106.652100 0.000000 0.075669 0.000000 0.997133 0.000000 0.000000 0.000000
1473.319092 0.000000 2298.263428 0.000000 0.831387 0.000000 0.555694 0.000000 0.000000 0.000000
2049.319092 0.000000 1959.357178 0.000000 0.720900 0.000000 0.693039 0.000000 0.000000 0.000000
2076.793701 0.000000 1979.794922 0.000000 0.260940 0.000000 0.965355 0.000000 0.000000 0.000000
2060.978516 0.000000 1977.689087 0.000000 0.206713 0.000000 0.978402 0.000000 0.000000 0.000000
2079.453613 0.000000 1993.683228 0.000000 0.925100 0.000000 0.379723 0.000000 0.000000 0.000000
"}
object={
	name="latin_dynamic_forestry_objects_generator_1_1"
	clamp_to_water_level=no
	render_under_water=no
	generated_content=yes
	layer="forestry_dynamic"
	pdxmesh="latin_forestry_scatter_02_mesh"
	count=10
	transform="1894.231201 0.000000 1902.513428 0.000000 0.157672 0.000000 -0.987491 0.000000 0.000000 0.000000
2032.205444 0.000000 1920.443115 0.000000 0.999041 0.000000 -0.043786 0.000000 0.000000 0.000000
1850.544556 0.000000 1960.891846 0.000000 0.277311 0.000000 -0.960780 0.000000 0.000000 0.000000
2029.516602 0.000000 1935.202026 0.000000 0.899374 0.000000 -0.437179 0.000000 0.000000 0.000000
1791.957886 0.000000 2167.305176 0.000000 0.996469 0.000000 -0.083966 0.000000 0.000000 0.000000
1850.544556 0.000000 2073.860596 0.000000 0.082276 0.000000 -0.996610 0.000000 0.000000 0.000000
1803.959473 0.000000 2081.928467 0.000000 0.158451 0.000000 -0.987367 0.000000 0.000000 0.000000
1822.236938 0.000000 2142.451660 0.000000 0.986354 0.000000 -0.164640 0.000000 0.000000 0.000000
1804.978516 0.000000 2147.142334 0.000000 0.904355 0.000000 -0.426781 0.000000 0.000000 0.000000
2069.705078 0.000000 1947.336426 0.000000 0.270291 0.000000 -0.962779 0.000000 0.000000 0.000000
"}
