object={
	name="latin_dynamic_mining_objects_generator_1_0"
	clamp_to_water_level=no
	render_under_water=no
	generated_content=yes
	layer="mines_dynamic"
	pdxmesh="latin_mining_coaldepo_01_mesh"
	count=344
	transform="2468.620605 0.000000 385.614746 0.000000 0.667373 0.000000 0.744724 0.000000 0.000000 0.000000
2470.231201 0.000000 659.857178 0.000000 0.473522 0.000000 0.880782 0.000000 0.000000 0.000000
2462.236816 0.000000 673.858032 0.000000 0.919787 0.000000 0.392417 0.000000 0.000000 0.000000
2474.009521 0.000000 676.264771 0.000000 0.544803 0.000000 0.838564 0.000000 0.000000 0.000000
2474.673340 0.000000 677.956421 0.000000 0.751918 0.000000 0.659257 0.000000 0.000000 0.000000
2545.519043 0.000000 740.626526 0.000000 0.310971 0.000000 0.950419 0.000000 0.000000 0.000000
2540.063232 0.000000 743.286011 0.000000 0.609220 0.000000 0.793001 0.000000 0.000000 0.000000
2550.173828 0.000000 740.481140 0.000000 0.594474 0.000000 0.804115 0.000000 0.000000 0.000000
2557.524170 0.000000 751.366577 0.000000 0.705748 0.000000 0.708463 0.000000 0.000000 0.000000
2543.663086 0.000000 744.308777 0.000000 0.441457 0.000000 0.897282 0.000000 0.000000 0.000000
2536.974609 0.000000 745.818420 0.000000 0.174951 0.000000 0.984577 0.000000 0.000000 0.000000
2500.763672 0.000000 883.457825 0.000000 0.604506 0.000000 0.796601 0.000000 0.000000 0.000000
2502.424561 0.000000 867.625793 0.000000 0.455177 0.000000 0.890401 0.000000 0.000000 0.000000
2687.586426 0.000000 618.278320 0.000000 0.920319 0.000000 0.391168 0.000000 0.000000 0.000000
2686.419189 0.000000 606.991028 0.000000 0.897419 0.000000 0.441179 0.000000 0.000000 0.000000
2699.959473 0.000000 613.334595 0.000000 0.927752 0.000000 0.373197 0.000000 0.000000 0.000000
2702.007324 0.000000 595.733948 0.000000 0.883703 0.000000 0.468049 0.000000 0.000000 0.000000
2697.640869 0.000000 618.031616 0.000000 0.810163 0.000000 0.586205 0.000000 0.000000 0.000000
2709.208252 0.000000 604.722961 0.000000 0.727614 0.000000 0.685987 0.000000 0.000000 0.000000
2697.063721 0.000000 595.305725 0.000000 0.196562 0.000000 0.980491 0.000000 0.000000 0.000000
2702.875732 0.000000 609.605774 0.000000 0.916707 0.000000 0.399561 0.000000 0.000000 0.000000
2705.939453 0.000000 606.639343 0.000000 0.842463 0.000000 0.538755 0.000000 0.000000 0.000000
2561.451416 0.000000 746.472534 0.000000 0.043728 0.000000 0.999043 0.000000 0.000000 0.000000
2566.424561 0.000000 754.657043 0.000000 0.178468 0.000000 0.983946 0.000000 0.000000 0.000000
2644.968506 0.000000 786.421997 0.000000 0.693633 0.000000 0.720329 0.000000 0.000000 0.000000
2708.968506 0.000000 786.421997 0.000000 0.167865 0.000000 0.985810 0.000000 0.000000 0.000000
2695.979980 0.000000 776.432190 0.000000 0.922564 0.000000 0.385843 0.000000 0.000000 0.000000
2697.063721 0.000000 764.758850 0.000000 0.150651 0.000000 0.988587 0.000000 0.000000 0.000000
2699.941895 0.000000 776.100891 0.000000 0.009989 0.000000 0.999950 0.000000 0.000000 0.000000
2705.939453 0.000000 776.092468 0.000000 0.465680 0.000000 0.884953 0.000000 0.000000 0.000000
2711.836426 0.000000 784.909729 0.000000 0.621573 0.000000 0.783356 0.000000 0.000000 0.000000
2811.211426 0.000000 763.915039 0.000000 0.466781 0.000000 0.884373 0.000000 0.000000 0.000000
2812.832764 0.000000 766.618652 0.000000 0.720087 0.000000 0.693884 0.000000 0.000000 0.000000
2618.807129 0.000000 797.435791 0.000000 0.226223 0.000000 0.974076 0.000000 0.000000 0.000000
2591.758545 0.000000 820.940857 0.000000 0.911562 0.000000 0.411163 0.000000 0.000000 0.000000
2582.477783 0.000000 825.674561 0.000000 0.273823 0.000000 0.961780 0.000000 0.000000 0.000000
2580.089355 0.000000 835.598145 0.000000 0.671545 0.000000 0.740964 0.000000 0.000000 0.000000
2590.530029 0.000000 814.241333 0.000000 0.044013 0.000000 0.999031 0.000000 0.000000 0.000000
2586.073975 0.000000 821.297668 0.000000 0.064054 0.000000 0.997946 0.000000 0.000000 0.000000
2576.971924 0.000000 839.958252 0.000000 0.155050 0.000000 0.987907 0.000000 0.000000 0.000000
2574.875732 0.000000 835.543274 0.000000 0.674998 0.000000 0.737820 0.000000 0.000000 0.000000
2589.237549 0.000000 824.303467 0.000000 0.907961 0.000000 0.419055 0.000000 0.000000 0.000000
2587.932861 0.000000 811.050903 0.000000 0.747850 0.000000 0.663868 0.000000 0.000000 0.000000
2622.624512 0.000000 799.601379 0.000000 0.172285 0.000000 0.985047 0.000000 0.000000 0.000000
2573.507080 0.000000 826.595703 0.000000 0.049555 0.000000 0.998771 0.000000 0.000000 0.000000
2581.503174 0.000000 839.100464 0.000000 0.550288 0.000000 0.834975 0.000000 0.000000 0.000000
2583.293701 0.000000 814.346008 0.000000 0.890894 0.000000 0.454212 0.000000 0.000000 0.000000
2618.028564 0.000000 803.879822 0.000000 0.909818 0.000000 0.415006 0.000000 0.000000 0.000000
2642.283447 0.000000 791.913940 0.000000 0.496899 0.000000 0.867808 0.000000 0.000000 0.000000
2630.330566 0.000000 802.878052 0.000000 0.032397 0.000000 0.999475 0.000000 0.000000 0.000000
2628.048096 0.000000 799.131287 0.000000 0.780534 0.000000 0.625114 0.000000 0.000000 0.000000
2630.424561 0.000000 811.141418 0.000000 0.375152 0.000000 0.926963 0.000000 0.000000 0.000000
2629.464844 0.000000 795.563171 0.000000 0.235023 0.000000 0.971990 0.000000 0.000000 0.000000
2744.065674 0.000000 816.143860 0.000000 0.462916 0.000000 0.886402 0.000000 0.000000 0.000000
2746.807129 0.000000 797.435791 0.000000 0.863911 0.000000 0.503645 0.000000 0.000000 0.000000
2751.957764 0.000000 811.680237 0.000000 0.908743 0.000000 0.417356 0.000000 0.000000 0.000000
2751.487305 0.000000 821.008972 0.000000 0.183202 0.000000 0.983075 0.000000 0.000000 0.000000
2744.551025 0.000000 823.640442 0.000000 0.305898 0.000000 0.952064 0.000000 0.000000 0.000000
2749.292725 0.000000 803.340210 0.000000 0.746492 0.000000 0.665394 0.000000 0.000000 0.000000
2749.524170 0.000000 807.850952 0.000000 0.851036 0.000000 0.525107 0.000000 0.000000 0.000000
2747.211426 0.000000 820.399414 0.000000 0.911254 0.000000 0.411844 0.000000 0.000000 0.000000
2750.624512 0.000000 799.601379 0.000000 0.783457 0.000000 0.621446 0.000000 0.000000 0.000000
2753.017578 0.000000 817.474304 0.000000 0.448990 0.000000 0.893537 0.000000 0.000000 0.000000
2758.424561 0.000000 811.141418 0.000000 0.128363 0.000000 0.991727 0.000000 0.000000 0.000000
2756.755371 0.000000 818.653931 0.000000 0.463909 0.000000 0.885883 0.000000 0.000000 0.000000
2817.319092 0.000000 773.185303 0.000000 0.523137 0.000000 0.852249 0.000000 0.000000 0.000000
2847.758545 0.000000 764.456482 0.000000 0.378973 0.000000 0.925408 0.000000 0.000000 0.000000
2825.400879 0.000000 750.416016 0.000000 0.310696 0.000000 0.950509 0.000000 0.000000 0.000000
2831.273193 0.000000 756.215454 0.000000 0.665344 0.000000 0.746537 0.000000 0.000000 0.000000
2839.890625 0.000000 753.354553 0.000000 0.530097 0.000000 0.847937 0.000000 0.000000 0.000000
2825.203857 0.000000 769.997681 0.000000 0.695127 0.000000 0.718887 0.000000 0.000000 0.000000
2842.709961 0.000000 771.336792 0.000000 0.920125 0.000000 0.391624 0.000000 0.000000 0.000000
2838.937256 0.000000 748.724243 0.000000 0.582625 0.000000 0.812741 0.000000 0.000000 0.000000
2837.668701 0.000000 744.085754 0.000000 0.187423 0.000000 0.982279 0.000000 0.000000 0.000000
2820.763672 0.000000 770.489075 0.000000 0.778420 0.000000 0.627743 0.000000 0.000000 0.000000
2816.163086 0.000000 769.043396 0.000000 0.311753 0.000000 0.950163 0.000000 0.000000 0.000000
2845.237549 0.000000 767.819092 0.000000 0.176368 0.000000 0.984324 0.000000 0.000000 0.000000
2820.755371 0.000000 762.169556 0.000000 0.060585 0.000000 0.998163 0.000000 0.000000 0.000000
2833.939453 0.000000 776.092468 0.000000 0.265426 0.000000 0.964131 0.000000 0.000000 0.000000
2820.957520 0.000000 774.143982 0.000000 0.925368 0.000000 0.379070 0.000000 0.000000 0.000000
2825.866211 0.000000 773.369202 0.000000 0.676500 0.000000 0.736442 0.000000 0.000000 0.000000
2834.230469 0.000000 772.332397 0.000000 0.688915 0.000000 0.724842 0.000000 0.000000 0.000000
2816.894775 0.000000 764.596985 0.000000 0.698041 0.000000 0.716057 0.000000 0.000000 0.000000
2831.197021 0.000000 745.929626 0.000000 0.702904 0.000000 0.711285 0.000000 0.000000 0.000000
2894.953369 0.000000 844.752930 0.000000 0.237306 0.000000 0.971435 0.000000 0.000000 0.000000
2874.544434 0.000000 887.688721 0.000000 0.365613 0.000000 0.930767 0.000000 0.000000 0.000000
2868.365479 0.000000 886.531860 0.000000 0.859162 0.000000 0.511704 0.000000 0.000000 0.000000
2877.248291 0.000000 893.267700 0.000000 0.446165 0.000000 0.894951 0.000000 0.000000 0.000000
2877.658936 0.000000 882.581360 0.000000 0.582894 0.000000 0.812548 0.000000 0.000000 0.000000
2900.968506 0.000000 899.390747 0.000000 0.896515 0.000000 0.443014 0.000000 0.000000 0.000000
2906.122314 0.000000 858.074036 0.000000 0.075982 0.000000 0.997109 0.000000 0.000000 0.000000
2905.621582 0.000000 895.140503 0.000000 0.339593 0.000000 0.940573 0.000000 0.000000 0.000000
2911.825928 0.000000 855.388000 0.000000 0.501441 0.000000 0.865192 0.000000 0.000000 0.000000
2905.237549 0.000000 853.424500 0.000000 0.846267 0.000000 0.532759 0.000000 0.000000 0.000000
2893.507080 0.000000 883.080078 0.000000 0.248781 0.000000 0.968560 0.000000 0.000000 0.000000
2908.431641 0.000000 854.773499 0.000000 0.723760 0.000000 0.690052 0.000000 0.000000 0.000000
2511.130859 0.000000 1056.090576 0.000000 0.116998 0.000000 0.993132 0.000000 0.000000 0.000000
2473.656006 0.000000 1113.312866 0.000000 0.661070 0.000000 0.750325 0.000000 0.000000 0.000000
2527.334473 0.000000 1114.188599 0.000000 0.091587 0.000000 0.995797 0.000000 0.000000 0.000000
2547.214111 0.000000 1119.460327 0.000000 0.710226 0.000000 0.703974 0.000000 0.000000 0.000000
2537.322754 0.000000 1121.478760 0.000000 0.642875 0.000000 0.765971 0.000000 0.000000 0.000000
2477.516602 0.000000 1313.873901 0.000000 0.135208 0.000000 0.990817 0.000000 0.000000 0.000000
2472.832275 0.000000 1302.641724 0.000000 0.284279 0.000000 0.958742 0.000000 0.000000 0.000000
2481.519043 0.000000 1305.470215 0.000000 0.933340 0.000000 0.358994 0.000000 0.000000 0.000000
2482.789307 0.000000 1311.227905 0.000000 0.498700 0.000000 0.866775 0.000000 0.000000 0.000000
2476.083252 0.000000 1319.201660 0.000000 0.297310 0.000000 0.954781 0.000000 0.000000 0.000000
2472.015625 0.000000 1306.769165 0.000000 0.807222 0.000000 0.590248 0.000000 0.000000 0.000000
2472.974609 0.000000 1310.662231 0.000000 0.417575 0.000000 0.908643 0.000000 0.000000 0.000000
2479.145508 0.000000 1317.288452 0.000000 0.524451 0.000000 0.851441 0.000000 0.000000 0.000000
2484.014648 0.000000 1307.983887 0.000000 0.879635 0.000000 0.475649 0.000000 0.000000 0.000000
2483.759033 0.000000 1330.505493 0.000000 0.856170 0.000000 0.516694 0.000000 0.000000 0.000000
2621.248291 0.000000 949.752075 0.000000 0.317656 0.000000 0.948206 0.000000 0.000000 0.000000
2621.508057 0.000000 953.526794 0.000000 0.825431 0.000000 0.564504 0.000000 0.000000 0.000000
2618.305176 0.000000 947.731445 0.000000 0.543022 0.000000 0.839718 0.000000 0.000000 0.000000
2687.957764 0.000000 924.648987 0.000000 0.933969 0.000000 0.357353 0.000000 0.000000 0.000000
2662.893555 0.000000 923.197327 0.000000 0.080155 0.000000 0.996782 0.000000 0.000000 0.000000
2665.385498 0.000000 936.668152 0.000000 0.205276 0.000000 0.978704 0.000000 0.000000 0.000000
2682.511719 0.000000 924.260010 0.000000 0.068414 0.000000 0.997657 0.000000 0.000000 0.000000
2625.884521 0.000000 954.802551 0.000000 0.890037 0.000000 0.455888 0.000000 0.000000 0.000000
2664.015625 0.000000 911.378601 0.000000 0.328426 0.000000 0.944530 0.000000 0.000000 0.000000
2669.311035 0.000000 938.099915 0.000000 0.711758 0.000000 0.702424 0.000000 0.000000 0.000000
2678.382080 0.000000 933.077637 0.000000 0.126681 0.000000 0.991943 0.000000 0.000000 0.000000
2669.375000 0.000000 928.671692 0.000000 0.619159 0.000000 0.785266 0.000000 0.000000 0.000000
2677.013428 0.000000 938.396362 0.000000 0.702904 0.000000 0.711285 0.000000 0.000000 0.000000
2664.974609 0.000000 915.271545 0.000000 0.633638 0.000000 0.773629 0.000000 0.000000 0.000000
2670.042969 0.000000 909.604675 0.000000 0.374531 0.000000 0.927215 0.000000 0.000000 0.000000
2666.288330 0.000000 926.897827 0.000000 0.083652 0.000000 0.996495 0.000000 0.000000 0.000000
2675.759033 0.000000 935.114868 0.000000 0.093307 0.000000 0.995637 0.000000 0.000000 0.000000
2682.544434 0.000000 1000.657471 0.000000 0.707820 0.000000 0.706393 0.000000 0.000000 0.000000
2672.205322 0.000000 1016.693115 0.000000 0.815810 0.000000 0.578320 0.000000 0.000000 0.000000
2680.065674 0.000000 985.596985 0.000000 0.087424 0.000000 0.996171 0.000000 0.000000 0.000000
2671.722412 0.000000 1004.554016 0.000000 0.870620 0.000000 0.491957 0.000000 0.000000 0.000000
2679.107910 0.000000 1005.435669 0.000000 0.067631 0.000000 0.997710 0.000000 0.000000 0.000000
2674.585205 0.000000 988.128601 0.000000 0.189719 0.000000 0.981838 0.000000 0.000000 0.000000
2685.212891 0.000000 985.626160 0.000000 0.345013 0.000000 0.938598 0.000000 0.000000 0.000000
2683.211426 0.000000 989.852539 0.000000 0.567684 0.000000 0.823246 0.000000 0.000000 0.000000
2686.419189 0.000000 1002.381653 0.000000 0.245368 0.000000 0.969430 0.000000 0.000000 0.000000
2678.382080 0.000000 989.562012 0.000000 0.064408 0.000000 0.997924 0.000000 0.000000 0.000000
2672.024170 0.000000 1012.769409 0.000000 0.491504 0.000000 0.870875 0.000000 0.000000 0.000000
2675.402588 0.000000 1014.201599 0.000000 0.290871 0.000000 0.956762 0.000000 0.000000 0.000000
2665.656006 0.000000 1000.344116 0.000000 0.405102 0.000000 0.914271 0.000000 0.000000 0.000000
2675.634277 0.000000 1002.962219 0.000000 0.529919 0.000000 0.848048 0.000000 0.000000 0.000000
2671.917480 0.000000 997.016418 0.000000 0.228757 0.000000 0.973484 0.000000 0.000000 0.000000
2682.305176 0.000000 1004.215820 0.000000 0.924372 0.000000 0.381493 0.000000 0.000000 0.000000
2688.513916 0.000000 919.830872 0.000000 0.221816 0.000000 0.975088 0.000000 0.000000 0.000000
2688.163086 0.000000 994.980896 0.000000 0.837190 0.000000 0.546913 0.000000 0.000000 0.000000
2582.937256 0.000000 1031.146118 0.000000 0.864688 0.000000 0.502309 0.000000 0.000000 0.000000
2729.563477 0.000000 1099.694092 0.000000 0.609075 0.000000 0.793113 0.000000 0.000000 0.000000
2743.637939 0.000000 1088.946533 0.000000 0.896421 0.000000 0.443203 0.000000 0.000000 0.000000
2736.541992 0.000000 1095.788330 0.000000 0.515561 0.000000 0.856853 0.000000 0.000000 0.000000
2738.789307 0.000000 1085.290405 0.000000 0.270830 0.000000 0.962627 0.000000 0.000000 0.000000
2738.585205 0.000000 1101.097412 0.000000 0.930468 0.000000 0.366373 0.000000 0.000000 0.000000
2741.993896 0.000000 1094.489258 0.000000 0.296301 0.000000 0.955095 0.000000 0.000000 0.000000
2739.863525 0.000000 1097.575806 0.000000 0.880161 0.000000 0.474675 0.000000 0.000000 0.000000
2714.987305 0.000000 1073.291870 0.000000 0.851906 0.000000 0.523695 0.000000 0.000000 0.000000
2740.463867 0.000000 1088.284912 0.000000 0.690389 0.000000 0.723439 0.000000 0.000000 0.000000
2911.758545 0.000000 933.909607 0.000000 0.158164 0.000000 0.987413 0.000000 0.000000 0.000000
2918.893555 0.000000 923.197327 0.000000 0.525735 0.000000 0.850649 0.000000 0.000000 0.000000
2910.530029 0.000000 927.210083 0.000000 0.230119 0.000000 0.973163 0.000000 0.000000 0.000000
2894.220459 0.000000 920.830933 0.000000 0.138383 0.000000 0.990379 0.000000 0.000000 0.000000
2899.007568 0.000000 921.828369 0.000000 0.748517 0.000000 0.663116 0.000000 0.000000 0.000000
2918.535645 0.000000 933.258118 0.000000 0.782490 0.000000 0.622663 0.000000 0.000000 0.000000
2898.190674 0.000000 913.272156 0.000000 0.346525 0.000000 0.938041 0.000000 0.000000 0.000000
2837.705078 0.000000 987.102051 0.000000 0.203329 0.000000 0.979110 0.000000 0.000000 0.000000
3014.215332 0.000000 1009.171997 0.000000 0.802912 0.000000 0.596098 0.000000 0.000000 0.000000
3024.971924 0.000000 1009.411377 0.000000 0.768463 0.000000 0.639894 0.000000 0.000000 0.000000
3034.709961 0.000000 997.274292 0.000000 0.115070 0.000000 0.993357 0.000000 0.000000 0.000000
3037.237549 0.000000 993.756592 0.000000 0.514600 0.000000 0.857430 0.000000 0.000000 0.000000
3019.941895 0.000000 1002.038391 0.000000 0.097448 0.000000 0.995241 0.000000 0.000000 0.000000
3012.957520 0.000000 1000.081482 0.000000 0.104165 0.000000 0.994560 0.000000 0.000000 0.000000
2842.979736 0.000000 1115.035889 0.000000 0.659507 0.000000 0.751698 0.000000 0.000000 0.000000
2846.236816 0.000000 1125.733032 0.000000 0.607018 0.000000 0.794688 0.000000 0.000000 0.000000
2839.371094 0.000000 1116.217041 0.000000 0.904558 0.000000 0.426351 0.000000 0.000000 0.000000
2845.392090 0.000000 1117.876587 0.000000 0.511484 0.000000 0.859293 0.000000 0.000000 0.000000
2854.346680 0.000000 1127.460815 0.000000 0.845908 0.000000 0.533328 0.000000 0.000000 0.000000
3045.432373 0.000000 1084.230225 0.000000 0.037989 0.000000 0.999278 0.000000 0.000000 0.000000
3069.292725 0.000000 1085.762085 0.000000 0.733437 0.000000 0.679758 0.000000 0.000000 0.000000
3058.789307 0.000000 1085.290405 0.000000 0.871944 0.000000 0.489606 0.000000 0.000000 0.000000
3042.015137 0.000000 1093.698608 0.000000 0.532873 0.000000 0.846195 0.000000 0.000000 0.000000
3012.032471 0.000000 1330.752197 0.000000 0.130153 0.000000 0.991494 0.000000 0.000000 0.000000
3028.089355 0.000000 1343.957520 0.000000 0.711258 0.000000 0.702931 0.000000 0.000000 0.000000
3017.203857 0.000000 1334.841431 0.000000 0.391293 0.000000 0.920266 0.000000 0.000000 0.000000
3029.208252 0.000000 1339.019897 0.000000 0.814508 0.000000 0.580153 0.000000 0.000000 0.000000
3011.505127 0.000000 1342.566772 0.000000 0.875728 0.000000 0.482805 0.000000 0.000000 0.000000
3012.763672 0.000000 1335.332886 0.000000 0.030072 0.000000 0.999548 0.000000 0.000000 0.000000
3031.371094 0.000000 1342.154541 0.000000 0.480075 0.000000 0.877228 0.000000 0.000000 0.000000
2329.621582 0.000000 1403.499878 0.000000 0.819765 0.000000 0.572700 0.000000 0.000000 0.000000
2325.503174 0.000000 1403.944214 0.000000 0.191150 0.000000 0.981561 0.000000 0.000000 0.000000
2312.407471 0.000000 1419.921753 0.000000 0.581122 0.000000 0.813817 0.000000 0.000000 0.000000
2326.937256 0.000000 1426.536743 0.000000 0.651753 0.000000 0.758432 0.000000 0.000000 0.000000
2376.407471 0.000000 1532.890503 0.000000 0.452910 0.000000 0.891556 0.000000 0.000000 0.000000
2383.273193 0.000000 1546.996704 0.000000 0.629418 0.000000 0.777067 0.000000 0.000000 0.000000
2382.873047 0.000000 1533.125244 0.000000 0.093876 0.000000 0.995584 0.000000 0.000000 0.000000
2380.552734 0.000000 1551.272217 0.000000 0.931328 0.000000 0.364180 0.000000 0.000000 0.000000
2379.929443 0.000000 1537.083984 0.000000 0.796589 0.000000 0.604521 0.000000 0.000000 0.000000
2374.330566 0.000000 1537.174927 0.000000 0.650314 0.000000 0.759666 0.000000 0.000000 0.000000
2378.351318 0.000000 1545.957031 0.000000 0.369827 0.000000 0.929101 0.000000 0.000000 0.000000
2385.260010 0.000000 1551.535278 0.000000 0.071680 0.000000 0.997428 0.000000 0.000000 0.000000
2130.579102 0.000000 1806.204468 0.000000 0.920614 0.000000 0.390474 0.000000 0.000000 0.000000
2409.563477 0.000000 1664.537842 0.000000 0.492953 0.000000 0.870056 0.000000 0.000000 0.000000
2402.900879 0.000000 1638.111572 0.000000 0.877969 0.000000 0.478718 0.000000 0.000000 0.000000
2404.045898 0.000000 1643.321777 0.000000 0.608479 0.000000 0.793570 0.000000 0.000000 0.000000
2408.763184 0.000000 1653.169067 0.000000 0.773782 0.000000 0.633453 0.000000 0.000000 0.000000
2406.535645 0.000000 1667.554932 0.000000 0.385079 0.000000 0.922884 0.000000 0.000000 0.000000
2441.640869 0.000000 1634.750366 0.000000 0.884964 0.000000 0.465660 0.000000 0.000000 0.000000
2458.979736 0.000000 1679.879639 0.000000 0.934497 0.000000 0.355971 0.000000 0.000000 0.000000
2469.982422 0.000000 1688.308716 0.000000 0.277617 0.000000 0.960692 0.000000 0.000000 0.000000
2446.953369 0.000000 1692.018555 0.000000 0.643730 0.000000 0.765253 0.000000 0.000000 0.000000
2465.947754 0.000000 1687.520386 0.000000 0.864702 0.000000 0.502285 0.000000 0.000000 0.000000
2470.346680 0.000000 1692.304565 0.000000 0.922086 0.000000 0.386986 0.000000 0.000000 0.000000
2504.407471 0.000000 1702.343628 0.000000 0.257500 0.000000 0.966278 0.000000 0.000000 0.000000
2510.220459 0.000000 1711.612183 0.000000 0.917313 0.000000 0.398168 0.000000 0.000000 0.000000
2506.351318 0.000000 1715.410156 0.000000 0.467178 0.000000 0.884163 0.000000 0.000000 0.000000
2515.771729 0.000000 1717.156738 0.000000 0.673083 0.000000 0.739567 0.000000 0.000000 0.000000
2513.260010 0.000000 1720.988403 0.000000 0.620164 0.000000 0.784472 0.000000 0.000000 0.000000
2647.890625 0.000000 1431.167114 0.000000 0.821958 0.000000 0.569549 0.000000 0.000000 0.000000
2630.330566 0.000000 1424.206177 0.000000 0.021372 0.000000 0.999772 0.000000 0.000000 0.000000
2643.771729 0.000000 1434.734863 0.000000 0.295454 0.000000 0.955357 0.000000 0.000000 0.000000
2651.131592 0.000000 1428.230591 0.000000 0.604998 0.000000 0.796227 0.000000 0.000000 0.000000
2647.293701 0.000000 1435.674194 0.000000 0.786329 0.000000 0.617808 0.000000 0.000000 0.000000
2803.456055 0.000000 1575.366333 0.000000 0.607182 0.000000 0.794563 0.000000 0.000000 0.000000
2796.662354 0.000000 1575.658325 0.000000 0.465498 0.000000 0.885049 0.000000 0.000000 0.000000
2804.365479 0.000000 1564.344360 0.000000 0.723343 0.000000 0.690489 0.000000 0.000000 0.000000
2785.947754 0.000000 1574.551636 0.000000 0.793034 0.000000 0.609177 0.000000 0.000000 0.000000
2800.647949 0.000000 1565.553833 0.000000 0.095342 0.000000 0.995445 0.000000 0.000000 0.000000
2796.412598 0.000000 1567.351807 0.000000 0.852338 0.000000 0.522992 0.000000 0.000000 0.000000
2796.376709 0.000000 1571.345825 0.000000 0.588774 0.000000 0.808297 0.000000 0.000000 0.000000
2803.402588 0.000000 1579.045410 0.000000 0.822414 0.000000 0.568889 0.000000 0.000000 0.000000
2803.634277 0.000000 1567.806030 0.000000 0.072437 0.000000 0.997373 0.000000 0.000000 0.000000
2799.917480 0.000000 1561.860107 0.000000 0.830673 0.000000 0.556761 0.000000 0.000000 0.000000
2931.214111 0.000000 1571.335327 0.000000 0.188970 0.000000 0.981983 0.000000 0.000000 0.000000
2928.024170 0.000000 1577.613159 0.000000 0.884473 0.000000 0.466591 0.000000 0.000000 0.000000
2682.368164 0.000000 1689.972778 0.000000 0.048727 0.000000 0.998812 0.000000 0.000000 0.000000
2676.365479 0.000000 1677.313110 0.000000 0.669741 0.000000 0.742595 0.000000 0.000000 0.000000
2655.334473 0.000000 1679.032349 0.000000 0.137747 0.000000 0.990467 0.000000 0.000000 0.000000
2658.735840 0.000000 1677.699951 0.000000 0.899790 0.000000 0.436323 0.000000 0.000000 0.000000
2797.943604 0.000000 1583.917480 0.000000 0.266945 0.000000 0.963712 0.000000 0.000000 0.000000
2794.673340 0.000000 1581.706421 0.000000 0.308405 0.000000 0.951255 0.000000 0.000000 0.000000
3116.760498 0.000000 998.739502 0.000000 0.903820 0.000000 0.427913 0.000000 0.000000 0.000000
3123.214111 0.000000 1006.491577 0.000000 0.230259 0.000000 0.973129 0.000000 0.000000 0.000000
3113.204590 0.000000 996.795715 0.000000 0.907072 0.000000 0.420974 0.000000 0.000000 0.000000
3137.319092 0.000000 999.122803 0.000000 0.904775 0.000000 0.425890 0.000000 0.000000 0.000000
3136.009766 0.000000 1002.426880 0.000000 0.343314 0.000000 0.939221 0.000000 0.000000 0.000000
3183.722412 0.000000 1174.007202 0.000000 0.904330 0.000000 0.426834 0.000000 0.000000 0.000000
3187.456055 0.000000 1179.975708 0.000000 0.201679 0.000000 0.979452 0.000000 0.000000 0.000000
3180.662354 0.000000 1180.267700 0.000000 0.751888 0.000000 0.659291 0.000000 0.000000 0.000000
3172.276123 0.000000 1162.934204 0.000000 0.655228 0.000000 0.755431 0.000000 0.000000 0.000000
3181.311035 0.000000 1164.037354 0.000000 0.249526 0.000000 0.968368 0.000000 0.000000 0.000000
3181.375000 0.000000 1154.609131 0.000000 0.582102 0.000000 0.813116 0.000000 0.000000 0.000000
3187.214111 0.000000 1175.944702 0.000000 0.423789 0.000000 0.905761 0.000000 0.000000 0.000000
3184.647949 0.000000 1170.163208 0.000000 0.736298 0.000000 0.676657 0.000000 0.000000 0.000000
3177.322754 0.000000 1177.963135 0.000000 0.832190 0.000000 0.554491 0.000000 0.000000 0.000000
3180.412598 0.000000 1171.961182 0.000000 0.054155 0.000000 0.998533 0.000000 0.000000 0.000000
3119.722412 0.000000 1343.460327 0.000000 0.593665 0.000000 0.804712 0.000000 0.000000 0.000000
3102.236816 0.000000 1351.670532 0.000000 0.581614 0.000000 0.813465 0.000000 0.000000 0.000000
3104.032227 0.000000 1336.078491 0.000000 0.444934 0.000000 0.895563 0.000000 0.000000 0.000000
3113.260742 0.000000 1343.362793 0.000000 0.586638 0.000000 0.809849 0.000000 0.000000 0.000000
3124.365479 0.000000 1338.406860 0.000000 0.825105 0.000000 0.564980 0.000000 0.000000 0.000000
3103.334473 0.000000 1340.126099 0.000000 0.486576 0.000000 0.873638 0.000000 0.000000 0.000000
3105.947754 0.000000 1348.614136 0.000000 0.028917 0.000000 0.999582 0.000000 0.000000 0.000000
3123.214111 0.000000 1345.397827 0.000000 0.183146 0.000000 0.983086 0.000000 0.000000 0.000000
3125.013428 0.000000 1333.786987 0.000000 0.495082 0.000000 0.868846 0.000000 0.000000 0.000000
3108.620605 0.000000 1345.849121 0.000000 0.840687 0.000000 0.541522 0.000000 0.000000 0.000000
3116.412598 0.000000 1341.414307 0.000000 0.320771 0.000000 0.947157 0.000000 0.000000 0.000000
3123.634277 0.000000 1341.868530 0.000000 0.643256 0.000000 0.765651 0.000000 0.000000 0.000000
3110.346680 0.000000 1353.398315 0.000000 0.788373 0.000000 0.615198 0.000000 0.000000 0.000000
3123.759033 0.000000 1330.505493 0.000000 0.843291 0.000000 0.537457 0.000000 0.000000 0.000000
3250.585205 0.000000 1327.034912 0.000000 0.381168 0.000000 0.924506 0.000000 0.000000 0.000000
3258.511719 0.000000 1319.650635 0.000000 0.560283 0.000000 0.828301 0.000000 0.000000 0.000000
3236.620605 0.000000 1345.849121 0.000000 0.825825 0.000000 0.563927 0.000000 0.000000 0.000000
3251.863525 0.000000 1323.513306 0.000000 0.065061 0.000000 0.997881 0.000000 0.000000 0.000000
3165.237549 0.000000 1389.147217 0.000000 0.615530 0.000000 0.788114 0.000000 0.000000 0.000000
3169.947754 0.000000 1405.098511 0.000000 0.799419 0.000000 0.600775 0.000000 0.000000 0.000000
3165.530273 0.000000 1382.917358 0.000000 0.134186 0.000000 0.990956 0.000000 0.000000 0.000000
1775.722534 0.000000 2021.272827 0.000000 0.426824 0.000000 0.904335 0.000000 0.000000 0.000000
1775.868652 0.000000 2025.364136 0.000000 0.593253 0.000000 0.805016 0.000000 0.000000 0.000000
1772.412598 0.000000 2019.226807 0.000000 0.138805 0.000000 0.990320 0.000000 0.000000 0.000000
1772.376709 0.000000 2023.220825 0.000000 0.828415 0.000000 0.560114 0.000000 0.000000 0.000000
1779.634155 0.000000 2019.681030 0.000000 0.417931 0.000000 0.908479 0.000000 0.000000 0.000000
1857.884644 0.000000 1915.036865 0.000000 0.377198 0.000000 0.926132 0.000000 0.000000 0.000000
1972.365479 0.000000 1903.250610 0.000000 0.102189 0.000000 0.994765 0.000000 0.000000 0.000000
1968.648071 0.000000 1904.460083 0.000000 0.286107 0.000000 0.958198 0.000000 0.000000 0.000000
1975.062500 0.000000 1915.001831 0.000000 0.559371 0.000000 0.828918 0.000000 0.000000 0.000000
1995.959473 0.000000 1912.475220 0.000000 0.889198 0.000000 0.457523 0.000000 0.000000 0.000000
1987.505249 0.000000 1907.410522 0.000000 0.788446 0.000000 0.615103 0.000000 0.000000 0.000000
1985.884644 0.000000 1915.036865 0.000000 0.341584 0.000000 0.939851 0.000000 0.000000 0.000000
1984.156738 0.000000 1918.884521 0.000000 0.772477 0.000000 0.635043 0.000000 0.000000 0.000000
1817.621582 0.000000 1968.343628 0.000000 0.051153 0.000000 0.998691 0.000000 0.000000 0.000000
1809.260132 0.000000 1946.925903 0.000000 0.261523 0.000000 0.965197 0.000000 0.000000 0.000000
1819.595093 0.000000 1970.992432 0.000000 0.484101 0.000000 0.875012 0.000000 0.000000 0.000000
1868.978516 0.000000 1921.204712 0.000000 0.142406 0.000000 0.989808 0.000000 0.000000 0.000000
1812.569458 0.000000 1982.339600 0.000000 0.549230 0.000000 0.835671 0.000000 0.000000 0.000000
1847.107910 0.000000 2022.154419 0.000000 0.794676 0.000000 0.607034 0.000000 0.000000 0.000000
1856.156738 0.000000 2031.853271 0.000000 0.660569 0.000000 0.750766 0.000000 0.000000 0.000000
1648.205444 0.000000 2089.896240 0.000000 0.898321 0.000000 0.439340 0.000000 0.000000 0.000000
1657.910522 0.000000 2081.388428 0.000000 0.874430 0.000000 0.485151 0.000000 0.000000 0.000000
1651.402588 0.000000 2087.404785 0.000000 0.432959 0.000000 0.901414 0.000000 0.000000 0.000000
1754.074097 0.000000 2063.953857 0.000000 0.774561 0.000000 0.632499 0.000000 0.000000 0.000000
1701.098633 0.000000 2132.792969 0.000000 0.111044 0.000000 0.993815 0.000000 0.000000 0.000000
1708.412598 0.000000 2132.195557 0.000000 0.407723 0.000000 0.913106 0.000000 0.000000 0.000000
1708.376709 0.000000 2136.189453 0.000000 0.456998 0.000000 0.889468 0.000000 0.000000 0.000000
1705.204712 0.000000 2126.483154 0.000000 0.812634 0.000000 0.582775 0.000000 0.000000 0.000000
1757.530396 0.000000 2117.214355 0.000000 0.266056 0.000000 0.963958 0.000000 0.000000 0.000000
1551.130981 0.000000 2242.262451 0.000000 0.364176 0.000000 0.931330 0.000000 0.000000 0.000000
1547.941895 0.000000 2244.694580 0.000000 0.625808 0.000000 0.779977 0.000000 0.000000 0.000000
1558.628418 0.000000 2232.917725 0.000000 0.708890 0.000000 0.705319 0.000000 0.000000 0.000000
1698.901001 0.000000 2146.470947 0.000000 0.925153 0.000000 0.379595 0.000000 0.000000 0.000000
1700.045898 0.000000 2151.681152 0.000000 0.922457 0.000000 0.386100 0.000000 0.000000 0.000000
1696.618042 0.000000 2149.771973 0.000000 0.245986 0.000000 0.969273 0.000000 0.000000 0.000000
1854.624390 0.000000 2042.257690 0.000000 0.924751 0.000000 0.380574 0.000000 0.000000 0.000000
1850.385132 0.000000 2036.029541 0.000000 0.917877 0.000000 0.396865 0.000000 0.000000 0.000000
1457.272949 0.000000 2293.000000 0.000000 0.582202 0.000000 0.813044 0.000000 0.000000 0.000000
1471.957886 0.000000 2280.273926 0.000000 0.933612 0.000000 0.358287 0.000000 0.000000 0.000000
1458.585205 0.000000 2287.269287 0.000000 0.530616 0.000000 0.847612 0.000000 0.000000 0.000000
1461.993896 0.000000 2280.661133 0.000000 0.061911 0.000000 0.998082 0.000000 0.000000 0.000000
1469.524170 0.000000 2276.444824 0.000000 0.648067 0.000000 0.761583 0.000000 0.000000 0.000000
1474.500488 0.000000 2279.119141 0.000000 0.915910 0.000000 0.401384 0.000000 0.000000 0.000000
1473.017578 0.000000 2286.068115 0.000000 0.806438 0.000000 0.591319 0.000000 0.000000 0.000000
1472.514038 0.000000 2275.455811 0.000000 0.000095 0.000000 1.000000 0.000000 0.000000 0.000000
1551.130981 0.000000 2298.746826 0.000000 0.180791 0.000000 0.983522 0.000000 0.000000 0.000000
1553.256958 0.000000 2294.089844 0.000000 0.916414 0.000000 0.400232 0.000000 0.000000 0.000000
1557.208252 0.000000 2299.254150 0.000000 0.905044 0.000000 0.425318 0.000000 0.000000 0.000000
2062.007324 0.000000 1838.390259 0.000000 0.919414 0.000000 0.393290 0.000000 0.000000 0.000000
2056.908447 0.000000 1853.400024 0.000000 0.465429 0.000000 0.885085 0.000000 0.000000 0.000000
2138.122314 0.000000 1818.308350 0.000000 0.153534 0.000000 0.988143 0.000000 0.000000 0.000000
2134.937256 0.000000 1821.927368 0.000000 0.663697 0.000000 0.748001 0.000000 0.000000 0.000000
2100.003906 0.000000 1867.311890 0.000000 0.329443 0.000000 0.944176 0.000000 0.000000 0.000000
2079.758545 0.000000 1950.628418 0.000000 0.706589 0.000000 0.707624 0.000000 0.000000 0.000000
2080.032227 0.000000 1957.406616 0.000000 0.661255 0.000000 0.750161 0.000000 0.000000 0.000000
2083.764893 0.000000 1946.316040 0.000000 0.784551 0.000000 0.620064 0.000000 0.000000 0.000000
2093.311035 0.000000 1954.818604 0.000000 0.334642 0.000000 0.942345 0.000000 0.000000 0.000000
2071.293701 0.000000 1944.033569 0.000000 0.017092 0.000000 0.999854 0.000000 0.000000 0.000000
2077.530273 0.000000 1947.761108 0.000000 0.596173 0.000000 0.802856 0.000000 0.000000 0.000000
2070.628418 0.000000 1950.495972 0.000000 0.376300 0.000000 0.926498 0.000000 0.000000 0.000000
2379.786377 0.000000 1982.006104 0.000000 0.514221 0.000000 0.857658 0.000000 0.000000 0.000000
2372.048096 0.000000 1985.303223 0.000000 0.873240 0.000000 0.487291 0.000000 0.000000 0.000000
2473.563477 0.000000 1946.959717 0.000000 0.272238 0.000000 0.962230 0.000000 0.000000 0.000000
2495.487305 0.000000 1950.696411 0.000000 0.856833 0.000000 0.515593 0.000000 0.000000 0.000000
2480.541992 0.000000 1943.053955 0.000000 0.662047 0.000000 0.749462 0.000000 0.000000 0.000000
2468.276123 0.000000 1953.715454 0.000000 0.351590 0.000000 0.936154 0.000000 0.000000 0.000000
2467.991211 0.000000 1936.195190 0.000000 0.877268 0.000000 0.480001 0.000000 0.000000 0.000000
2477.375000 0.000000 1945.390381 0.000000 0.339126 0.000000 0.940741 0.000000 0.000000 0.000000
2493.612061 0.000000 1959.228394 0.000000 0.356845 0.000000 0.934164 0.000000 0.000000 0.000000
2474.288330 0.000000 1943.616577 0.000000 0.631674 0.000000 0.775234 0.000000 0.000000 0.000000
"}
object={
	name="latin_dynamic_mining_objects_generator_1_1"
	clamp_to_water_level=no
	render_under_water=no
	generated_content=yes
	layer="mines_dynamic"
	pdxmesh="generic_rural_mining_coaldepo_02_mesh"
	count=278
	transform="2457.505615 0.000000 392.677948 0.000000 0.874965 0.000000 -0.484186 0.000000 0.000000 0.000000
2462.060547 0.000000 387.061127 0.000000 0.998189 0.000000 0.060161 0.000000 0.000000 0.000000
2494.270020 0.000000 569.275146 0.000000 0.990586 0.000000 -0.136892 0.000000 0.000000 0.000000
2510.873047 0.000000 572.890808 0.000000 0.998438 0.000000 0.055865 0.000000 0.000000 0.000000
2514.283447 0.000000 565.976440 0.000000 0.986278 0.000000 0.165092 0.000000 0.000000 0.000000
2507.929443 0.000000 576.849609 0.000000 0.997129 0.000000 0.075719 0.000000 0.000000 0.000000
2501.119141 0.000000 581.277954 0.000000 0.874372 0.000000 -0.485256 0.000000 0.000000 0.000000
2469.982422 0.000000 671.589905 0.000000 0.998304 0.000000 -0.058212 0.000000 0.000000 0.000000
2476.662354 0.000000 671.908325 0.000000 0.951030 0.000000 0.309097 0.000000 0.000000 0.000000
2458.709961 0.000000 658.368042 0.000000 0.984640 0.000000 0.174596 0.000000 0.000000 0.000000
2461.237549 0.000000 654.850342 0.000000 0.983623 0.000000 -0.180239 0.000000 0.000000 0.000000
2465.947754 0.000000 670.801636 0.000000 0.996732 0.000000 0.080782 0.000000 0.000000 0.000000
2470.346680 0.000000 675.585815 0.000000 0.849471 0.000000 -0.527636 0.000000 0.000000 0.000000
2685.248291 0.000000 610.845825 0.000000 0.965075 0.000000 0.261974 0.000000 0.000000 0.000000
2682.305176 0.000000 608.825195 0.000000 0.958960 0.000000 -0.283541 0.000000 0.000000 0.000000
2703.130859 0.000000 604.215515 0.000000 0.999861 0.000000 -0.016677 0.000000 0.000000 0.000000
2694.215332 0.000000 613.781372 0.000000 0.976416 0.000000 0.215896 0.000000 0.000000 0.000000
2701.507080 0.000000 600.658203 0.000000 0.929411 0.000000 -0.369045 0.000000 0.000000 0.000000
2709.503174 0.000000 613.162964 0.000000 0.968090 0.000000 -0.250604 0.000000 0.000000 0.000000
2563.837158 0.000000 757.858948 0.000000 0.915687 0.000000 -0.401892 0.000000 0.000000 0.000000
2642.579102 0.000000 789.485779 0.000000 0.978299 0.000000 -0.207196 0.000000 0.000000 0.000000
2703.130859 0.000000 773.668640 0.000000 0.947667 0.000000 -0.319261 0.000000 0.000000 0.000000
2699.959473 0.000000 782.787720 0.000000 0.913216 0.000000 -0.407476 0.000000 0.000000 0.000000
2697.203857 0.000000 769.997681 0.000000 0.996375 0.000000 0.085069 0.000000 0.000000 0.000000
2713.621582 0.000000 782.171753 0.000000 0.985804 0.000000 0.167903 0.000000 0.000000 0.000000
2702.875732 0.000000 779.058899 0.000000 0.999089 0.000000 -0.042670 0.000000 0.000000 0.000000
2701.507080 0.000000 770.111328 0.000000 0.913737 0.000000 -0.406305 0.000000 0.000000 0.000000
2692.755371 0.000000 762.169556 0.000000 0.952840 0.000000 0.303473 0.000000 0.000000 0.000000
2697.866211 0.000000 773.369202 0.000000 0.916387 0.000000 -0.400293 0.000000 0.000000 0.000000
2815.487305 0.000000 764.524597 0.000000 0.996790 0.000000 -0.080067 0.000000 0.000000 0.000000
2808.551025 0.000000 767.156067 0.000000 0.945283 0.000000 -0.326250 0.000000 0.000000 0.000000
2585.621582 0.000000 838.656128 0.000000 0.842146 0.000000 -0.539249 0.000000 0.000000 0.000000
2621.292725 0.000000 803.340210 0.000000 0.939562 0.000000 0.342379 0.000000 0.000000 0.000000
2582.937256 0.000000 805.208618 0.000000 0.997025 0.000000 0.077081 0.000000 0.000000 0.000000
2586.364746 0.000000 816.342590 0.000000 0.908840 0.000000 -0.417144 0.000000 0.000000 0.000000
2625.451416 0.000000 802.956909 0.000000 0.942960 0.000000 0.332906 0.000000 0.000000 0.000000
2634.351318 0.000000 811.660217 0.000000 0.963353 0.000000 -0.268237 0.000000 0.000000 0.000000
2629.119141 0.000000 807.215454 0.000000 0.987100 0.000000 -0.160107 0.000000 0.000000 0.000000
2749.212891 0.000000 816.173035 0.000000 0.991584 0.000000 0.129466 0.000000 0.000000 0.000000
2742.382080 0.000000 820.108887 0.000000 0.846981 0.000000 -0.531623 0.000000 0.000000 0.000000
2746.028564 0.000000 803.879822 0.000000 0.953865 0.000000 0.300237 0.000000 0.000000 0.000000
2753.451416 0.000000 802.956909 0.000000 0.898219 0.000000 -0.439548 0.000000 0.000000 0.000000
2754.500488 0.000000 810.525330 0.000000 0.850478 0.000000 -0.526010 0.000000 0.000000 0.000000
2758.330566 0.000000 802.878052 0.000000 0.927045 0.000000 -0.374949 0.000000 0.000000 0.000000
2756.048096 0.000000 799.131287 0.000000 0.900909 0.000000 -0.434009 0.000000 0.000000 0.000000
2757.119141 0.000000 807.215454 0.000000 0.939187 0.000000 -0.343407 0.000000 0.000000 0.000000
2755.837158 0.000000 814.343323 0.000000 0.989136 0.000000 -0.147005 0.000000 0.000000 0.000000
2823.671631 0.000000 759.153442 0.000000 0.993353 0.000000 0.115104 0.000000 0.000000 0.000000
2831.130859 0.000000 773.668640 0.000000 0.989744 0.000000 0.142854 0.000000 0.000000 0.000000
2834.127686 0.000000 747.572937 0.000000 0.939621 0.000000 0.342218 0.000000 0.000000 0.000000
2838.477783 0.000000 769.190186 0.000000 0.985621 0.000000 -0.168974 0.000000 0.000000 0.000000
2820.032471 0.000000 765.908447 0.000000 0.999346 0.000000 0.036149 0.000000 0.000000 0.000000
2830.873047 0.000000 742.343933 0.000000 0.942796 0.000000 -0.333371 0.000000 0.000000 0.000000
2817.017578 0.000000 760.989929 0.000000 0.991773 0.000000 -0.128005 0.000000 0.000000 0.000000
2830.220459 0.000000 751.377808 0.000000 0.984307 0.000000 -0.176464 0.000000 0.000000 0.000000
2822.330566 0.000000 746.393677 0.000000 0.978186 0.000000 0.207731 0.000000 0.000000 0.000000
2826.351318 0.000000 755.175842 0.000000 0.885076 0.000000 -0.465447 0.000000 0.000000 0.000000
2842.364746 0.000000 759.858215 0.000000 0.942969 0.000000 0.332879 0.000000 0.000000 0.000000
2822.424561 0.000000 754.657043 0.000000 0.990095 0.000000 -0.140396 0.000000 0.000000 0.000000
2839.293701 0.000000 757.861633 0.000000 0.915373 0.000000 -0.402607 0.000000 0.000000 0.000000
2845.530273 0.000000 761.589233 0.000000 0.998171 0.000000 0.060457 0.000000 0.000000 0.000000
2834.190674 0.000000 743.819031 0.000000 0.846770 0.000000 -0.531959 0.000000 0.000000 0.000000
2838.628418 0.000000 764.324097 0.000000 0.958114 0.000000 -0.286388 0.000000 0.000000 0.000000
2822.724365 0.000000 767.804382 0.000000 0.999883 0.000000 0.015310 0.000000 0.000000 0.000000
2884.458496 0.000000 845.247192 0.000000 0.996400 0.000000 -0.084781 0.000000 0.000000 0.000000
2872.315674 0.000000 884.274597 0.000000 0.974560 0.000000 -0.224124 0.000000 0.000000 0.000000
2873.910400 0.000000 895.216675 0.000000 0.990326 0.000000 -0.138760 0.000000 0.000000 0.000000
2867.634277 0.000000 889.993469 0.000000 0.944315 0.000000 0.329043 0.000000 0.000000 0.000000
2874.305176 0.000000 891.247070 0.000000 0.973821 0.000000 0.227315 0.000000 0.000000 0.000000
2877.612061 0.000000 886.025269 0.000000 0.984567 0.000000 -0.175009 0.000000 0.000000 0.000000
2908.793701 0.000000 850.107422 0.000000 0.975980 0.000000 0.217860 0.000000 0.000000 0.000000
2891.959473 0.000000 895.756470 0.000000 0.999854 0.000000 0.017096 0.000000 0.000000 0.000000
2900.089355 0.000000 892.082520 0.000000 0.962504 0.000000 0.271266 0.000000 0.000000 0.000000
2894.873047 0.000000 855.312683 0.000000 0.938362 0.000000 0.345654 0.000000 0.000000 0.000000
2880.098633 0.000000 854.214600 0.000000 0.949539 0.000000 -0.313648 0.000000 0.000000 0.000000
2895.831299 0.000000 851.437500 0.000000 0.996203 0.000000 -0.087063 0.000000 0.000000 0.000000
2897.939453 0.000000 889.061218 0.000000 0.962050 0.000000 -0.272874 0.000000 0.000000 0.000000
2533.098633 0.000000 1003.105347 0.000000 0.999933 0.000000 0.011602 0.000000 0.000000 0.000000
2532.620605 0.000000 1006.942871 0.000000 0.842907 0.000000 -0.538060 0.000000 0.000000 0.000000
2530.735840 0.000000 999.887451 0.000000 0.999522 0.000000 -0.030908 0.000000 0.000000 0.000000
2533.982422 0.000000 1123.464966 0.000000 0.917027 0.000000 -0.398826 0.000000 0.000000 0.000000
2548.365479 0.000000 1112.469360 0.000000 0.999755 0.000000 0.022140 0.000000 0.000000 0.000000
2552.315674 0.000000 1110.212158 0.000000 0.991654 0.000000 0.128931 0.000000 0.000000 0.000000
2551.060791 0.000000 1114.802856 0.000000 0.993312 0.000000 0.115465 0.000000 0.000000 0.000000
2438.330566 0.000000 1198.268677 0.000000 0.999987 0.000000 -0.005091 0.000000 0.000000 0.000000
2488.065674 0.000000 1324.503174 0.000000 0.999807 0.000000 0.019655 0.000000 0.000000 0.000000
2482.585205 0.000000 1327.034912 0.000000 0.848780 0.000000 -0.528746 0.000000 0.000000 0.000000
2477.943604 0.000000 1301.495605 0.000000 0.974924 0.000000 0.222537 0.000000 0.000000 0.000000
2487.531250 0.000000 1309.744263 0.000000 0.999241 0.000000 -0.038964 0.000000 0.000000 0.000000
2484.003906 0.000000 1302.468140 0.000000 0.955583 0.000000 -0.294722 0.000000 0.000000 0.000000
2490.028564 0.000000 1312.239258 0.000000 0.996250 0.000000 0.086517 0.000000 0.000000 0.000000
2480.580566 0.000000 1329.581421 0.000000 0.873930 0.000000 -0.486051 0.000000 0.000000 0.000000
2623.586426 0.000000 957.184570 0.000000 0.998744 0.000000 0.050110 0.000000 0.000000 0.000000
2621.612061 0.000000 942.509644 0.000000 0.900609 0.000000 -0.434631 0.000000 0.000000 0.000000
2680.065674 0.000000 929.112610 0.000000 0.998720 0.000000 0.050572 0.000000 0.000000 0.000000
2682.807129 0.000000 910.404541 0.000000 0.953435 0.000000 -0.301597 0.000000 0.000000 0.000000
2665.563477 0.000000 930.241028 0.000000 0.978841 0.000000 0.204623 0.000000 0.000000 0.000000
2672.541992 0.000000 926.335266 0.000000 0.990246 0.000000 0.139333 0.000000 0.000000 0.000000
2685.292725 0.000000 916.308960 0.000000 0.973479 0.000000 -0.228777 0.000000 0.000000 0.000000
2674.789307 0.000000 915.837280 0.000000 0.922853 0.000000 -0.385152 0.000000 0.000000 0.000000
2659.764893 0.000000 929.597229 0.000000 0.966965 0.000000 -0.254909 0.000000 0.000000 0.000000
2674.585205 0.000000 931.644226 0.000000 0.859586 0.000000 -0.510992 0.000000 0.000000 0.000000
2669.433838 0.000000 933.479248 0.000000 0.866235 0.000000 -0.499637 0.000000 0.000000 0.000000
2624.156738 0.000000 958.650208 0.000000 0.904303 0.000000 -0.426890 0.000000 0.000000 0.000000
2671.663086 0.000000 913.761902 0.000000 0.961569 0.000000 -0.274562 0.000000 0.000000 0.000000
2665.204590 0.000000 940.311340 0.000000 0.845397 0.000000 -0.534138 0.000000 0.000000 0.000000
2676.014648 0.000000 912.593323 0.000000 0.971567 0.000000 -0.236766 0.000000 0.000000 0.000000
2621.512207 0.000000 960.260559 0.000000 0.824973 0.000000 -0.565173 0.000000 0.000000 0.000000
2618.385010 0.000000 962.826416 0.000000 0.966570 0.000000 -0.256404 0.000000 0.000000 0.000000
2673.272949 0.000000 993.859314 0.000000 0.999982 0.000000 0.005958 0.000000 0.000000 0.000000
2687.487305 0.000000 990.462097 0.000000 0.993125 0.000000 -0.117062 0.000000 0.000000 0.000000
2666.009521 0.000000 1015.171021 0.000000 0.975848 0.000000 0.218452 0.000000 0.000000 0.000000
2678.864258 0.000000 1015.233032 0.000000 0.989614 0.000000 -0.143752 0.000000 0.000000 0.000000
2672.647949 0.000000 1000.710144 0.000000 0.965274 0.000000 0.261240 0.000000 0.000000 0.000000
2671.868652 0.000000 1008.645325 0.000000 0.977369 0.000000 -0.211540 0.000000 0.000000 0.000000
2681.910400 0.000000 1008.185425 0.000000 0.867544 0.000000 -0.497361 0.000000 0.000000 0.000000
2668.412598 0.000000 1002.508118 0.000000 0.976465 0.000000 -0.215674 0.000000 0.000000 0.000000
2668.376709 0.000000 1006.502075 0.000000 0.904800 0.000000 -0.425837 0.000000 0.000000 0.000000
2675.759033 0.000000 991.599243 0.000000 0.945685 0.000000 -0.325086 0.000000 0.000000 0.000000
2689.319092 0.000000 999.122803 0.000000 0.999967 0.000000 -0.008183 0.000000 0.000000 0.000000
2689.017578 0.000000 986.927429 0.000000 0.943027 0.000000 -0.332717 0.000000 0.000000 0.000000
2692.763672 0.000000 996.426575 0.000000 0.923929 0.000000 -0.382563 0.000000 0.000000 0.000000
2722.900879 0.000000 1073.267822 0.000000 0.943924 0.000000 0.330164 0.000000 0.000000 0.000000
2722.015137 0.000000 1093.698608 0.000000 0.969158 0.000000 0.246439 0.000000 0.000000 0.000000
2730.288330 0.000000 1096.350952 0.000000 0.938666 0.000000 0.344829 0.000000 0.000000 0.000000
2921.385498 0.000000 936.668152 0.000000 0.994691 0.000000 -0.102910 0.000000 0.000000 0.000000
2911.825928 0.000000 911.872375 0.000000 0.874964 0.000000 -0.484187 0.000000 0.000000 0.000000
2902.937256 0.000000 918.177368 0.000000 0.995564 0.000000 -0.094084 0.000000 0.000000 0.000000
2906.364746 0.000000 929.311340 0.000000 0.876109 0.000000 -0.482113 0.000000 0.000000 0.000000
2901.668701 0.000000 913.538879 0.000000 0.967921 0.000000 0.251255 0.000000 0.000000 0.000000
2909.530273 0.000000 931.042358 0.000000 0.935112 0.000000 0.354352 0.000000 0.000000 0.000000
2908.431641 0.000000 911.257874 0.000000 0.941229 0.000000 -0.337769 0.000000 0.000000 0.000000
2828.552734 0.000000 986.428406 0.000000 0.999093 0.000000 -0.042575 0.000000 0.000000 0.000000
2833.260010 0.000000 986.691528 0.000000 0.981147 0.000000 0.193261 0.000000 0.000000 0.000000
2819.837158 0.000000 983.796448 0.000000 0.973859 0.000000 0.227153 0.000000 0.000000 0.000000
3023.130859 0.000000 999.606140 0.000000 0.962262 0.000000 -0.272125 0.000000 0.000000 0.000000
3019.959473 0.000000 1008.725220 0.000000 0.942223 0.000000 0.334987 0.000000 0.000000 0.000000
3015.979980 0.000000 1002.369690 0.000000 0.917471 0.000000 -0.397803 0.000000 0.000000 0.000000
3025.256836 0.000000 994.949219 0.000000 0.982893 0.000000 -0.184178 0.000000 0.000000 0.000000
3022.875732 0.000000 1004.996399 0.000000 0.995814 0.000000 0.091406 0.000000 0.000000 0.000000
3025.939453 0.000000 1002.029968 0.000000 0.981366 0.000000 -0.192147 0.000000 0.000000 0.000000
2841.621582 0.000000 1121.078003 0.000000 0.997093 0.000000 0.076192 0.000000 0.000000 0.000000
2842.709961 0.000000 1110.243042 0.000000 0.935831 0.000000 -0.352450 0.000000 0.000000 0.000000
2846.060547 0.000000 1121.358032 0.000000 0.927194 0.000000 -0.374582 0.000000 0.000000 0.000000
2847.334473 0.000000 1114.188599 0.000000 0.929552 0.000000 -0.368690 0.000000 0.000000 0.000000
2843.595215 0.000000 1123.726807 0.000000 0.960129 0.000000 0.279557 0.000000 0.000000 0.000000
3038.530029 0.000000 1096.663208 0.000000 0.845777 0.000000 -0.533536 0.000000 0.000000 0.000000
3062.816650 0.000000 1074.453857 0.000000 0.990503 0.000000 -0.137493 0.000000 0.000000 0.000000
3043.764893 0.000000 1099.050415 0.000000 0.987030 0.000000 -0.160534 0.000000 0.000000 0.000000
3044.045898 0.000000 1078.478027 0.000000 0.888237 0.000000 -0.459386 0.000000 0.000000 0.000000
3040.426758 0.000000 1085.640991 0.000000 0.913827 0.000000 -0.406105 0.000000 0.000000 0.000000
3046.889160 0.000000 1096.642700 0.000000 0.998376 0.000000 0.056970 0.000000 0.000000 0.000000
3036.431641 0.000000 1080.710938 0.000000 0.968705 0.000000 -0.248216 0.000000 0.000000 0.000000
3030.477783 0.000000 1334.033936 0.000000 0.897625 0.000000 -0.440760 0.000000 0.000000 0.000000
3012.957520 0.000000 1338.987671 0.000000 0.979931 0.000000 0.199339 0.000000 0.000000 0.000000
2322.127686 0.000000 1425.385376 0.000000 0.911450 0.000000 -0.411411 0.000000 0.000000 0.000000
2318.220459 0.000000 1429.190308 0.000000 0.920392 0.000000 -0.390996 0.000000 0.000000 0.000000
2369.451416 0.000000 1537.253784 0.000000 0.988037 0.000000 -0.154215 0.000000 0.000000 0.000000
2386.127686 0.000000 1538.354126 0.000000 0.969782 0.000000 -0.243975 0.000000 0.000000 0.000000
2390.477783 0.000000 1559.971436 0.000000 0.902279 0.000000 -0.431152 0.000000 0.000000 0.000000
2391.890625 0.000000 1544.135864 0.000000 0.970416 0.000000 -0.241441 0.000000 0.000000 0.000000
2382.220459 0.000000 1542.159058 0.000000 0.927513 0.000000 -0.373791 0.000000 0.000000 0.000000
2387.771729 0.000000 1547.703613 0.000000 0.990237 0.000000 0.139397 0.000000 0.000000 0.000000
2373.119141 0.000000 1541.512329 0.000000 0.982975 0.000000 -0.183740 0.000000 0.000000 0.000000
2368.513916 0.000000 1541.158936 0.000000 0.996637 0.000000 -0.081944 0.000000 0.000000 0.000000
2391.293701 0.000000 1548.642944 0.000000 0.982125 0.000000 -0.188232 0.000000 0.000000 0.000000
2383.197021 0.000000 1536.710938 0.000000 0.964901 0.000000 0.262614 0.000000 0.000000 0.000000
2207.453613 0.000000 1711.261353 0.000000 0.969718 0.000000 0.244226 0.000000 0.000000 0.000000
2208.426758 0.000000 1706.969116 0.000000 0.997497 0.000000 0.070702 0.000000 0.000000 0.000000
2383.831299 0.000000 1585.734375 0.000000 0.970567 0.000000 -0.240832 0.000000 0.000000 0.000000
2413.516602 0.000000 1652.780151 0.000000 0.985594 0.000000 -0.169127 0.000000 0.000000 0.000000
2408.015625 0.000000 1645.675415 0.000000 0.868956 0.000000 -0.494889 0.000000 0.000000 0.000000
2400.617920 0.000000 1641.412476 0.000000 0.926378 0.000000 -0.376594 0.000000 0.000000 0.000000
2406.686279 0.000000 1638.352661 0.000000 0.981290 0.000000 0.192536 0.000000 0.000000 0.000000
2408.974609 0.000000 1649.568481 0.000000 0.999005 0.000000 -0.044596 0.000000 0.000000 0.000000
2415.145508 0.000000 1656.194702 0.000000 0.852020 0.000000 -0.523509 0.000000 0.000000 0.000000
2462.060547 0.000000 1686.201782 0.000000 0.938230 0.000000 0.346011 0.000000 0.000000 0.000000
2450.579102 0.000000 1693.235718 0.000000 0.885584 0.000000 -0.464480 0.000000 0.000000 0.000000
2447.831299 0.000000 1698.703125 0.000000 0.987262 0.000000 -0.159103 0.000000 0.000000 0.000000
2503.671631 0.000000 1719.387817 0.000000 0.991409 0.000000 0.130802 0.000000 0.000000 0.000000
2505.400879 0.000000 1710.650391 0.000000 0.999866 0.000000 0.016384 0.000000 0.000000 0.000000
2510.007324 0.000000 1725.421509 0.000000 0.995632 0.000000 -0.093370 0.000000 0.000000 0.000000
2498.500488 0.000000 1714.275269 0.000000 0.927943 0.000000 -0.372723 0.000000 0.000000 0.000000
2510.873047 0.000000 1702.578369 0.000000 0.919953 0.000000 -0.392028 0.000000 0.000000 0.000000
2508.552734 0.000000 1720.725342 0.000000 0.991516 0.000000 -0.129986 0.000000 0.000000 0.000000
2645.705078 0.000000 1438.977051 0.000000 0.998815 0.000000 -0.048671 0.000000 0.000000 0.000000
2624.513916 0.000000 1428.190186 0.000000 0.983908 0.000000 0.178674 0.000000 0.000000 0.000000
2799.722412 0.000000 1569.397827 0.000000 0.910056 0.000000 -0.414485 0.000000 0.000000 0.000000
2801.272949 0.000000 1558.703003 0.000000 0.907038 0.000000 -0.421049 0.000000 0.000000 0.000000
2782.236816 0.000000 1577.608032 0.000000 0.971327 0.000000 0.237749 0.000000 0.000000 0.000000
2778.709961 0.000000 1562.118042 0.000000 0.949667 0.000000 -0.313262 0.000000 0.000000 0.000000
2805.013428 0.000000 1559.724487 0.000000 0.849031 0.000000 -0.528344 0.000000 0.000000 0.000000
2800.024170 0.000000 1577.613159 0.000000 0.960276 0.000000 0.279052 0.000000 0.000000 0.000000
2799.868652 0.000000 1573.489136 0.000000 0.999701 0.000000 0.024450 0.000000 0.000000 0.000000
2781.392090 0.000000 1569.751587 0.000000 0.999953 0.000000 0.009740 0.000000 0.000000 0.000000
2932.365479 0.000000 1564.344360 0.000000 0.951083 0.000000 -0.308935 0.000000 0.000000 0.000000
2928.647949 0.000000 1565.553833 0.000000 0.985547 0.000000 -0.169401 0.000000 0.000000 0.000000
2921.656006 0.000000 1565.187866 0.000000 0.995830 0.000000 0.091223 0.000000 0.000000 0.000000
2931.634277 0.000000 1567.806030 0.000000 0.982936 0.000000 0.183948 0.000000 0.000000 0.000000
2927.917480 0.000000 1561.860107 0.000000 0.857340 0.000000 -0.514751 0.000000 0.000000 0.000000
2650.979736 0.000000 1679.879639 0.000000 0.975188 0.000000 -0.221379 0.000000 0.000000 0.000000
2671.722412 0.000000 1682.366577 0.000000 0.945488 0.000000 0.325656 0.000000 0.000000 0.000000
2674.585205 0.000000 1665.941162 0.000000 0.991905 0.000000 0.126985 0.000000 0.000000 0.000000
2650.709961 0.000000 1675.086792 0.000000 0.907052 0.000000 -0.421018 0.000000 0.000000 0.000000
2677.013428 0.000000 1672.693237 0.000000 0.982698 0.000000 0.185216 0.000000 0.000000 0.000000
2679.060791 0.000000 1679.646606 0.000000 0.955164 0.000000 0.296078 0.000000 0.000000 0.000000
2653.392090 0.000000 1682.720337 0.000000 0.869048 0.000000 -0.494728 0.000000 0.000000 0.000000
2675.634277 0.000000 1680.774780 0.000000 0.974016 0.000000 0.226481 0.000000 0.000000 0.000000
2682.305176 0.000000 1682.028320 0.000000 0.853842 0.000000 -0.520533 0.000000 0.000000 0.000000
2798.042969 0.000000 1587.417114 0.000000 0.952566 0.000000 -0.304333 0.000000 0.000000 0.000000
3116.412598 0.000000 1002.508118 0.000000 0.989707 0.000000 -0.143108 0.000000 0.000000 0.000000
3180.760498 0.000000 1168.192627 0.000000 0.990884 0.000000 0.134719 0.000000 0.000000 0.000000
3170.932617 0.000000 1183.764404 0.000000 0.999600 0.000000 -0.028276 0.000000 0.000000 0.000000
3180.376709 0.000000 1175.955200 0.000000 0.932201 0.000000 -0.361941 0.000000 0.000000 0.000000
3121.272949 0.000000 1332.765503 0.000000 0.852426 0.000000 -0.522847 0.000000 0.000000 0.000000
3109.098633 0.000000 1342.011597 0.000000 0.956489 0.000000 -0.291769 0.000000 0.000000 0.000000
3101.392090 0.000000 1343.814087 0.000000 0.989075 0.000000 0.147413 0.000000 0.000000 0.000000
3255.062500 0.000000 1350.158081 0.000000 0.992914 0.000000 -0.118839 0.000000 0.000000 0.000000
3173.982422 0.000000 1405.886841 0.000000 0.978679 0.000000 0.205397 0.000000 0.000000 0.000000
3172.620605 0.000000 1402.333496 0.000000 0.960523 0.000000 -0.278199 0.000000 0.000000 0.000000
3180.376709 0.000000 1401.892700 0.000000 0.999831 0.000000 -0.018385 0.000000 0.000000 0.000000
3240.763184 0.000000 1370.747192 0.000000 0.899690 0.000000 -0.436529 0.000000 0.000000 0.000000
1777.272949 0.000000 2010.578003 0.000000 0.943516 0.000000 -0.331328 0.000000 0.000000 0.000000
1772.760498 0.000000 2015.458252 0.000000 0.849934 0.000000 -0.526890 0.000000 0.000000 0.000000
1779.213989 0.000000 2023.210327 0.000000 0.905138 0.000000 -0.425117 0.000000 0.000000 0.000000
1776.648071 0.000000 2017.428833 0.000000 0.958782 0.000000 -0.284144 0.000000 0.000000 0.000000
1978.368286 0.000000 1915.910278 0.000000 0.876416 0.000000 -0.481555 0.000000 0.000000 0.000000
1956.620605 0.000000 1910.692871 0.000000 0.938443 0.000000 0.345434 0.000000 0.000000 0.000000
1995.941895 0.000000 1905.788452 0.000000 0.995495 0.000000 -0.094815 0.000000 0.000000 0.000000
1813.705078 0.000000 1947.336426 0.000000 0.979763 0.000000 0.200163 0.000000 0.000000 0.000000
1833.322754 0.000000 1968.744385 0.000000 0.856790 0.000000 -0.515666 0.000000 0.000000 0.000000
1850.385132 0.000000 1923.060791 0.000000 0.994486 0.000000 -0.104870 0.000000 0.000000 0.000000
1821.392090 0.000000 1965.142212 0.000000 0.855625 0.000000 -0.517597 0.000000 0.000000 0.000000
1850.544556 0.000000 2017.376221 0.000000 0.964396 0.000000 -0.264462 0.000000 0.000000 0.000000
1799.671631 0.000000 2001.809692 0.000000 0.970540 0.000000 -0.240942 0.000000 0.000000 0.000000
1854.419189 0.000000 2019.100464 0.000000 0.939105 0.000000 -0.343629 0.000000 0.000000 0.000000
1843.213989 0.000000 2023.210327 0.000000 0.999669 0.000000 -0.025739 0.000000 0.000000 0.000000
1843.634155 0.000000 2019.681030 0.000000 0.962089 0.000000 -0.272735 0.000000 0.000000 0.000000
1981.512329 0.000000 1920.494873 0.000000 0.943682 0.000000 0.330854 0.000000 0.000000 0.000000
1640.832397 0.000000 2093.423096 0.000000 0.997941 0.000000 0.064138 0.000000 0.000000 0.000000
1649.519043 0.000000 2096.251465 0.000000 0.925443 0.000000 -0.378887 0.000000 0.000000 0.000000
1645.943604 0.000000 2092.276855 0.000000 0.896001 0.000000 -0.444051 0.000000 0.000000 0.000000
1650.318481 0.000000 2090.127686 0.000000 0.939476 0.000000 0.342614 0.000000 0.000000 0.000000
1646.043091 0.000000 2095.776611 0.000000 0.946152 0.000000 0.323723 0.000000 0.000000 0.000000
1749.705078 0.000000 2060.305176 0.000000 0.957585 0.000000 -0.288151 0.000000 0.000000 0.000000
1759.453491 0.000000 2050.167725 0.000000 0.990521 0.000000 0.137363 0.000000 0.000000 0.000000
1758.530151 0.000000 2056.897461 0.000000 0.892532 0.000000 -0.450984 0.000000 0.000000 0.000000
1754.364746 0.000000 2058.998779 0.000000 0.979116 0.000000 0.203302 0.000000 0.000000 0.000000
1762.015015 0.000000 2053.933105 0.000000 0.997379 0.000000 -0.072358 0.000000 0.000000 0.000000
1708.760498 0.000000 2128.427002 0.000000 0.904843 0.000000 -0.425744 0.000000 0.000000 0.000000
1696.032227 0.000000 2126.859863 0.000000 0.995325 0.000000 -0.096582 0.000000 0.000000 0.000000
1700.620605 0.000000 2136.630371 0.000000 0.957139 0.000000 0.289629 0.000000 0.000000 0.000000
1705.656006 0.000000 2130.031738 0.000000 0.825341 0.000000 -0.564634 0.000000 0.000000 0.000000
1711.917358 0.000000 2126.703857 0.000000 0.937299 0.000000 0.348527 0.000000 0.000000 0.000000
1553.256958 0.000000 2237.605469 0.000000 0.993801 0.000000 -0.111172 0.000000 0.000000 0.000000
1550.875732 0.000000 2247.652588 0.000000 0.939102 0.000000 -0.343639 0.000000 0.000000 0.000000
1853.292725 0.000000 2045.996460 0.000000 0.936584 0.000000 -0.350444 0.000000 0.000000 0.000000
1857.451416 0.000000 2045.613159 0.000000 0.999924 0.000000 -0.012294 0.000000 0.000000 0.000000
1856.514038 0.000000 2049.518311 0.000000 0.938659 0.000000 0.344847 0.000000 0.000000 0.000000
1471.487305 0.000000 2289.602783 0.000000 0.921548 0.000000 -0.388265 0.000000 0.000000 0.000000
1456.541992 0.000000 2281.960205 0.000000 0.981619 0.000000 -0.190851 0.000000 0.000000 0.000000
1462.382080 0.000000 2288.702637 0.000000 0.990657 0.000000 0.136374 0.000000 0.000000 0.000000
1459.863525 0.000000 2283.747803 0.000000 0.958421 0.000000 0.285359 0.000000 0.000000 0.000000
1459.759033 0.000000 2290.739746 0.000000 0.853672 0.000000 -0.520811 0.000000 0.000000 0.000000
1475.837158 0.000000 2282.937012 0.000000 0.984628 0.000000 0.174664 0.000000 0.000000 0.000000
1558.477783 0.000000 2294.268311 0.000000 0.920808 0.000000 -0.390015 0.000000 0.000000 0.000000
2066.817383 0.000000 1837.943848 0.000000 0.989441 0.000000 0.144939 0.000000 0.000000 0.000000
2130.283447 0.000000 1808.632690 0.000000 0.976942 0.000000 -0.213506 0.000000 0.000000 0.000000
2081.210205 0.000000 1965.342041 0.000000 0.985860 0.000000 0.167573 0.000000 0.000000 0.000000
2074.073975 0.000000 1950.985229 0.000000 0.980739 0.000000 -0.195321 0.000000 0.000000 0.000000
2074.364746 0.000000 1946.030029 0.000000 0.999999 0.000000 -0.001033 0.000000 0.000000 0.000000
2085.098633 0.000000 1963.339722 0.000000 0.985774 0.000000 0.168079 0.000000 0.000000 0.000000
2089.204590 0.000000 1957.030151 0.000000 0.906292 0.000000 -0.422653 0.000000 0.000000 0.000000
2458.364746 0.000000 1946.030029 0.000000 0.979232 0.000000 0.202745 0.000000 0.000000 0.000000
2483.863525 0.000000 1944.841431 0.000000 0.951052 0.000000 -0.309031 0.000000 0.000000 0.000000
2497.017578 0.000000 1947.161865 0.000000 0.990159 0.000000 -0.139946 0.000000 0.000000 0.000000
2496.163086 0.000000 1955.215332 0.000000 0.965475 0.000000 -0.260495 0.000000 0.000000 0.000000
2496.894775 0.000000 1950.768921 0.000000 0.948945 0.000000 -0.315440 0.000000 0.000000 0.000000
"}
object={
	name="latin_dynamic_mining_objects_generator_1_2"
	clamp_to_water_level=no
	render_under_water=no
	generated_content=yes
	layer="mines_dynamic"
	pdxmesh="generic_rural_mining_pile_01_mesh"
	count=69
	transform="2446.953369 0.000000 392.877960 0.000000 0.707518 0.000000 -0.706695 0.000000 0.000000 0.000000
2502.330566 0.000000 576.940552 0.000000 0.790810 0.000000 -0.612062 0.000000 0.000000 0.000000
2511.831299 0.000000 569.015625 0.000000 0.683270 0.000000 -0.730165 0.000000 0.000000 0.000000
2514.190674 0.000000 574.365906 0.000000 0.751418 0.000000 -0.659826 0.000000 0.000000 0.000000
2466.900879 0.000000 677.877197 0.000000 0.785518 0.000000 -0.618839 0.000000 0.000000 0.000000
2496.894775 0.000000 877.565735 0.000000 0.773072 0.000000 -0.634318 0.000000 0.000000 0.000000
2502.724365 0.000000 880.773132 0.000000 0.719757 0.000000 -0.694226 0.000000 0.000000 0.000000
2708.089355 0.000000 779.113770 0.000000 0.729304 0.000000 -0.684190 0.000000 0.000000 0.000000
2813.212891 0.000000 759.688660 0.000000 0.679918 0.000000 -0.733288 0.000000 0.000000 0.000000
2752.098633 0.000000 797.730225 0.000000 0.807402 0.000000 -0.590001 0.000000 0.000000 0.000000
2837.705078 0.000000 761.164551 0.000000 0.730968 0.000000 -0.682412 0.000000 0.000000 0.000000
2818.500488 0.000000 754.040955 0.000000 0.813743 0.000000 -0.581224 0.000000 0.000000 0.000000
2834.817383 0.000000 764.740784 0.000000 0.794318 0.000000 -0.607502 0.000000 0.000000 0.000000
2843.932861 0.000000 754.566528 0.000000 0.732869 0.000000 -0.680370 0.000000 0.000000 0.000000
2864.647949 0.000000 887.741394 0.000000 0.774589 0.000000 -0.632465 0.000000 0.000000 0.000000
2892.978516 0.000000 848.001587 0.000000 0.671576 0.000000 -0.740935 0.000000 0.000000 0.000000
2901.503174 0.000000 895.584839 0.000000 0.748095 0.000000 -0.663592 0.000000 0.000000 0.000000
2528.032227 0.000000 997.172241 0.000000 0.778379 0.000000 -0.627794 0.000000 0.000000 0.000000
2509.507080 0.000000 1052.533203 0.000000 0.713115 0.000000 -0.701047 0.000000 0.000000 0.000000
2529.210205 0.000000 1118.076416 0.000000 0.729399 0.000000 -0.684088 0.000000 0.000000 0.000000
2476.063232 0.000000 1308.129761 0.000000 0.812852 0.000000 -0.582470 0.000000 0.000000 0.000000
2472.763184 0.000000 1314.262817 0.000000 0.810905 0.000000 -0.585177 0.000000 0.000000 0.000000
2479.663086 0.000000 1309.152466 0.000000 0.760773 0.000000 -0.649018 0.000000 0.000000 0.000000
2615.107910 0.000000 948.951294 0.000000 0.821566 0.000000 -0.570114 0.000000 0.000000 0.000000
2668.063232 0.000000 912.739136 0.000000 0.697048 0.000000 -0.717024 0.000000 0.000000 0.000000
2671.917480 0.000000 940.532043 0.000000 0.769264 0.000000 -0.638931 0.000000 0.000000 0.000000
2668.760498 0.000000 998.739502 0.000000 0.817573 0.000000 -0.575825 0.000000 0.000000 0.000000
2675.214111 0.000000 1006.491577 0.000000 0.737826 0.000000 -0.674991 0.000000 0.000000 0.000000
2679.062500 0.000000 1011.251831 0.000000 0.785664 0.000000 -0.618654 0.000000 0.000000 0.000000
2685.612061 0.000000 998.994019 0.000000 0.781574 0.000000 -0.623812 0.000000 0.000000 0.000000
2692.957520 0.000000 1000.081482 0.000000 0.693089 0.000000 -0.720852 0.000000 0.000000 0.000000
2924.083252 0.000000 923.810974 0.000000 0.787543 0.000000 -0.616260 0.000000 0.000000 0.000000
3017.866211 0.000000 999.306702 0.000000 0.794297 0.000000 -0.607530 0.000000 0.000000 0.000000
3026.230469 0.000000 1337.176147 0.000000 0.721233 0.000000 -0.692692 0.000000 0.000000 0.000000
3008.894775 0.000000 1329.440796 0.000000 0.794423 0.000000 -0.607366 0.000000 0.000000 0.000000
2377.400879 0.000000 1541.197266 0.000000 0.779426 0.000000 -0.626494 0.000000 0.000000 0.000000
2387.007568 0.000000 1543.156494 0.000000 0.713629 0.000000 -0.700523 0.000000 0.000000 0.000000
2386.817383 0.000000 1555.521973 0.000000 0.757129 0.000000 -0.653266 0.000000 0.000000 0.000000
2231.531250 0.000000 1705.134888 0.000000 0.747419 0.000000 -0.664352 0.000000 0.000000 0.000000
2406.889160 0.000000 1661.486450 0.000000 0.728610 0.000000 -0.684928 0.000000 0.000000 0.000000
2403.104248 0.000000 1646.588989 0.000000 0.720747 0.000000 -0.693198 0.000000 0.000000 0.000000
2443.959473 0.000000 1686.537720 0.000000 0.704701 0.000000 -0.709504 0.000000 0.000000 0.000000
2461.392090 0.000000 1682.720337 0.000000 0.729963 0.000000 -0.683487 0.000000 0.000000 0.000000
2452.569336 0.000000 1699.917725 0.000000 0.784020 0.000000 -0.620736 0.000000 0.000000 0.000000
2514.190674 0.000000 1704.053467 0.000000 0.773914 0.000000 -0.633291 0.000000 0.000000 0.000000
2621.292725 0.000000 1424.668335 0.000000 0.712806 0.000000 -0.701362 0.000000 0.000000 0.000000
2628.048096 0.000000 1420.459473 0.000000 0.750134 0.000000 -0.661286 0.000000 0.000000 0.000000
2789.982422 0.000000 1575.339966 0.000000 0.691841 0.000000 -0.722049 0.000000 0.000000 0.000000
2796.760498 0.000000 1563.583252 0.000000 0.666453 0.000000 -0.745547 0.000000 0.000000 0.000000
2931.456055 0.000000 1575.366333 0.000000 0.794206 0.000000 -0.607648 0.000000 0.000000 0.000000
2656.032227 0.000000 1674.984741 0.000000 0.744136 0.000000 -0.668028 0.000000 0.000000 0.000000
2683.981689 0.000000 1693.266113 0.000000 0.800373 0.000000 -0.599502 0.000000 0.000000 0.000000
2675.759033 0.000000 1669.411743 0.000000 0.793552 0.000000 -0.608503 0.000000 0.000000 0.000000
3113.260742 0.000000 1004.456543 0.000000 0.803348 0.000000 -0.595510 0.000000 0.000000 0.000000
3116.662354 0.000000 1349.720825 0.000000 0.796552 0.000000 -0.604570 0.000000 0.000000 0.000000
3106.932617 0.000000 1353.217529 0.000000 0.685685 0.000000 -0.727898 0.000000 0.000000 0.000000
3250.842529 0.000000 1317.010620 0.000000 0.719332 0.000000 -0.694666 0.000000 0.000000 0.000000
1855.586426 0.000000 1917.418945 0.000000 0.725247 0.000000 -0.688488 0.000000 0.000000 0.000000
1711.868652 0.000000 2138.332764 0.000000 0.676806 0.000000 -0.736161 0.000000 0.000000 0.000000
1735.671631 0.000000 2114.778320 0.000000 0.759302 0.000000 -0.650738 0.000000 0.000000 0.000000
1751.890747 0.000000 2108.979492 0.000000 0.738340 0.000000 -0.674429 0.000000 0.000000 0.000000
1750.937134 0.000000 2104.349121 0.000000 0.807531 0.000000 -0.589825 0.000000 0.000000 0.000000
1850.807129 0.000000 2040.092041 0.000000 0.810104 0.000000 -0.586285 0.000000 0.000000 0.000000
2086.231201 0.000000 1958.997803 0.000000 0.782555 0.000000 -0.622582 0.000000 0.000000 0.000000
2073.680908 0.000000 1954.246216 0.000000 0.753271 0.000000 -0.657710 0.000000 0.000000 0.000000
2476.083252 0.000000 1940.529785 0.000000 0.684859 0.000000 -0.728676 0.000000 0.000000 0.000000
2473.677002 0.000000 1938.535767 0.000000 0.791522 0.000000 -0.611141 0.000000 0.000000 0.000000
2497.319092 0.000000 1959.357178 0.000000 0.761771 0.000000 -0.647846 0.000000 0.000000 0.000000
2500.755371 0.000000 1948.341431 0.000000 0.819021 0.000000 -0.573763 0.000000 0.000000 0.000000
"}
object={
	name="latin_dynamic_mining_objects_generator_1_3"
	clamp_to_water_level=no
	render_under_water=no
	generated_content=yes
	layer="mines_dynamic"
	pdxmesh="generic_rural_mining_pile_02_mesh"
	count=66
	transform="2692.458496 0.000000 619.309692 0.000000 0.489218 0.000000 -0.872162 0.000000 0.000000 0.000000
2708.089355 0.000000 609.660645 0.000000 0.647028 0.000000 -0.762466 0.000000 0.000000 0.000000
2704.971924 0.000000 614.020752 0.000000 0.491965 0.000000 -0.870615 0.000000 0.000000 0.000000
2692.032471 0.000000 765.908447 0.000000 0.661284 0.000000 -0.750135 0.000000 0.000000 0.000000
2704.971924 0.000000 783.473877 0.000000 0.500020 0.000000 -0.866014 0.000000 0.000000 0.000000
2709.503174 0.000000 782.616089 0.000000 0.520411 0.000000 -0.853916 0.000000 0.000000 0.000000
2694.724365 0.000000 767.804382 0.000000 0.470139 0.000000 -0.882592 0.000000 0.000000 0.000000
2586.709961 0.000000 827.821167 0.000000 0.503900 0.000000 -0.863762 0.000000 0.000000 0.000000
2589.530273 0.000000 818.073608 0.000000 0.503310 0.000000 -0.864106 0.000000 0.000000 0.000000
2633.400879 0.000000 806.900391 0.000000 0.616355 0.000000 -0.787468 0.000000 0.000000 0.000000
2837.208252 0.000000 774.176086 0.000000 0.586166 0.000000 -0.810191 0.000000 0.000000 0.000000
2827.929443 0.000000 746.302734 0.000000 0.525557 0.000000 -0.850758 0.000000 0.000000 0.000000
2835.771729 0.000000 756.922302 0.000000 0.558324 0.000000 -0.829623 0.000000 0.000000 0.000000
2896.971924 0.000000 896.442627 0.000000 0.490492 0.000000 -0.871446 0.000000 0.000000 0.000000
2406.893555 0.000000 1205.619263 0.000000 0.469542 0.000000 -0.882910 0.000000 0.000000 0.000000
2418.842529 0.000000 1204.041870 0.000000 0.471598 0.000000 -0.881814 0.000000 0.000000 0.000000
2490.807129 0.000000 1305.795166 0.000000 0.626369 0.000000 -0.779526 0.000000 0.000000 0.000000
2486.382080 0.000000 1328.468262 0.000000 0.511498 0.000000 -0.859284 0.000000 0.000000 0.000000
2480.918701 0.000000 1314.126831 0.000000 0.477678 0.000000 -0.878535 0.000000 0.000000 0.000000
2474.835938 0.000000 1305.146851 0.000000 0.610504 0.000000 -0.792014 0.000000 0.000000 0.000000
2682.028564 0.000000 916.848572 0.000000 0.486308 0.000000 -0.873788 0.000000 0.000000 0.000000
2668.662354 0.000000 1010.814575 0.000000 0.471336 0.000000 -0.881954 0.000000 0.000000 0.000000
2738.842529 0.000000 1091.073120 0.000000 0.662067 0.000000 -0.749444 0.000000 0.000000 0.000000
2733.375000 0.000000 1098.124756 0.000000 0.547539 0.000000 -0.836780 0.000000 0.000000 0.000000
2898.127686 0.000000 917.026062 0.000000 0.477762 0.000000 -0.878489 0.000000 0.000000 0.000000
2914.015137 0.000000 924.245544 0.000000 0.514712 0.000000 -0.857363 0.000000 0.000000 0.000000
2903.293701 0.000000 927.314758 0.000000 0.614976 0.000000 -0.788545 0.000000 0.000000 0.000000
3030.477783 0.000000 995.127686 0.000000 0.626294 0.000000 -0.779587 0.000000 0.000000 0.000000
3026.230469 0.000000 998.269897 0.000000 0.493989 0.000000 -0.869468 0.000000 0.000000 0.000000
3036.793701 0.000000 1076.044922 0.000000 0.483601 0.000000 -0.875289 0.000000 0.000000 0.000000
3049.563477 0.000000 1099.694092 0.000000 0.540943 0.000000 -0.841059 0.000000 0.000000 0.000000
3043.991211 0.000000 1088.929565 0.000000 0.528768 0.000000 -0.848767 0.000000 0.000000 0.000000
2413.375000 0.000000 1662.968506 0.000000 0.583959 0.000000 -0.811783 0.000000 0.000000 0.000000
2410.288330 0.000000 1661.194702 0.000000 0.524530 0.000000 -0.851392 0.000000 0.000000 0.000000
2450.283447 0.000000 1695.663940 0.000000 0.658312 0.000000 -0.752745 0.000000 0.000000 0.000000
2507.929443 0.000000 1706.537109 0.000000 0.632892 0.000000 -0.774240 0.000000 0.000000 0.000000
2631.671631 0.000000 1436.965942 0.000000 0.659732 0.000000 -0.751501 0.000000 0.000000 0.000000
2785.210205 0.000000 1569.951416 0.000000 0.576915 0.000000 -0.816804 0.000000 0.000000 0.000000
2793.260742 0.000000 1569.300293 0.000000 0.571889 0.000000 -0.820331 0.000000 0.000000 0.000000
2788.620605 0.000000 1571.786621 0.000000 0.465559 0.000000 -0.885017 0.000000 0.000000 0.000000
2680.551025 0.000000 1670.906006 0.000000 0.551977 0.000000 -0.833860 0.000000 0.000000 0.000000
2685.248291 0.000000 1684.048950 0.000000 0.588587 0.000000 -0.808434 0.000000 0.000000 0.000000
2661.098633 0.000000 1680.917847 0.000000 0.591736 0.000000 -0.806131 0.000000 0.000000 0.000000
2681.910400 0.000000 1685.997925 0.000000 0.532211 0.000000 -0.846612 0.000000 0.000000 0.000000
3106.735840 0.000000 1338.793701 0.000000 0.472861 0.000000 -0.881137 0.000000 0.000000 0.000000
3119.917480 0.000000 1335.922607 0.000000 0.536998 0.000000 -0.843583 0.000000 0.000000 0.000000
3255.531250 0.000000 1309.744263 0.000000 0.628585 0.000000 -0.777741 0.000000 0.000000 0.000000
3237.098633 0.000000 1342.011597 0.000000 0.567157 0.000000 -0.823610 0.000000 0.000000 0.000000
3241.656006 0.000000 1339.250366 0.000000 0.600052 0.000000 -0.799961 0.000000 0.000000 0.000000
1784.315552 0.000000 2013.962158 0.000000 0.655909 0.000000 -0.754840 0.000000 0.000000 0.000000
1850.368286 0.000000 1915.910278 0.000000 0.511800 0.000000 -0.859104 0.000000 0.000000 0.000000
1983.586426 0.000000 1917.418945 0.000000 0.651038 0.000000 -0.759045 0.000000 0.000000 0.000000
1979.981689 0.000000 1919.203613 0.000000 0.576445 0.000000 -0.817136 0.000000 0.000000 0.000000
1850.305298 0.000000 2020.934570 0.000000 0.512828 0.000000 -0.858491 0.000000 0.000000 0.000000
1652.004028 0.000000 2093.249512 0.000000 0.561239 0.000000 -0.827654 0.000000 0.000000 0.000000
1769.563477 0.000000 2059.928467 0.000000 0.586385 0.000000 -0.810033 0.000000 0.000000 0.000000
1766.889160 0.000000 2056.877197 0.000000 0.626346 0.000000 -0.779545 0.000000 0.000000 0.000000
1757.530396 0.000000 2060.729980 0.000000 0.622063 0.000000 -0.782967 0.000000 0.000000 0.000000
1705.260620 0.000000 2134.144043 0.000000 0.580368 0.000000 -0.814354 0.000000 0.000000 0.000000
1469.212891 0.000000 2284.766846 0.000000 0.614487 0.000000 -0.788927 0.000000 0.000000 0.000000
1453.433838 0.000000 2289.104248 0.000000 0.550876 0.000000 -0.834587 0.000000 0.000000 0.000000
1467.211304 0.000000 2288.993164 0.000000 0.656187 0.000000 -0.754599 0.000000 0.000000 0.000000
1554.230469 0.000000 2297.410645 0.000000 0.506812 0.000000 -0.862056 0.000000 0.000000 0.000000
2051.505127 0.000000 1850.926147 0.000000 0.516670 0.000000 -0.856184 0.000000 0.000000 0.000000
2082.735840 0.000000 1960.121826 0.000000 0.613217 0.000000 -0.789914 0.000000 0.000000 0.000000
2470.893555 0.000000 1939.916138 0.000000 0.551058 0.000000 -0.834467 0.000000 0.000000 0.000000
"}
object={
	name="latin_dynamic_mining_objects_generator_1_4"
	clamp_to_water_level=no
	render_under_water=no
	generated_content=yes
	layer="mines_dynamic"
	pdxmesh="generic_rural_mining_entrance_01_mesh"
	count=92
	transform="2516.569336 0.000000 570.230225 0.000000 0.446790 0.000000 -0.894639 0.000000 0.000000 0.000000
2542.042969 0.000000 740.151550 0.000000 0.263989 0.000000 -0.964526 0.000000 0.000000 0.000000
2500.755371 0.000000 875.138306 0.000000 0.318318 0.000000 -0.947984 0.000000 0.000000 0.000000
2710.477783 0.000000 599.737061 0.000000 0.296002 0.000000 -0.955187 0.000000 0.000000 0.000000
2706.817383 0.000000 595.287659 0.000000 0.262941 0.000000 -0.964812 0.000000 0.000000 0.000000
2688.156738 0.000000 619.743958 0.000000 0.336637 0.000000 -0.941634 0.000000 0.000000 0.000000
2562.500488 0.000000 754.040955 0.000000 0.387014 0.000000 -0.922074 0.000000 0.000000 0.000000
2560.513916 0.000000 750.377747 0.000000 0.414852 0.000000 -0.909889 0.000000 0.000000 0.000000
2706.579102 0.000000 789.485779 0.000000 0.403990 0.000000 -0.914764 0.000000 0.000000 0.000000
2583.890625 0.000000 809.838928 0.000000 0.362311 0.000000 -0.932057 0.000000 0.000000 0.000000
2581.208252 0.000000 830.660461 0.000000 0.242728 0.000000 -0.970095 0.000000 0.000000 0.000000
2579.007568 0.000000 808.859619 0.000000 0.313668 0.000000 -0.949533 0.000000 0.000000 0.000000
2622.270020 0.000000 795.212646 0.000000 0.453428 0.000000 -0.891293 0.000000 0.000000 0.000000
2624.098633 0.000000 797.730225 0.000000 0.450748 0.000000 -0.892651 0.000000 0.000000 0.000000
2624.513916 0.000000 806.862122 0.000000 0.377514 0.000000 -0.926004 0.000000 0.000000 0.000000
2752.894775 0.000000 821.081360 0.000000 0.350296 0.000000 -0.936639 0.000000 0.000000 0.000000
2823.979980 0.000000 776.432190 0.000000 0.245077 0.000000 -0.969504 0.000000 0.000000 0.000000
2842.073975 0.000000 764.813293 0.000000 0.445712 0.000000 -0.895176 0.000000 0.000000 0.000000
2835.007568 0.000000 752.375244 0.000000 0.312940 0.000000 -0.949773 0.000000 0.000000 0.000000
2819.837158 0.000000 757.858948 0.000000 0.300103 0.000000 -0.953907 0.000000 0.000000 0.000000
2827.941895 0.000000 776.100891 0.000000 0.455409 0.000000 -0.890282 0.000000 0.000000 0.000000
2871.107910 0.000000 892.466919 0.000000 0.393057 0.000000 -0.919514 0.000000 0.000000 0.000000
2878.419189 0.000000 889.412903 0.000000 0.270050 0.000000 -0.962846 0.000000 0.000000 0.000000
2894.875732 0.000000 892.027649 0.000000 0.459261 0.000000 -0.888301 0.000000 0.000000 0.000000
2883.505127 0.000000 890.691772 0.000000 0.415162 0.000000 -0.909747 0.000000 0.000000 0.000000
2901.668701 0.000000 857.054504 0.000000 0.410768 0.000000 -0.911740 0.000000 0.000000 0.000000
2415.663086 0.000000 1196.183716 0.000000 0.378334 0.000000 -0.925669 0.000000 0.000000 0.000000
2618.544434 0.000000 944.173096 0.000000 0.276381 0.000000 -0.961048 0.000000 0.000000 0.000000
2673.272949 0.000000 937.374939 0.000000 0.453141 0.000000 -0.891439 0.000000 0.000000 0.000000
2679.637939 0.000000 919.493469 0.000000 0.431791 0.000000 -0.901974 0.000000 0.000000 0.000000
2673.519043 0.000000 910.079651 0.000000 0.326084 0.000000 -0.945341 0.000000 0.000000 0.000000
2679.531250 0.000000 914.353699 0.000000 0.462244 0.000000 -0.886753 0.000000 0.000000 0.000000
2664.763184 0.000000 918.872192 0.000000 0.308155 0.000000 -0.951336 0.000000 0.000000 0.000000
2658.015137 0.000000 924.245544 0.000000 0.329804 0.000000 -0.944049 0.000000 0.000000 0.000000
2677.993896 0.000000 925.036133 0.000000 0.439575 0.000000 -0.898206 0.000000 0.000000 0.000000
2685.524170 0.000000 920.819702 0.000000 0.345652 0.000000 -0.938363 0.000000 0.000000 0.000000
2662.535645 0.000000 933.258118 0.000000 0.397209 0.000000 -0.917728 0.000000 0.000000 0.000000
2662.889160 0.000000 927.189636 0.000000 0.313907 0.000000 -0.949454 0.000000 0.000000 0.000000
2665.656006 0.000000 943.859741 0.000000 0.353850 0.000000 -0.935302 0.000000 0.000000 0.000000
2675.456055 0.000000 1010.522644 0.000000 0.390238 0.000000 -0.920714 0.000000 0.000000 0.000000
2669.311035 0.000000 994.584290 0.000000 0.411155 0.000000 -0.911565 0.000000 0.000000 0.000000
2692.032471 0.000000 991.845947 0.000000 0.254949 0.000000 -0.966955 0.000000 0.000000 0.000000
2688.894775 0.000000 990.534485 0.000000 0.404345 0.000000 -0.914607 0.000000 0.000000 0.000000
2674.318359 0.000000 1016.924622 0.000000 0.435083 0.000000 -0.900390 0.000000 0.000000 0.000000
2726.686279 0.000000 1073.508911 0.000000 0.282026 0.000000 -0.959407 0.000000 0.000000 0.000000
2903.890625 0.000000 922.807678 0.000000 0.239651 0.000000 -0.970859 0.000000 0.000000 0.000000
2906.122314 0.000000 914.558411 0.000000 0.374978 0.000000 -0.927034 0.000000 0.000000 0.000000
2927.145508 0.000000 921.897827 0.000000 0.357938 0.000000 -0.933745 0.000000 0.000000 0.000000
3029.208252 0.000000 1000.113586 0.000000 0.356990 0.000000 -0.934108 0.000000 0.000000 0.000000
3039.825928 0.000000 1081.325562 0.000000 0.315127 0.000000 -0.949049 0.000000 0.000000 0.000000
3040.617920 0.000000 1076.568726 0.000000 0.417946 0.000000 -0.908472 0.000000 0.000000 0.000000
2324.569336 0.000000 1417.495850 0.000000 0.250840 0.000000 -0.968029 0.000000 0.000000 0.000000
2322.283447 0.000000 1413.242065 0.000000 0.375102 0.000000 -0.926984 0.000000 0.000000 0.000000
2226.789307 0.000000 1706.618530 0.000000 0.387618 0.000000 -0.921820 0.000000 0.000000 0.000000
2382.873047 0.000000 1589.609619 0.000000 0.443869 0.000000 -0.896092 0.000000 0.000000 0.000000
2514.127686 0.000000 1707.807251 0.000000 0.241994 0.000000 -0.970278 0.000000 0.000000 0.000000
2621.524170 0.000000 1429.179077 0.000000 0.263837 0.000000 -0.964567 0.000000 0.000000 0.000000
2625.451416 0.000000 1424.285034 0.000000 0.297461 0.000000 -0.954734 0.000000 0.000000 0.000000
2636.552734 0.000000 1438.303467 0.000000 0.324402 0.000000 -0.945919 0.000000 0.000000 0.000000
2651.932861 0.000000 1432.379028 0.000000 0.313839 0.000000 -0.949476 0.000000 0.000000 0.000000
2778.979736 0.000000 1566.910889 0.000000 0.277791 0.000000 -0.960641 0.000000 0.000000 0.000000
2782.060547 0.000000 1573.233032 0.000000 0.464573 0.000000 -0.885535 0.000000 0.000000 0.000000
2797.311035 0.000000 1559.427979 0.000000 0.378828 0.000000 -0.925467 0.000000 0.000000 0.000000
2931.402588 0.000000 1579.045410 0.000000 0.257441 0.000000 -0.966294 0.000000 0.000000 0.000000
2646.477783 0.000000 1672.940186 0.000000 0.370468 0.000000 -0.928845 0.000000 0.000000 0.000000
2679.107910 0.000000 1683.248169 0.000000 0.272525 0.000000 -0.962149 0.000000 0.000000 0.000000
2675.214111 0.000000 1684.304077 0.000000 0.365455 0.000000 -0.930829 0.000000 0.000000 0.000000
2660.620605 0.000000 1684.755371 0.000000 0.462334 0.000000 -0.886706 0.000000 0.000000 0.000000
2679.062500 0.000000 1689.064331 0.000000 0.346436 0.000000 -0.938074 0.000000 0.000000 0.000000
3133.612061 0.000000 998.994019 0.000000 0.411996 0.000000 -0.911186 0.000000 0.000000 0.000000
3185.272949 0.000000 1163.312378 0.000000 0.289120 0.000000 -0.957293 0.000000 0.000000 0.000000
3183.868652 0.000000 1178.098511 0.000000 0.453274 0.000000 -0.891371 0.000000 0.000000 0.000000
3187.759033 0.000000 1161.052368 0.000000 0.415638 0.000000 -0.909530 0.000000 0.000000 0.000000
3105.210205 0.000000 1344.013916 0.000000 0.366653 0.000000 -0.930358 0.000000 0.000000 0.000000
3116.760498 0.000000 1337.645752 0.000000 0.337761 0.000000 -0.941232 0.000000 0.000000 0.000000
3120.647949 0.000000 1339.616333 0.000000 0.341210 0.000000 -0.939987 0.000000 0.000000 0.000000
3116.376709 0.000000 1345.408325 0.000000 0.391259 0.000000 -0.920281 0.000000 0.000000 0.000000
3183.722412 0.000000 1399.944702 0.000000 0.255511 0.000000 -0.966806 0.000000 0.000000 0.000000
1988.458618 0.000000 1918.450317 0.000000 0.368478 0.000000 -0.929636 0.000000 0.000000 0.000000
1993.640991 0.000000 1917.172241 0.000000 0.270678 0.000000 -0.962670 0.000000 0.000000 0.000000
1849.910522 0.000000 2024.904175 0.000000 0.351384 0.000000 -0.936231 0.000000 0.000000 0.000000
1847.062500 0.000000 2027.970581 0.000000 0.250994 0.000000 -0.967989 0.000000 0.000000 0.000000
1965.943604 0.000000 1922.823730 0.000000 0.432395 0.000000 -0.901684 0.000000 0.000000 0.000000
1715.455933 0.000000 2140.210205 0.000000 0.301398 0.000000 -0.953498 0.000000 0.000000 0.000000
1554.817383 0.000000 2233.334473 0.000000 0.249017 0.000000 -0.968499 0.000000 0.000000 0.000000
1551.273071 0.000000 2281.293457 0.000000 0.284241 0.000000 -0.958753 0.000000 0.000000 0.000000
1545.866211 0.000000 2298.447266 0.000000 0.431141 0.000000 -0.902285 0.000000 0.000000 0.000000
2067.771729 0.000000 1830.125488 0.000000 0.270654 0.000000 -0.962677 0.000000 0.000000 0.000000
2065.260010 0.000000 1833.957153 0.000000 0.420724 0.000000 -0.907189 0.000000 0.000000 0.000000
2074.709961 0.000000 1957.508667 0.000000 0.249908 0.000000 -0.968270 0.000000 0.000000 0.000000
2461.530273 0.000000 1947.761108 0.000000 0.271591 0.000000 -0.962413 0.000000 0.000000 0.000000
2479.537109 0.000000 1947.597168 0.000000 0.334030 0.000000 -0.942562 0.000000 0.000000 0.000000
"}
object={
	name="latin_dynamic_mining_objects_generator_1_5"
	clamp_to_water_level=no
	render_under_water=no
	generated_content=yes
	layer="mines_dynamic"
	pdxmesh="generic_rural_mining_entrance_02_mesh"
	count=63
	transform="2463.758545 0.000000 651.487732 0.000000 0.083591 0.000000 -0.996500 0.000000 0.000000 0.000000
2468.276123 0.000000 654.574890 0.000000 0.084014 0.000000 -0.996465 0.000000 0.000000 0.000000
2466.932617 0.000000 675.405029 0.000000 0.055381 0.000000 -0.998465 0.000000 0.000000 0.000000
2548.014648 0.000000 743.140198 0.000000 0.104940 0.000000 -0.994479 0.000000 0.000000 0.000000
2500.032471 0.000000 878.877197 0.000000 0.121494 0.000000 -0.992592 0.000000 0.000000 0.000000
2711.371094 0.000000 607.857666 0.000000 0.165056 0.000000 -0.986284 0.000000 0.000000 0.000000
2565.119141 0.000000 750.731079 0.000000 0.022614 0.000000 -0.999744 0.000000 0.000000 0.000000
2702.953369 0.000000 788.268555 0.000000 0.097139 0.000000 -0.995271 0.000000 0.000000 0.000000
2699.406250 0.000000 767.367676 0.000000 0.083487 0.000000 -0.996509 0.000000 0.000000 0.000000
2815.957764 0.000000 755.195862 0.000000 0.052792 0.000000 -0.998606 0.000000 0.000000 0.000000
2813.658936 0.000000 769.612610 0.000000 0.169282 0.000000 -0.985568 0.000000 0.000000 0.000000
2587.131592 0.000000 806.902405 0.000000 0.022404 0.000000 -0.999749 0.000000 0.000000 0.000000
2761.400879 0.000000 806.900391 0.000000 0.085475 0.000000 -0.996340 0.000000 0.000000 0.000000
2752.513916 0.000000 806.862122 0.000000 0.111469 0.000000 -0.993768 0.000000 0.000000 0.000000
2830.875732 0.000000 779.058899 0.000000 0.081670 0.000000 -0.996659 0.000000 0.000000 0.000000
2829.507080 0.000000 770.111328 0.000000 0.075697 0.000000 -0.997131 0.000000 0.000000 0.000000
2841.680908 0.000000 768.074341 0.000000 0.185100 0.000000 -0.982720 0.000000 0.000000 0.000000
2871.060791 0.000000 888.865356 0.000000 0.122393 0.000000 -0.992482 0.000000 0.000000 0.000000
2887.914795 0.000000 849.102539 0.000000 0.074646 0.000000 -0.997210 0.000000 0.000000 0.000000
2880.009766 0.000000 889.458130 0.000000 0.179428 0.000000 -0.983771 0.000000 0.000000 0.000000
2413.516602 0.000000 1200.905151 0.000000 0.066980 0.000000 -0.997754 0.000000 0.000000 0.000000
2412.083252 0.000000 1206.232910 0.000000 0.076135 0.000000 -0.997098 0.000000 0.000000 0.000000
2408.763184 0.000000 1201.294067 0.000000 0.198798 0.000000 -0.980040 0.000000 0.000000 0.000000
2486.173828 0.000000 1305.324829 0.000000 0.154426 0.000000 -0.988004 0.000000 0.000000 0.000000
2478.042969 0.000000 1304.995239 0.000000 0.127556 0.000000 -0.991831 0.000000 0.000000 0.000000
2661.432373 0.000000 914.777039 0.000000 0.013813 0.000000 -0.999905 0.000000 0.000000 0.000000
2659.991211 0.000000 919.476501 0.000000 0.018829 0.000000 -0.999823 0.000000 0.000000 0.000000
2675.863525 0.000000 928.122742 0.000000 0.075483 0.000000 -0.997147 0.000000 0.000000 0.000000
2685.248291 0.000000 1006.236450 0.000000 0.225179 0.000000 -0.974317 0.000000 0.000000 0.000000
2679.060791 0.000000 1001.834106 0.000000 0.151259 0.000000 -0.988494 0.000000 0.000000 0.000000
2665.204590 0.000000 996.795715 0.000000 0.086192 0.000000 -0.996279 0.000000 0.000000 0.000000
2688.255127 0.000000 1007.375244 0.000000 0.185353 0.000000 -0.982672 0.000000 0.000000 0.000000
2691.505127 0.000000 1003.660522 0.000000 0.180874 0.000000 -0.983506 0.000000 0.000000 0.000000
2688.009766 0.000000 1002.426880 0.000000 0.223149 0.000000 -0.974784 0.000000 0.000000 0.000000
3016.908447 0.000000 1006.134399 0.000000 0.137013 0.000000 -0.990569 0.000000 0.000000 0.000000
2836.089355 0.000000 1118.020020 0.000000 0.166040 0.000000 -0.986119 0.000000 0.000000 0.000000
2989.516602 0.000000 1144.420776 0.000000 0.121839 0.000000 -0.992550 0.000000 0.000000 0.000000
2329.237549 0.000000 1418.268311 0.000000 0.012535 0.000000 -0.999921 0.000000 0.000000 0.000000
2308.048096 0.000000 1420.459473 0.000000 0.112705 0.000000 -0.993628 0.000000 0.000000 0.000000
2399.825928 0.000000 1646.169312 0.000000 0.025618 0.000000 -0.999672 0.000000 0.000000 0.000000
2412.083252 0.000000 1658.107910 0.000000 0.057644 0.000000 -0.998337 0.000000 0.000000 0.000000
2444.978516 0.000000 1695.267212 0.000000 0.119410 0.000000 -0.992845 0.000000 0.000000 0.000000
2443.786377 0.000000 1699.584229 0.000000 0.171317 0.000000 -0.985216 0.000000 0.000000 0.000000
2511.273193 0.000000 1716.449829 0.000000 0.194265 0.000000 -0.980949 0.000000 0.000000 0.000000
2783.334473 0.000000 1566.063599 0.000000 0.076573 0.000000 -0.997064 0.000000 0.000000 0.000000
2793.322754 0.000000 1573.353760 0.000000 0.033234 0.000000 -0.999448 0.000000 0.000000 0.000000
2935.060791 0.000000 1566.677856 0.000000 0.230316 0.000000 -0.973116 0.000000 0.000000 0.000000
2657.210205 0.000000 1682.920166 0.000000 0.138566 0.000000 -0.990353 0.000000 0.000000 0.000000
2687.586426 0.000000 1691.481445 0.000000 0.238317 0.000000 -0.971187 0.000000 0.000000 0.000000
2680.315674 0.000000 1675.055908 0.000000 0.160580 0.000000 -0.987023 0.000000 0.000000 0.000000
2685.508057 0.000000 1687.823608 0.000000 0.212358 0.000000 -0.977192 0.000000 0.000000 0.000000
3177.385498 0.000000 1162.605591 0.000000 0.220560 0.000000 -0.975374 0.000000 0.000000 0.000000
3189.013428 0.000000 1164.333862 0.000000 0.105562 0.000000 -0.994413 0.000000 0.000000 0.000000
3102.060547 0.000000 1347.295532 0.000000 0.012592 0.000000 -0.999921 0.000000 0.000000 0.000000
1749.705078 0.000000 2116.789551 0.000000 0.064432 0.000000 -0.997922 0.000000 0.000000 0.000000
1731.837158 0.000000 2113.483887 0.000000 0.168771 0.000000 -0.985655 0.000000 0.000000 0.000000
1464.065796 0.000000 2284.737549 0.000000 0.023077 0.000000 -0.999734 0.000000 0.000000 0.000000
1553.260132 0.000000 2285.832031 0.000000 0.009200 0.000000 -0.999958 0.000000 0.000000 0.000000
2059.959473 0.000000 1855.990845 0.000000 0.021818 0.000000 -0.999762 0.000000 0.000000 0.000000
2061.507080 0.000000 1843.314453 0.000000 0.030256 0.000000 -0.999542 0.000000 0.000000 0.000000
2077.237549 0.000000 1953.990967 0.000000 0.025140 0.000000 -0.999684 0.000000 0.000000 0.000000
2466.857422 0.000000 1949.597656 0.000000 0.079717 0.000000 -0.996818 0.000000 0.000000 0.000000
2464.448975 0.000000 1946.464111 0.000000 0.060137 0.000000 -0.998190 0.000000 0.000000 0.000000
"}
