object={
	name="latin_dynamic_forestry_objects_generator_2_0"
	clamp_to_water_level=no
	render_under_water=no
	generated_content=yes
	layer="forestry_dynamic"
	pdxmesh="generic_forestry_lumberpile_02_mesh"
	count=212
	transform="2416.541992 0.000000 248.522766 0.000000 0.742060 0.000000 0.670334 0.500000 0.500000 0.500000
2837.705078 0.000000 704.680176 0.000000 0.031466 0.000000 -0.999505 0.500000 0.500000 0.500000
2975.453613 0.000000 863.995728 0.000000 0.995018 0.000000 -0.099691 0.500000 0.500000 0.500000
3057.272949 0.000000 993.859314 0.000000 0.775860 0.000000 0.630905 0.500000 0.500000 0.500000
3020.978516 0.000000 1017.454712 0.000000 0.951241 0.000000 -0.308447 0.500000 0.500000 0.500000
3066.807129 0.000000 1023.373291 0.000000 0.536953 0.000000 -0.843612 0.500000 0.500000 0.500000
3071.957764 0.000000 1037.617798 0.000000 0.580255 0.000000 -0.814435 0.500000 0.500000 0.500000
3046.231201 0.000000 1450.638428 0.000000 0.963502 0.000000 -0.267701 0.500000 0.500000 0.500000
2874.544434 0.000000 1621.985596 0.000000 0.667294 0.000000 0.744794 0.500000 0.500000 0.500000
3110.231201 0.000000 1055.247803 0.000000 0.467980 0.000000 0.883739 0.500000 0.500000 0.500000
3080.407471 0.000000 1024.531128 0.000000 0.911090 0.000000 -0.412208 0.500000 0.500000 0.500000
3093.705078 0.000000 1100.070801 0.000000 0.698811 0.000000 0.715306 0.500000 0.500000 0.500000
3177.563477 0.000000 1099.694092 0.000000 0.260632 0.000000 -0.965438 0.500000 0.500000 0.500000
3173.982422 0.000000 1123.464966 0.000000 0.102843 0.000000 -0.994698 0.500000 0.500000 0.500000
3156.569336 0.000000 1078.589600 0.000000 0.873365 0.000000 0.487066 0.500000 0.500000 0.500000
3144.407471 0.000000 1081.015503 0.000000 0.731728 0.000000 0.681596 0.500000 0.500000 0.500000
3159.890625 0.000000 1092.260864 0.000000 0.481631 0.000000 0.876374 0.500000 0.500000 0.500000
3166.530029 0.000000 1096.663208 0.000000 0.499052 0.000000 0.866572 0.500000 0.500000 0.500000
3117.516602 0.000000 1144.420776 0.000000 0.886037 0.000000 -0.463615 0.500000 0.500000 0.500000
3117.516602 0.000000 1200.905151 0.000000 0.908892 0.000000 -0.417032 0.500000 0.500000 0.500000
3174.231201 0.000000 1224.700928 0.000000 0.671341 0.000000 -0.741148 0.500000 0.500000 0.500000
3184.205322 0.000000 1242.630615 0.000000 0.747054 0.000000 -0.664763 0.500000 0.500000 0.500000
3177.563477 0.000000 1212.662842 0.000000 0.601743 0.000000 -0.798690 0.500000 0.500000 0.500000
3092.968506 0.000000 1294.781372 0.000000 0.983994 0.000000 -0.178199 0.500000 0.500000 0.500000
3194.807129 0.000000 1249.310791 0.000000 0.981963 0.000000 0.189072 0.500000 0.500000 0.500000
3147.959473 0.000000 1347.631470 0.000000 0.714143 0.000000 -0.700000 0.500000 0.500000 0.500000
3156.089355 0.000000 1343.957520 0.000000 0.923453 0.000000 -0.383712 0.500000 0.500000 0.500000
3142.215332 0.000000 1348.078247 0.000000 0.998667 0.000000 0.051610 0.500000 0.500000 0.500000
3215.130859 0.000000 1282.028076 0.000000 0.075319 0.000000 0.997159 0.500000 0.500000 0.500000
3230.236816 0.000000 1351.670532 0.000000 0.479520 0.000000 0.877531 0.500000 0.500000 0.500000
3220.089355 0.000000 1343.957520 0.000000 0.766933 0.000000 -0.641727 0.500000 0.500000 0.500000
3130.807129 0.000000 1362.279541 0.000000 0.396111 0.000000 0.918203 0.500000 0.500000 0.500000
3133.512207 0.000000 1355.651123 0.000000 0.879820 0.000000 0.475308 0.500000 0.500000 0.500000
3138.500488 0.000000 1375.369019 0.000000 0.035541 0.000000 0.999368 0.500000 0.500000 0.500000
3145.203857 0.000000 1391.325806 0.000000 0.414148 0.000000 -0.910209 0.500000 0.500000 0.500000
3128.065674 0.000000 1437.471924 0.000000 0.973876 0.000000 -0.227079 0.500000 0.500000 0.500000
3103.453613 0.000000 1428.839478 0.000000 0.375190 0.000000 -0.926948 0.500000 0.500000 0.500000
3135.957764 0.000000 1433.008423 0.000000 0.501153 0.000000 0.865359 0.500000 0.500000 0.500000
3133.512207 0.000000 1412.135498 0.000000 0.750694 0.000000 -0.660650 0.500000 0.500000 0.500000
3106.900879 0.000000 1412.174072 0.000000 0.882467 0.000000 -0.470374 0.500000 0.500000 0.500000
3164.793701 0.000000 1414.951172 0.000000 0.985774 0.000000 0.168077 0.500000 0.500000 0.500000
3138.396484 0.000000 1413.971558 0.000000 0.674504 0.000000 -0.738271 0.500000 0.500000 0.500000
3191.637939 0.000000 1427.852783 0.000000 0.925072 0.000000 0.379791 0.500000 0.500000 0.500000
3145.400879 0.000000 1428.228516 0.000000 0.352498 0.000000 0.935813 0.500000 0.500000 0.500000
1510.893555 0.000000 2165.853516 0.000000 0.574709 0.000000 -0.818358 0.500000 0.500000 0.500000
1495.371216 0.000000 2189.420166 0.000000 0.013605 0.000000 0.999907 0.500000 0.500000 0.500000
1514.835938 0.000000 2152.412598 0.000000 0.987323 0.000000 -0.158721 0.500000 0.500000 0.500000
1725.507935 0.000000 1970.245483 0.000000 0.837970 0.000000 0.545716 0.500000 0.500000 0.500000
1776.205444 0.000000 1976.927490 0.000000 0.798823 0.000000 0.601566 0.500000 0.500000 0.500000
1732.763550 0.000000 1956.661011 0.000000 0.840547 0.000000 0.541739 0.500000 0.500000 0.500000
1728.163086 0.000000 1955.215332 0.000000 0.881770 0.000000 0.471680 0.500000 0.500000 0.500000
1904.205444 0.000000 1920.443115 0.000000 0.215002 0.000000 0.976614 0.500000 0.500000 0.500000
1882.979858 0.000000 1905.817139 0.000000 0.989905 0.000000 -0.141732 0.500000 0.500000 0.500000
1914.368286 0.000000 1915.910278 0.000000 0.104469 0.000000 -0.994528 0.500000 0.500000 0.500000
1907.455933 0.000000 1914.272583 0.000000 0.900660 0.000000 -0.434525 0.500000 0.500000 0.500000
1889.210327 0.000000 1908.857666 0.000000 0.968132 0.000000 0.250440 0.500000 0.500000 0.500000
1900.760498 0.000000 1902.489502 0.000000 0.405343 0.000000 0.914165 0.500000 0.500000 0.500000
1924.032593 0.000000 1895.595947 0.000000 0.737649 0.000000 0.675185 0.500000 0.500000 0.500000
2042.368286 0.000000 1915.910278 0.000000 0.638949 0.000000 -0.769249 0.500000 0.500000 0.500000
2035.455933 0.000000 1914.272583 0.000000 0.671016 0.000000 0.741443 0.500000 0.500000 0.500000
2047.586426 0.000000 1917.418945 0.000000 0.471866 0.000000 0.881670 0.500000 0.500000 0.500000
1836.063110 0.000000 1929.457886 0.000000 0.969766 0.000000 0.244037 0.500000 0.500000 0.500000
1842.789429 0.000000 1932.556030 0.000000 0.114376 0.000000 -0.993438 0.500000 0.500000 0.500000
1847.107910 0.000000 1965.670044 0.000000 0.130961 0.000000 -0.991388 0.500000 0.500000 0.500000
1834.009521 0.000000 1975.405396 0.000000 0.918757 0.000000 -0.394824 0.500000 0.500000 0.500000
1849.910522 0.000000 1968.419800 0.000000 0.888482 0.000000 -0.458911 0.500000 0.500000 0.500000
1847.062500 0.000000 1971.486206 0.000000 0.962609 0.000000 0.270894 0.500000 0.500000 0.500000
1886.236938 0.000000 1972.998657 0.000000 0.518958 0.000000 -0.854800 0.500000 0.500000 0.500000
1910.816772 0.000000 1921.719482 0.000000 0.031484 0.000000 -0.999504 0.500000 0.500000 0.500000
1906.318481 0.000000 1920.674683 0.000000 0.979095 0.000000 -0.203405 0.500000 0.500000 0.500000
1894.889160 0.000000 1943.908325 0.000000 0.026624 0.000000 0.999646 0.500000 0.500000 0.500000
1874.579102 0.000000 1975.657593 0.000000 0.234467 0.000000 0.972124 0.500000 0.500000 0.500000
1855.957886 0.000000 1997.852173 0.000000 0.997721 0.000000 -0.067481 0.500000 0.500000 0.500000
1817.505737 0.000000 2030.724854 0.000000 0.773977 0.000000 -0.633214 0.500000 0.500000 0.500000
1853.524170 0.000000 1994.022827 0.000000 0.989939 0.000000 -0.141496 0.500000 0.500000 0.500000
1793.884644 0.000000 2028.005615 0.000000 0.081487 0.000000 -0.996674 0.500000 0.500000 0.500000
1792.156738 0.000000 2031.853271 0.000000 0.163797 0.000000 0.986494 0.500000 0.500000 0.500000
1834.673462 0.000000 1977.097046 0.000000 0.365353 0.000000 -0.930869 0.500000 0.500000 0.500000
1864.407593 0.000000 1984.765503 0.000000 0.691137 0.000000 -0.722724 0.500000 0.500000 0.500000
1858.500488 0.000000 1996.697144 0.000000 0.743597 0.000000 -0.668628 0.500000 0.500000 0.500000
1870.873047 0.000000 1985.000244 0.000000 0.696919 0.000000 0.717149 0.500000 0.500000 0.500000
1867.786255 0.000000 1982.006104 0.000000 0.893762 0.000000 -0.448541 0.500000 0.500000 0.500000
2040.065796 0.000000 1945.831299 0.000000 0.923862 0.000000 0.382725 0.500000 0.500000 0.500000
2024.832397 0.000000 1923.969849 0.000000 0.341773 0.000000 0.939783 0.500000 0.500000 0.500000
2033.519043 0.000000 1926.798340 0.000000 0.943037 0.000000 0.332689 0.500000 0.500000 0.500000
2047.487305 0.000000 1950.696411 0.000000 0.596704 0.000000 0.802461 0.500000 0.500000 0.500000
2038.816772 0.000000 1921.719482 0.000000 0.198877 0.000000 0.980025 0.500000 0.500000 0.500000
2034.789429 0.000000 1932.556030 0.000000 0.986288 0.000000 -0.165031 0.500000 0.500000 0.500000
2045.658813 0.000000 1955.784546 0.000000 0.507176 0.000000 -0.861843 0.500000 0.500000 0.500000
2029.943604 0.000000 1922.823730 0.000000 0.994600 0.000000 0.103779 0.500000 0.500000 0.500000
2039.531372 0.000000 1931.072388 0.000000 0.886999 0.000000 0.461770 0.500000 0.500000 0.500000
1655.637939 0.000000 2105.665283 0.000000 0.533941 0.000000 -0.845522 0.500000 0.500000 0.500000
1644.083374 0.000000 2109.982910 0.000000 0.998777 0.000000 -0.049444 0.500000 0.500000 0.500000
1653.993896 0.000000 2111.208008 0.000000 0.319101 0.000000 0.947721 0.500000 0.500000 0.500000
1644.352173 0.000000 2107.182861 0.000000 0.947358 0.000000 -0.320175 0.500000 0.500000 0.500000
1653.428101 0.000000 2107.763184 0.000000 0.769639 0.000000 0.638480 0.500000 0.500000 0.500000
1720.065796 0.000000 2058.800049 0.000000 0.948306 0.000000 0.317358 0.500000 0.500000 0.500000
1687.890747 0.000000 2052.495117 0.000000 0.977859 0.000000 0.209264 0.500000 0.500000 0.500000
1708.083374 0.000000 2053.498535 0.000000 0.525562 0.000000 0.850755 0.500000 0.500000 0.500000
1690.709839 0.000000 2070.477539 0.000000 0.886759 0.000000 -0.462231 0.500000 0.500000 0.500000
1711.145630 0.000000 2051.585449 0.000000 0.277070 0.000000 -0.960850 0.500000 0.500000 0.500000
1699.666992 0.000000 2069.923828 0.000000 0.649928 0.000000 -0.759996 0.500000 0.500000 0.500000
1697.099731 0.000000 2067.387207 0.000000 0.957940 0.000000 -0.286968 0.500000 0.500000 0.500000
1722.631714 0.000000 2068.573975 0.000000 0.997453 0.000000 -0.071330 0.500000 0.500000 0.500000
1773.516602 0.000000 2048.170898 0.000000 0.128893 0.000000 -0.991658 0.500000 0.500000 0.500000
1782.816772 0.000000 2034.688232 0.000000 0.732897 0.000000 0.680339 0.500000 0.500000 0.500000
1735.914795 0.000000 2035.274414 0.000000 0.497342 0.000000 -0.867555 0.500000 0.500000 0.500000
1782.173828 0.000000 2039.621704 0.000000 0.584212 0.000000 0.811601 0.500000 0.500000 0.500000
1775.145630 0.000000 2051.585449 0.000000 0.664557 0.000000 0.747238 0.500000 0.500000 0.500000
1780.004028 0.000000 2036.765015 0.000000 0.725642 0.000000 -0.688073 0.500000 0.500000 0.500000
1780.014648 0.000000 2042.280762 0.000000 0.924720 0.000000 -0.380648 0.500000 0.500000 0.500000
1789.512329 0.000000 2089.947998 0.000000 0.969125 0.000000 -0.246568 0.500000 0.500000 0.500000
1773.943604 0.000000 2092.276855 0.000000 0.176316 0.000000 -0.984334 0.500000 0.500000 0.500000
1782.864258 0.000000 2144.920410 0.000000 0.999656 0.000000 0.026235 0.500000 0.500000 0.500000
1785.384521 0.000000 2146.173584 0.000000 0.988738 0.000000 0.149656 0.500000 0.500000 0.500000
1580.662354 0.000000 2196.986328 0.000000 0.975959 0.000000 -0.217952 0.500000 0.500000 0.500000
1574.346802 0.000000 2200.663818 0.000000 0.425996 0.000000 0.904725 0.500000 0.500000 0.500000
1581.386597 0.000000 2201.113281 0.000000 0.905733 0.000000 -0.423850 0.500000 0.500000 0.500000
1599.510010 0.000000 2183.624756 0.000000 0.729085 0.000000 -0.684424 0.500000 0.500000 0.500000
1623.890747 0.000000 2165.463867 0.000000 0.999710 0.000000 -0.024095 0.500000 0.500000 0.500000
1614.873047 0.000000 2154.453369 0.000000 0.954459 0.000000 -0.298341 0.500000 0.500000 0.500000
1614.220581 0.000000 2163.487061 0.000000 0.308283 0.000000 0.951295 0.500000 0.500000 0.500000
1619.007568 0.000000 2164.484619 0.000000 0.390506 0.000000 0.920601 0.500000 0.500000 0.500000
1600.163086 0.000000 2181.152832 0.000000 0.451705 0.000000 0.892168 0.500000 0.500000 0.500000
1627.932739 0.000000 2166.675781 0.000000 0.124697 0.000000 0.992195 0.500000 0.500000 0.500000
1604.755371 0.000000 2174.278809 0.000000 0.976692 0.000000 0.214644 0.500000 0.500000 0.500000
1600.894775 0.000000 2176.706299 0.000000 0.422042 0.000000 0.906576 0.500000 0.500000 0.500000
1615.197021 0.000000 2158.039062 0.000000 0.416213 0.000000 0.909267 0.500000 0.500000 0.500000
1617.664795 0.000000 2153.062256 0.000000 0.339441 0.000000 0.940627 0.500000 0.500000 0.500000
1616.186279 0.000000 2165.557617 0.000000 0.818054 0.000000 -0.575142 0.500000 0.500000 0.500000
1614.686646 0.000000 2160.997803 0.000000 0.473168 0.000000 0.880972 0.500000 0.500000 0.500000
1581.943604 0.000000 2205.245605 0.000000 0.796318 0.000000 0.604878 0.500000 0.500000 0.500000
1574.686279 0.000000 2203.196289 0.000000 0.473972 0.000000 0.880540 0.500000 0.500000 0.500000
1578.673462 0.000000 2203.034424 0.000000 0.714648 0.000000 -0.699484 0.500000 0.500000 0.500000
1572.575317 0.000000 2205.279541 0.000000 0.926817 0.000000 0.375513 0.500000 0.500000 0.500000
1579.690186 0.000000 2206.454590 0.000000 0.198773 0.000000 -0.980046 0.500000 0.500000 0.500000
1782.816772 0.000000 2147.656982 0.000000 0.110733 0.000000 -0.993850 0.500000 0.500000 0.500000
1786.385132 0.000000 2148.998291 0.000000 0.287810 0.000000 0.957688 0.500000 0.500000 0.500000
1786.462280 0.000000 2163.476318 0.000000 0.277119 0.000000 0.960836 0.500000 0.500000 0.500000
1784.639160 0.000000 2151.378662 0.000000 0.938504 0.000000 -0.345269 0.500000 0.500000 0.500000
1785.460693 0.000000 2146.509521 0.000000 0.035526 0.000000 0.999369 0.500000 0.500000 0.500000
1789.638184 0.000000 2166.129395 0.000000 0.822433 0.000000 0.568863 0.500000 0.500000 0.500000
1789.251953 0.000000 2153.220703 0.000000 0.799533 0.000000 -0.600622 0.500000 0.500000 0.500000
1787.739136 0.000000 2150.912842 0.000000 0.186533 0.000000 -0.982449 0.500000 0.500000 0.500000
1706.009521 0.000000 2257.827393 0.000000 0.847524 0.000000 -0.530757 0.500000 0.500000 0.500000
1833.260620 0.000000 2077.659668 0.000000 0.681821 0.000000 0.731519 0.500000 0.500000 0.500000
1829.098633 0.000000 2076.308594 0.000000 0.998834 0.000000 -0.048279 0.500000 0.500000 0.500000
1828.620605 0.000000 2080.145996 0.000000 0.912907 0.000000 -0.408168 0.500000 0.500000 0.500000
1836.412598 0.000000 2075.711182 0.000000 0.024989 0.000000 -0.999688 0.500000 0.500000 0.500000
1833.656006 0.000000 2073.547363 0.000000 0.993389 0.000000 0.114800 0.500000 0.500000 0.500000
1853.611938 0.000000 2072.197266 0.000000 0.198679 0.000000 -0.980065 0.500000 0.500000 0.500000
1850.631714 0.000000 2068.573975 0.000000 0.031297 0.000000 0.999510 0.500000 0.500000 0.500000
1831.299927 0.000000 2079.816895 0.000000 0.939949 0.000000 0.341315 0.500000 0.500000 0.500000
1831.591431 0.000000 2075.273438 0.000000 0.878179 0.000000 0.478332 0.500000 0.500000 0.500000
1851.001099 0.000000 2071.238525 0.000000 0.920750 0.000000 0.390153 0.500000 0.500000 0.500000
1806.953247 0.000000 2143.893555 0.000000 0.999831 0.000000 -0.018396 0.500000 0.500000 0.500000
1801.063721 0.000000 2120.383789 0.000000 0.229005 0.000000 -0.973425 0.500000 0.500000 0.500000
1826.015015 0.000000 2110.417480 0.000000 0.829186 0.000000 0.558973 0.500000 0.500000 0.500000
1822.060669 0.000000 2138.076660 0.000000 0.757846 0.000000 0.652433 0.500000 0.500000 0.500000
1819.131470 0.000000 2106.042969 0.000000 0.029917 0.000000 -0.999552 0.500000 0.500000 0.500000
1795.837158 0.000000 2113.483887 0.000000 0.450684 0.000000 -0.892684 0.500000 0.500000 0.500000
1796.957397 0.000000 2129.769043 0.000000 0.952419 0.000000 -0.304792 0.500000 0.500000 0.500000
1802.072266 0.000000 2146.093994 0.000000 0.877390 0.000000 0.479778 0.500000 0.500000 0.500000
1822.952515 0.000000 2109.434082 0.000000 0.907528 0.000000 -0.419992 0.500000 0.500000 0.500000
1827.200439 0.000000 2102.718750 0.000000 0.663647 0.000000 0.748046 0.500000 0.500000 0.500000
1828.029297 0.000000 2108.474609 0.000000 0.958301 0.000000 -0.285761 0.500000 0.500000 0.500000
1825.062500 0.000000 2141.995850 0.000000 0.951380 0.000000 -0.308020 0.500000 0.500000 0.500000
1798.395386 0.000000 2119.977539 0.000000 0.962147 0.000000 0.272530 0.500000 0.500000 0.500000
1825.411987 0.000000 2104.878906 0.000000 0.707274 0.000000 0.706940 0.500000 0.500000 0.500000
1820.928345 0.000000 2107.802002 0.000000 0.950576 0.000000 0.310492 0.500000 0.500000 0.500000
1816.535645 0.000000 2106.276855 0.000000 0.921216 0.000000 -0.389051 0.500000 0.500000 0.500000
1823.328735 0.000000 2140.243652 0.000000 0.999555 0.000000 -0.029841 0.500000 0.500000 0.500000
1825.641846 0.000000 2108.000488 0.000000 0.402028 0.000000 0.915627 0.500000 0.500000 0.500000
1808.382446 0.000000 2145.738281 0.000000 0.812994 0.000000 0.582273 0.500000 0.500000 0.500000
1812.569458 0.000000 2151.792725 0.000000 0.936486 0.000000 -0.350705 0.500000 0.500000 0.500000
1800.407593 0.000000 2154.218506 0.000000 0.975123 0.000000 0.221665 0.500000 0.500000 0.500000
1810.283569 0.000000 2147.539062 0.000000 0.999263 0.000000 -0.038386 0.500000 0.500000 0.500000
1803.786255 0.000000 2151.459229 0.000000 0.914360 0.000000 -0.404901 0.500000 0.500000 0.500000
1807.831299 0.000000 2150.578125 0.000000 0.999023 0.000000 0.044188 0.500000 0.500000 0.500000
1800.667603 0.000000 2151.185547 0.000000 0.885339 0.000000 -0.464947 0.500000 0.500000 0.500000
1812.994385 0.000000 2148.958984 0.000000 0.745733 0.000000 0.666245 0.500000 0.500000 0.500000
1802.565063 0.000000 2148.955078 0.000000 0.999829 0.000000 0.018507 0.500000 0.500000 0.500000
1807.671509 0.000000 2147.935303 0.000000 0.987451 0.000000 -0.157927 0.500000 0.500000 0.500000
1810.498657 0.000000 2150.224365 0.000000 0.907442 0.000000 -0.420178 0.500000 0.500000 0.500000
1805.612183 0.000000 2149.534912 0.000000 0.232223 0.000000 -0.972663 0.500000 0.500000 0.500000
1472.009766 0.000000 2301.567627 0.000000 0.997613 0.000000 -0.069047 0.500000 0.500000 0.500000
1706.673462 0.000000 2259.518799 0.000000 0.717143 0.000000 0.696926 0.500000 0.500000 0.500000
2052.458496 0.000000 1918.450317 0.000000 0.676974 0.000000 -0.736007 0.500000 0.500000 0.500000
2052.032471 0.000000 1952.080322 0.000000 0.445654 0.000000 -0.895205 0.500000 0.500000 0.500000
2055.979980 0.000000 1962.604004 0.000000 0.981039 0.000000 -0.193812 0.500000 0.500000 0.500000
2073.621582 0.000000 1968.343628 0.000000 0.984173 0.000000 0.177210 0.500000 0.500000 0.500000
2062.953369 0.000000 1974.440430 0.000000 0.457611 0.000000 0.889152 0.500000 0.500000 0.500000
2069.208252 0.000000 1960.348022 0.000000 0.920278 0.000000 -0.391266 0.500000 0.500000 0.500000
2064.971924 0.000000 1969.645752 0.000000 0.702738 0.000000 0.711449 0.500000 0.500000 0.500000
2062.875732 0.000000 1965.230835 0.000000 0.795028 0.000000 0.606573 0.500000 0.500000 0.500000
2051.505127 0.000000 1963.894897 0.000000 0.894822 0.000000 -0.446423 0.500000 0.500000 0.500000
2082.932617 0.000000 1974.545654 0.000000 0.887467 0.000000 -0.460871 0.500000 0.500000 0.500000
2052.763672 0.000000 1956.661011 0.000000 0.911613 0.000000 -0.411050 0.500000 0.500000 0.500000
2065.260010 0.000000 1946.925903 0.000000 0.372226 0.000000 -0.928142 0.500000 0.500000 0.500000
2048.163086 0.000000 1955.215332 0.000000 0.621562 0.000000 0.783365 0.500000 0.500000 0.500000
2059.941895 0.000000 1962.272827 0.000000 0.261712 0.000000 0.965146 0.500000 0.500000 0.500000
2078.953613 0.000000 1976.721313 0.000000 0.508658 0.000000 0.860969 0.500000 0.500000 0.500000
2069.503174 0.000000 1968.787964 0.000000 0.421697 0.000000 0.906737 0.500000 0.500000 0.500000
2050.396484 0.000000 1978.815308 0.000000 0.965451 0.000000 0.260583 0.500000 0.500000 0.500000
2085.432373 0.000000 1987.980225 0.000000 0.777406 0.000000 -0.628999 0.500000 0.500000 0.500000
2086.893555 0.000000 1996.400513 0.000000 0.937151 0.000000 0.348924 0.500000 0.500000 0.500000
2079.825928 0.000000 1985.075562 0.000000 0.238548 0.000000 -0.971131 0.500000 0.500000 0.500000
2092.083252 0.000000 1997.014160 0.000000 0.260289 0.000000 0.965531 0.500000 0.500000 0.500000
2083.991211 0.000000 1992.679565 0.000000 0.986730 0.000000 0.162370 0.500000 0.500000 0.500000
2075.131592 0.000000 1993.074341 0.000000 0.987718 0.000000 -0.156248 0.500000 0.500000 0.500000
2076.431641 0.000000 1984.460938 0.000000 0.867624 0.000000 0.497220 0.500000 0.500000 0.500000
2263.068359 0.000000 2037.948608 0.000000 0.246207 0.000000 -0.969217 0.500000 0.500000 0.500000
"}
