object={
	name="palm_dense_generator_2_0"
	clamp_to_water_level=no
	render_under_water=no
	generated_content=yes
	layer="semidynamic_medium"
	pdxmesh="tree_palm_01_mesh"
	count=253
	transform="461.487946 0.000000 744.313538 0.000000 0.856575 0.000000 0.516023 0.402336 0.402336 0.402336
621.433899 0.000000 707.541748 0.000000 0.471789 0.000000 0.881711 0.269176 0.269176 0.269176
736.618042 0.000000 681.178101 0.000000 0.766598 0.000000 0.642128 0.365526 0.365526 0.365526
830.270142 0.000000 851.697021 0.000000 0.384747 0.000000 0.923022 0.254731 0.254731 0.254731
2345.677002 0.000000 1430.176392 0.000000 0.249245 0.000000 0.968441 0.231811 0.231811 0.231811
2169.910400 0.000000 1742.482300 0.000000 0.430384 0.000000 0.902646 0.275276 0.275276 0.275276
2980.276123 0.000000 1501.840454 0.000000 0.692488 0.000000 0.721430 0.331907 0.331907 0.331907
2967.371094 0.000000 1511.607666 0.000000 0.432711 0.000000 0.901533 0.264012 0.264012 0.264012
3718.724365 0.000000 1784.523071 0.000000 0.571217 0.000000 0.820799 0.304940 0.304940 0.304940
496.395569 0.000000 2009.284180 0.000000 0.817315 0.000000 0.576191 0.730514 0.730514 0.730514
499.609161 0.000000 2007.119385 0.000000 0.833654 0.000000 0.552287 0.735131 0.735131 0.735131
495.705231 0.000000 2008.236938 0.000000 0.615714 0.000000 0.787970 0.627637 0.627637 0.627637
550.819946 0.000000 1972.720459 0.000000 0.000860 0.000000 1.000000 0.246609 0.246609 0.246609
557.684509 0.000000 1963.379517 0.000000 0.010763 0.000000 0.999942 0.438405 0.438405 0.438405
558.644775 0.000000 1965.464966 0.000000 0.062480 0.000000 0.998046 0.525311 0.525311 0.525311
558.588318 0.000000 1964.250000 0.000000 0.772729 0.000000 0.634737 0.658226 0.658226 0.658226
553.785400 0.000000 1954.552002 0.000000 0.541302 0.000000 0.840828 0.597813 0.597813 0.597813
522.704590 0.000000 1999.695679 0.000000 0.216469 0.000000 0.976289 0.305932 0.305932 0.305932
1527.867798 0.000000 2137.153564 0.000000 0.259806 0.000000 0.965661 0.261461 0.261461 0.261461
1531.003418 0.000000 2135.931641 0.000000 0.300083 0.000000 0.953913 0.269113 0.269113 0.269113
1468.832764 0.000000 2235.212402 0.000000 0.293691 0.000000 0.955900 0.256454 0.256454 0.256454
1469.738403 0.000000 2231.139893 0.000000 0.800873 0.000000 0.598834 0.372329 0.372329 0.372329
1699.991211 0.000000 1992.679565 0.000000 0.540864 0.000000 0.841110 0.290056 0.290056 0.290056
1715.634155 0.000000 2019.681030 0.000000 0.244930 0.000000 0.969541 0.229914 0.229914 0.229914
1843.759033 0.000000 2008.317993 0.000000 0.719221 0.000000 0.694782 0.340932 0.340932 0.340932
1594.504395 0.000000 2057.196289 0.000000 0.313511 0.000000 0.949584 0.255746 0.255746 0.255746
1580.051758 0.000000 2065.531738 0.000000 0.176708 0.000000 0.984263 0.230275 0.230275 0.230275
1561.661133 0.000000 2092.988037 0.000000 0.830253 0.000000 0.557387 0.382433 0.382433 0.382433
1362.462158 0.000000 2332.439941 0.000000 0.541373 0.000000 0.840783 0.346284 0.346284 0.346284
1355.039185 0.000000 2332.115723 0.000000 0.159227 0.000000 0.987242 0.309313 0.309313 0.309313
2141.237549 0.000000 1841.022217 0.000000 0.273839 0.000000 0.961776 0.235055 0.235055 0.235055
2145.099609 0.000000 1841.449707 0.000000 0.022940 0.000000 0.999737 0.182935 0.182935 0.182935
2455.371094 0.000000 2019.967041 0.000000 0.173141 0.000000 0.984897 0.206559 0.206559 0.206559
2264.887939 0.000000 2131.521973 0.000000 0.523715 0.000000 0.851894 0.314054 0.314054 0.314054
2239.374512 0.000000 2186.501709 0.000000 0.607505 0.000000 0.794316 0.341541 0.341541 0.341541
2371.837158 0.000000 2056.999512 0.000000 0.149647 0.000000 0.988739 0.212197 0.212197 0.212197
2310.056885 0.000000 2134.859619 0.000000 0.305996 0.000000 0.952033 0.268357 0.268357 0.268357
3893.993896 0.000000 2167.692383 0.000000 0.658616 0.000000 0.752479 0.318494 0.318494 0.318494
3876.759766 0.000000 2167.782471 0.000000 0.789134 0.000000 0.614221 0.370958 0.370958 0.370958
4322.735840 0.000000 1508.246826 0.000000 0.276805 0.000000 0.960926 0.232787 0.232787 0.232787
5358.042969 0.000000 1022.573425 0.000000 0.045327 0.000000 0.998972 0.197806 0.197806 0.197806
5409.448730 0.000000 1040.015503 0.000000 0.390574 0.000000 0.920572 0.262181 0.262181 0.262181
5359.868652 0.000000 1404.036011 0.000000 0.276401 0.000000 0.961042 0.246235 0.246235 0.246235
5757.125000 0.000000 1521.072998 0.000000 0.797360 0.000000 0.603504 0.382328 0.382328 0.382328
5759.697754 0.000000 1513.317871 0.000000 0.728511 0.000000 0.685034 0.361807 0.361807 0.361807
5750.158691 0.000000 1557.137939 0.000000 0.798166 0.000000 0.602438 0.386445 0.386445 0.386445
5760.936035 0.000000 1547.687622 0.000000 0.167629 0.000000 0.985850 0.251598 0.251598 0.251598
5760.517090 0.000000 1574.855103 0.000000 0.336356 0.000000 0.941735 0.288965 0.288965 0.288965
5746.789551 0.000000 1593.649780 0.000000 0.578613 0.000000 0.815602 0.298199 0.298199 0.298199
5749.789062 0.000000 1625.006226 0.000000 0.596527 0.000000 0.802593 0.348238 0.348238 0.348238
5746.394043 0.000000 1633.684326 0.000000 0.690303 0.000000 0.723520 0.369444 0.369444 0.369444
5752.346680 0.000000 1660.247803 0.000000 0.635358 0.000000 0.772218 0.362217 0.362217 0.362217
5758.948242 0.000000 1640.201050 0.000000 0.036149 0.000000 0.999346 0.255754 0.255754 0.255754
5756.727539 0.000000 1640.541382 0.000000 0.402118 0.000000 0.915588 0.315863 0.315863 0.315863
5754.270996 0.000000 1646.380615 0.000000 0.063608 0.000000 0.997975 0.261259 0.261259 0.261259
5749.929688 0.000000 1654.117554 0.000000 0.371032 0.000000 0.928620 0.313173 0.313173 0.313173
5748.078125 0.000000 1654.717529 0.000000 0.197923 0.000000 0.980218 0.284792 0.284792 0.284792
5753.206055 0.000000 1647.673340 0.000000 0.647372 0.000000 0.762174 0.362715 0.362715 0.362715
5759.462891 0.000000 1638.396851 0.000000 0.698873 0.000000 0.715246 0.372560 0.372560 0.372560
5750.998047 0.000000 1655.349121 0.000000 0.574160 0.000000 0.818743 0.349491 0.349491 0.349491
5762.069824 0.000000 1606.384155 0.000000 0.683472 0.000000 0.729977 0.364250 0.364250 0.364250
5765.572266 0.000000 1628.493286 0.000000 0.169082 0.000000 0.985602 0.273893 0.273893 0.273893
8092.838379 0.000000 646.395508 0.000000 0.726232 0.000000 0.687450 0.369147 0.369147 0.369147
8075.761719 0.000000 645.737793 0.000000 0.025607 0.000000 0.999672 0.321477 0.321477 0.321477
6526.994629 0.000000 1346.764404 0.000000 0.005149 0.000000 0.999987 0.226195 0.226195 0.226195
6631.778320 0.000000 1354.975586 0.000000 0.091472 0.000000 0.995808 0.231343 0.231343 0.231343
6617.618652 0.000000 1350.817871 0.000000 0.729831 0.000000 0.683628 0.363288 0.363288 0.363288
6743.408203 0.000000 1310.978760 0.000000 0.802529 0.000000 0.596613 0.378147 0.378147 0.378147
6919.213379 0.000000 1280.856323 0.000000 0.127474 0.000000 0.991842 0.208741 0.208741 0.208741
6950.337891 0.000000 1312.876831 0.000000 0.366555 0.000000 0.930396 0.266753 0.266753 0.266753
6386.395020 0.000000 1498.610352 0.000000 0.586715 0.000000 0.809794 0.339186 0.339186 0.339186
6325.860840 0.000000 1573.144531 0.000000 0.525619 0.000000 0.850720 0.316748 0.316748 0.316748
6381.537598 0.000000 1565.467773 0.000000 0.658926 0.000000 0.752208 0.364495 0.364495 0.364495
6344.722168 0.000000 1557.597168 0.000000 0.778233 0.000000 0.627976 0.389908 0.389908 0.389908
6362.529785 0.000000 1580.484985 0.000000 0.865327 0.000000 0.501208 0.417624 0.417624 0.417624
6503.299805 0.000000 1402.004395 0.000000 0.098372 0.000000 0.995150 0.246936 0.246936 0.246936
6507.690430 0.000000 1359.188965 0.000000 0.561133 0.000000 0.827725 0.314146 0.314146 0.314146
6527.825195 0.000000 1368.877686 0.000000 0.491091 0.000000 0.871108 0.318237 0.318237 0.318237
6502.889160 0.000000 1435.548950 0.000000 0.640273 0.000000 0.768148 0.325819 0.325819 0.325819
6474.564941 0.000000 1414.658325 0.000000 0.563642 0.000000 0.826019 0.330740 0.330740 0.330740
6523.000977 0.000000 1449.910400 0.000000 0.267560 0.000000 0.963541 0.288241 0.288241 0.288241
6481.436523 0.000000 1435.978394 0.000000 0.263861 0.000000 0.964561 0.276874 0.276874 0.276874
6507.601562 0.000000 1465.009399 0.000000 0.651456 0.000000 0.758686 0.340988 0.340988 0.340988
6510.782227 0.000000 1454.173462 0.000000 0.118402 0.000000 0.992966 0.261275 0.261275 0.261275
6496.330078 0.000000 1466.406860 0.000000 0.158737 0.000000 0.987321 0.267972 0.267972 0.267972
6496.607910 0.000000 1451.200073 0.000000 0.650972 0.000000 0.759102 0.356364 0.356364 0.356364
6500.342285 0.000000 1467.778076 0.000000 0.379973 0.000000 0.924998 0.306726 0.306726 0.306726
6509.836426 0.000000 1464.742188 0.000000 0.289362 0.000000 0.957220 0.291938 0.291938 0.291938
6479.590332 0.000000 1464.205811 0.000000 0.543453 0.000000 0.839440 0.324280 0.324280 0.324280
6492.720215 0.000000 1452.618530 0.000000 0.423930 0.000000 0.905695 0.311189 0.311189 0.311189
6520.471680 0.000000 1452.565430 0.000000 0.065171 0.000000 0.997874 0.254741 0.254741 0.254741
6507.765137 0.000000 1441.393677 0.000000 0.273060 0.000000 0.961997 0.284325 0.284325 0.284325
6622.961914 0.000000 1356.586304 0.000000 0.617136 0.000000 0.786856 0.326007 0.326007 0.326007
6611.881836 0.000000 1450.646851 0.000000 0.768950 0.000000 0.639309 0.387013 0.387013 0.387013
6440.015625 0.000000 1476.222290 0.000000 0.032189 0.000000 0.999482 0.195201 0.195201 0.195201
6435.200195 0.000000 1481.390747 0.000000 0.493210 0.000000 0.869910 0.321026 0.321026 0.321026
6420.832520 0.000000 1481.173340 0.000000 0.838512 0.000000 0.544883 0.384981 0.384981 0.384981
6432.544434 0.000000 1515.925293 0.000000 0.863561 0.000000 0.504245 0.413115 0.413115 0.413115
6434.508301 0.000000 1515.159424 0.000000 0.238953 0.000000 0.971031 0.282428 0.282428 0.282428
6430.716309 0.000000 1514.831787 0.000000 0.857943 0.000000 0.513744 0.411300 0.411300 0.411300
6451.318359 0.000000 1502.235229 0.000000 0.314472 0.000000 0.949267 0.294356 0.294356 0.294356
6449.909180 0.000000 1500.435059 0.000000 0.591240 0.000000 0.806496 0.345059 0.345059 0.345059
6509.143066 0.000000 1468.896118 0.000000 0.483277 0.000000 0.875468 0.326283 0.326283 0.326283
6501.372070 0.000000 1472.658325 0.000000 0.533481 0.000000 0.845812 0.335783 0.335783 0.335783
6500.990723 0.000000 1469.279297 0.000000 0.486537 0.000000 0.873660 0.326095 0.326095 0.326095
6420.089355 0.000000 1569.895020 0.000000 0.625134 0.000000 0.780518 0.306505 0.306505 0.306505
6413.099609 0.000000 1544.854736 0.000000 0.607275 0.000000 0.794492 0.326362 0.326362 0.326362
6433.365723 0.000000 1535.252930 0.000000 0.715031 0.000000 0.699093 0.375634 0.375634 0.375634
6413.642090 0.000000 1546.729736 0.000000 0.775473 0.000000 0.631380 0.390733 0.390733 0.390733
6465.042969 0.000000 1557.579224 0.000000 0.704437 0.000000 0.709766 0.353122 0.353122 0.353122
6600.404785 0.000000 1489.021606 0.000000 0.725708 0.000000 0.688003 0.382085 0.382085 0.382085
6592.043457 0.000000 1492.844849 0.000000 0.733611 0.000000 0.679569 0.385001 0.385001 0.385001
6590.038574 0.000000 1549.061401 0.000000 0.050291 0.000000 0.998735 0.281236 0.281236 0.281236
6633.967773 0.000000 1554.895996 0.000000 0.311005 0.000000 0.950408 0.243017 0.243017 0.243017
6630.469727 0.000000 1551.672119 0.000000 0.768714 0.000000 0.639593 0.364603 0.364603 0.364603
6649.190430 0.000000 1567.184937 0.000000 0.166741 0.000000 0.986001 0.273509 0.273509 0.273509
6649.007324 0.000000 1570.738647 0.000000 0.730934 0.000000 0.682448 0.425464 0.425464 0.425464
6610.442383 0.000000 1540.094727 0.000000 0.433888 0.000000 0.900967 0.334034 0.334034 0.334034
6608.004883 0.000000 1542.545898 0.000000 0.448305 0.000000 0.893880 0.342218 0.342218 0.342218
6610.461914 0.000000 1541.658813 0.000000 0.144488 0.000000 0.989507 0.289095 0.289095 0.289095
6609.469238 0.000000 1542.816528 0.000000 0.819725 0.000000 0.572758 0.415190 0.415190 0.415190
6274.269043 0.000000 1634.996338 0.000000 0.365977 0.000000 0.930624 0.311424 0.311424 0.311424
6317.465820 0.000000 1625.858398 0.000000 0.676424 0.000000 0.736512 0.371956 0.371956 0.371956
6342.475098 0.000000 1596.153198 0.000000 0.860139 0.000000 0.510059 0.417217 0.417217 0.417217
6365.096680 0.000000 1581.958740 0.000000 0.260777 0.000000 0.965399 0.294926 0.294926 0.294926
6359.366211 0.000000 1584.215210 0.000000 0.648078 0.000000 0.761574 0.364807 0.364807 0.364807
6361.304688 0.000000 1582.556152 0.000000 0.813415 0.000000 0.581683 0.402592 0.402592 0.402592
6343.699707 0.000000 1597.417358 0.000000 0.181518 0.000000 0.983388 0.285289 0.285289 0.285289
6394.637207 0.000000 1664.980591 0.000000 0.265090 0.000000 0.964224 0.244900 0.244900 0.244900
6369.910645 0.000000 1680.369751 0.000000 0.296403 0.000000 0.955063 0.272214 0.272214 0.272214
6378.638672 0.000000 1688.479492 0.000000 0.700765 0.000000 0.713393 0.358706 0.358706 0.358706
6376.687988 0.000000 1660.547485 0.000000 0.733703 0.000000 0.679470 0.417148 0.417148 0.417148
6362.696777 0.000000 1770.761719 0.000000 0.079417 0.000000 0.996841 0.389874 0.389874 0.389874
6449.424316 0.000000 1619.979004 0.000000 0.456083 0.000000 0.889937 0.311404 0.311404 0.311404
6449.324707 0.000000 1617.159790 0.000000 0.279595 0.000000 0.960118 0.289315 0.289315 0.289315
6690.177734 0.000000 1439.042480 0.000000 0.492172 0.000000 0.870498 0.324779 0.324779 0.324779
6719.825195 0.000000 1425.362061 0.000000 0.485879 0.000000 0.874026 0.312431 0.312431 0.312431
6664.309570 0.000000 1440.902588 0.000000 0.333177 0.000000 0.942864 0.295762 0.295762 0.295762
6727.408691 0.000000 1429.946899 0.000000 0.685498 0.000000 0.728074 0.364100 0.364100 0.364100
6822.646484 0.000000 1387.782227 0.000000 0.638619 0.000000 0.769523 0.334598 0.334598 0.334598
6820.550293 0.000000 1386.419067 0.000000 0.850495 0.000000 0.525983 0.401893 0.401893 0.401893
6867.253418 0.000000 1459.696045 0.000000 0.357264 0.000000 0.934004 0.299117 0.299117 0.299117
6877.614258 0.000000 1443.837280 0.000000 0.418597 0.000000 0.908172 0.306797 0.306797 0.306797
6710.180664 0.000000 1492.443970 0.000000 0.760507 0.000000 0.649330 0.390171 0.390171 0.390171
6753.412109 0.000000 1483.550903 0.000000 0.097500 0.000000 0.995236 0.263336 0.263336 0.263336
6766.782227 0.000000 1510.657837 0.000000 0.280160 0.000000 0.959953 0.302904 0.302904 0.302904
6746.165527 0.000000 1476.851562 0.000000 0.757194 0.000000 0.653190 0.388314 0.388314 0.388314
6759.260742 0.000000 1490.197754 0.000000 0.853532 0.000000 0.521040 0.415646 0.415646 0.415646
6756.813477 0.000000 1485.747925 0.000000 0.103631 0.000000 0.994616 0.272017 0.272017 0.272017
6723.051758 0.000000 1518.446167 0.000000 0.002860 0.000000 0.999996 0.264547 0.264547 0.264547
6662.562500 0.000000 1568.500122 0.000000 0.261150 0.000000 0.965298 0.337191 0.337191 0.337191
6774.385254 0.000000 1528.987183 0.000000 0.122519 0.000000 0.992466 0.284731 0.284731 0.284731
6783.273438 0.000000 1536.469238 0.000000 0.846046 0.000000 0.533110 0.408827 0.408827 0.408827
6777.190430 0.000000 1567.184937 0.000000 0.468841 0.000000 0.883283 0.366689 0.366689 0.366689
6770.216309 0.000000 1569.622925 0.000000 0.570414 0.000000 0.821357 0.388909 0.388909 0.388909
6771.824219 0.000000 1569.412598 0.000000 0.599627 0.000000 0.800279 0.394344 0.394344 0.394344
6779.962402 0.000000 1564.026489 0.000000 0.726460 0.000000 0.687209 0.411113 0.411113 0.411113
6818.900879 0.000000 1468.658447 0.000000 0.798607 0.000000 0.601853 0.361421 0.361421 0.361421
6877.958984 0.000000 1478.794067 0.000000 0.136681 0.000000 0.990615 0.211690 0.211690 0.211690
6879.632324 0.000000 1479.262573 0.000000 0.822333 0.000000 0.569006 0.401397 0.401397 0.401397
6787.913086 0.000000 1536.014648 0.000000 0.654779 0.000000 0.755820 0.345007 0.345007 0.345007
6874.987305 0.000000 1525.166870 0.000000 0.695420 0.000000 0.718604 0.346569 0.346569 0.346569
6970.504395 0.000000 1435.868286 0.000000 0.308111 0.000000 0.951350 0.251812 0.251812 0.251812
6975.510742 0.000000 1436.846069 0.000000 0.847000 0.000000 0.531592 0.404080 0.404080 0.404080
7030.158691 0.000000 1444.169189 0.000000 0.844494 0.000000 0.535564 0.404970 0.404970 0.404970
7039.510742 0.000000 1436.846069 0.000000 0.766979 0.000000 0.641673 0.373467 0.373467 0.373467
7038.854492 0.000000 1438.692749 0.000000 0.722119 0.000000 0.691769 0.369833 0.369833 0.369833
7152.746582 0.000000 1358.862671 0.000000 0.766122 0.000000 0.642695 0.365906 0.365906 0.365906
7059.362793 0.000000 1440.097168 0.000000 0.395582 0.000000 0.918431 0.299907 0.299907 0.299907
7062.981445 0.000000 1440.333984 0.000000 0.150418 0.000000 0.988623 0.255953 0.255953 0.255953
7104.163086 0.000000 1446.855957 0.000000 0.493470 0.000000 0.869763 0.278419 0.278419 0.278419
6912.156738 0.000000 1523.493896 0.000000 0.664613 0.000000 0.747188 0.328414 0.328414 0.328414
6995.991699 0.000000 1501.821289 0.000000 0.222603 0.000000 0.974909 0.244386 0.244386 0.244386
7000.512695 0.000000 1476.326660 0.000000 0.663893 0.000000 0.747828 0.363018 0.363018 0.363018
6934.782715 0.000000 1532.381470 0.000000 0.781469 0.000000 0.623944 0.380149 0.380149 0.380149
7019.095215 0.000000 1539.396729 0.000000 0.718237 0.000000 0.695798 0.383289 0.383289 0.383289
7017.650879 0.000000 1534.364868 0.000000 0.338197 0.000000 0.941075 0.302154 0.302154 0.302154
7025.314941 0.000000 1567.776367 0.000000 0.707657 0.000000 0.706556 0.384526 0.384526 0.384526
7021.814941 0.000000 1561.624268 0.000000 0.576499 0.000000 0.817098 0.334181 0.334181 0.334181
7006.945801 0.000000 1553.541992 0.000000 0.358404 0.000000 0.933566 0.289399 0.289399 0.289399
7014.707031 0.000000 1533.635376 0.000000 0.018446 0.000000 0.999830 0.263400 0.263400 0.263400
6682.165527 0.000000 1589.820312 0.000000 0.501197 0.000000 0.865333 0.398182 0.398182 0.398182
6716.454590 0.000000 1621.901611 0.000000 0.359744 0.000000 0.933051 0.413377 0.413377 0.413377
6686.652344 0.000000 1593.647827 0.000000 0.317846 0.000000 0.948142 0.308953 0.308953 0.308953
6775.794922 0.000000 1594.568726 0.000000 0.076090 0.000000 0.997101 0.219584 0.219584 0.219584
6783.374512 0.000000 1621.657959 0.000000 0.738556 0.000000 0.674192 0.373380 0.373380 0.373380
6777.360352 0.000000 1592.819214 0.000000 0.848930 0.000000 0.528505 0.402618 0.402618 0.402618
6720.525879 0.000000 1618.865601 0.000000 0.711252 0.000000 0.702937 0.368930 0.368930 0.368930
6782.624512 0.000000 1646.867065 0.000000 0.591623 0.000000 0.806215 0.312831 0.312831 0.312831
6783.462891 0.000000 1638.396851 0.000000 0.761156 0.000000 0.648569 0.389270 0.389270 0.389270
6757.265137 0.000000 1657.710449 0.000000 0.164457 0.000000 0.986384 0.298137 0.298137 0.298137
6752.594727 0.000000 1657.685303 0.000000 0.830101 0.000000 0.557613 0.552175 0.552175 0.552175
6755.595703 0.000000 1658.158813 0.000000 0.659642 0.000000 0.751580 0.437151 0.437151 0.437151
6751.902832 0.000000 1653.330566 0.000000 0.444233 0.000000 0.895911 0.464306 0.464306 0.464306
6791.437500 0.000000 1636.606079 0.000000 0.646933 0.000000 0.762547 0.344437 0.344437 0.344437
6809.774414 0.000000 1631.261719 0.000000 0.436643 0.000000 0.899635 0.332811 0.332811 0.332811
6786.335449 0.000000 1612.792480 0.000000 0.816700 0.000000 0.577062 0.403482 0.403482 0.403482
6787.162109 0.000000 1633.614136 0.000000 0.739342 0.000000 0.673330 0.486520 0.486520 0.486520
6793.795410 0.000000 1638.071289 0.000000 0.152207 0.000000 0.988349 0.238210 0.238210 0.238210
6790.912598 0.000000 1638.048462 0.000000 0.845524 0.000000 0.533938 0.518865 0.518865 0.518865
6790.936035 0.000000 1641.622681 0.000000 0.818937 0.000000 0.573884 0.515968 0.515968 0.515968
7162.305176 0.000000 1682.028320 0.000000 0.056543 0.000000 0.998400 0.204567 0.204567 0.204567
7675.211426 0.000000 1328.758789 0.000000 0.031956 0.000000 0.999489 0.177867 0.177867 0.177867
7848.974609 0.000000 1028.240356 0.000000 0.660111 0.000000 0.751168 0.322100 0.322100 0.322100
7860.014648 0.000000 1025.562012 0.000000 0.633692 0.000000 0.773585 0.316172 0.316172 0.316172
8158.530273 0.000000 1096.663208 0.000000 0.478052 0.000000 0.878331 0.268288 0.268288 0.268288
7734.864258 0.000000 1297.654907 0.000000 0.700554 0.000000 0.713600 0.332467 0.332467 0.332467
7758.875488 0.000000 1287.418335 0.000000 0.756470 0.000000 0.654029 0.352367 0.352367 0.352367
7733.994141 0.000000 1320.426758 0.000000 0.339531 0.000000 0.940595 0.245528 0.245528 0.245528
7172.756836 0.000000 1430.902588 0.000000 0.251440 0.000000 0.967873 0.260869 0.260869 0.260869
7357.638184 0.000000 1431.832642 0.000000 0.421806 0.000000 0.906686 0.284438 0.284438 0.284438
7225.360352 0.000000 1705.787964 0.000000 0.521485 0.000000 0.853261 0.469202 0.469202 0.469202
7225.206055 0.000000 1704.157715 0.000000 0.671554 0.000000 0.740955 0.499163 0.499163 0.499163
7279.868652 0.000000 1742.942261 0.000000 0.753224 0.000000 0.657764 0.349192 0.349192 0.349192
7243.147461 0.000000 1732.696899 0.000000 0.688515 0.000000 0.725222 0.540570 0.540570 0.540570
7425.726074 0.000000 1680.951294 0.000000 0.040950 0.000000 0.999161 0.327968 0.327968 0.327968
7551.374512 0.000000 1678.142334 0.000000 0.284638 0.000000 0.958635 0.357639 0.357639 0.357639
7555.452637 0.000000 1678.019409 0.000000 0.339479 0.000000 0.940614 0.362228 0.362228 0.362228
7788.409668 0.000000 1777.044067 0.000000 0.785364 0.000000 0.619034 0.447188 0.447188 0.447188
7880.173828 0.000000 1716.797607 0.000000 0.863566 0.000000 0.504235 0.398471 0.398471 0.398471
7908.916016 0.000000 1722.593628 0.000000 0.409870 0.000000 0.912144 0.330116 0.330116 0.330116
7922.317871 0.000000 1698.984375 0.000000 0.239925 0.000000 0.970791 0.296521 0.296521 0.296521
7905.478516 0.000000 1724.552734 0.000000 0.325831 0.000000 0.945428 0.314885 0.314885 0.314885
7859.561035 0.000000 1777.277466 0.000000 0.181064 0.000000 0.983471 0.324798 0.324798 0.324798
7893.452637 0.000000 1772.998535 0.000000 0.500313 0.000000 0.865845 0.393666 0.393666 0.393666
7891.835449 0.000000 1771.902710 0.000000 0.236272 0.000000 0.971687 0.301932 0.301932 0.301932
7909.265137 0.000000 1770.679199 0.000000 0.575399 0.000000 0.817873 0.381169 0.381169 0.381169
7936.525879 0.000000 1618.865601 0.000000 0.363728 0.000000 0.931505 0.301169 0.301169 0.301169
7991.044922 0.000000 1677.135254 0.000000 0.368256 0.000000 0.929724 0.293930 0.293930 0.293930
8002.311035 0.000000 1674.657959 0.000000 0.228284 0.000000 0.973595 0.277620 0.277620 0.277620
7944.076660 0.000000 1738.584595 0.000000 0.851986 0.000000 0.523565 0.417666 0.417666 0.417666
7989.929688 0.000000 1710.601929 0.000000 0.194471 0.000000 0.980908 0.282179 0.282179 0.282179
4847.250488 0.000000 2062.418457 0.000000 0.218582 0.000000 0.975819 0.261809 0.261809 0.261809
4838.824707 0.000000 2095.159668 0.000000 0.668030 0.000000 0.744134 0.356374 0.356374 0.356374
4832.607910 0.000000 2129.012451 0.000000 0.636916 0.000000 0.770933 0.346049 0.346049 0.346049
4802.575684 0.000000 2187.533203 0.000000 0.213096 0.000000 0.977031 0.253708 0.253708 0.253708
4823.371094 0.000000 2245.904541 0.000000 0.560793 0.000000 0.827956 0.311145 0.311145 0.311145
4810.618164 0.000000 2216.435059 0.000000 0.649758 0.000000 0.760141 0.373560 0.373560 0.373560
4810.378418 0.000000 2214.751953 0.000000 0.213244 0.000000 0.976999 0.300450 0.300450 0.300450
4816.398438 0.000000 2247.947021 0.000000 0.859146 0.000000 0.511731 0.453267 0.453267 0.453267
4297.278320 0.000000 2365.942871 0.000000 0.115038 0.000000 0.993361 0.231285 0.231285 0.231285
4326.385742 0.000000 2389.188721 0.000000 0.685948 0.000000 0.727651 0.358710 0.358710 0.358710
4299.442871 0.000000 2390.152344 0.000000 0.269214 0.000000 0.963080 0.294354 0.294354 0.294354
4297.322266 0.000000 2391.311279 0.000000 0.846661 0.000000 0.532132 0.407333 0.407333 0.407333
4299.377441 0.000000 2391.887207 0.000000 0.750481 0.000000 0.660893 0.385630 0.385630 0.385630
5319.213379 0.000000 1902.184448 0.000000 0.156837 0.000000 0.987625 0.215788 0.215788 0.215788
7411.649902 0.000000 1860.121582 0.000000 0.264203 0.000000 0.964467 0.578885 0.578885 0.578885
7417.206055 0.000000 1873.610840 0.000000 0.631800 0.000000 0.775131 0.509477 0.509477 0.509477
7415.669922 0.000000 1897.649048 0.000000 0.332783 0.000000 0.943003 0.637327 0.637327 0.637327
7410.908203 0.000000 1959.234619 0.000000 0.061106 0.000000 0.998131 0.470496 0.470496 0.470496
7402.257812 0.000000 1979.215576 0.000000 0.847007 0.000000 0.531581 0.624658 0.624658 0.624658
7311.854980 0.000000 2039.967163 0.000000 0.276183 0.000000 0.961105 0.291634 0.291634 0.291634
7319.285645 0.000000 2073.147949 0.000000 0.743769 0.000000 0.668436 0.616357 0.616357 0.616357
"}
object={
	name="palm_dense_generator_2_1"
	clamp_to_water_level=no
	render_under_water=no
	generated_content=yes
	layer="semidynamic_medium"
	pdxmesh="tree_palm_02_mesh"
	count=229
	transform="511.374634 0.000000 774.392395 0.000000 0.978624 0.000000 -0.205660 0.538707 0.538707 0.538707
461.487946 0.000000 800.797913 0.000000 0.999619 0.000000 0.027599 0.494739 0.494739 0.494739
671.334412 0.000000 831.766663 0.000000 0.972002 0.000000 0.234972 0.451947 0.451947 0.451947
651.786255 0.000000 852.318542 0.000000 0.967329 0.000000 -0.253525 0.553273 0.553273 0.553273
897.884583 0.000000 728.865051 0.000000 0.903269 0.000000 0.429075 0.411484 0.411484 0.411484
1010.318420 0.000000 734.502747 0.000000 0.992705 0.000000 -0.120566 0.524395 0.524395 0.524395
1012.004028 0.000000 737.624451 0.000000 0.935410 0.000000 0.353564 0.426787 0.426787 0.426787
858.074097 0.000000 821.297668 0.000000 0.901189 0.000000 0.433427 0.405821 0.405821 0.405821
841.640930 0.000000 843.969116 0.000000 0.996844 0.000000 0.079383 0.483305 0.483305 0.483305
843.929565 0.000000 859.271484 0.000000 0.986160 0.000000 0.165799 0.464757 0.464757 0.464757
1123.689819 0.000000 672.929749 0.000000 0.992469 0.000000 -0.122495 0.523960 0.523960 0.523960
2216.974609 0.000000 1706.052856 0.000000 0.999833 0.000000 -0.018294 0.503830 0.503830 0.503830
2182.724365 0.000000 1728.038696 0.000000 0.936433 0.000000 0.350847 0.427643 0.427643 0.427643
2298.511719 0.000000 1715.041260 0.000000 0.877807 0.000000 -0.479015 0.607937 0.607937 0.607937
2918.581055 0.000000 1503.718140 0.000000 0.899371 0.000000 0.437185 0.407655 0.407655 0.407655
2973.020508 0.000000 1481.424072 0.000000 0.972201 0.000000 -0.234148 0.548413 0.548413 0.548413
2706.817383 0.000000 1724.975098 0.000000 0.961389 0.000000 -0.275193 0.558570 0.558570 0.558570
3770.631836 0.000000 1334.277100 0.000000 0.963386 0.000000 0.268119 0.447244 0.447244 0.447244
461.139587 0.000000 2020.497803 0.000000 0.975899 0.000000 0.218221 0.463010 0.463010 0.463010
459.735138 0.000000 2021.006470 0.000000 0.972099 0.000000 -0.234572 0.535556 0.535556 0.535556
497.310669 0.000000 2006.422974 0.000000 0.957854 0.000000 0.287256 0.781971 0.781971 0.781971
548.742126 0.000000 1973.673950 0.000000 0.904063 0.000000 -0.427400 0.571608 0.571608 0.571608
553.936401 0.000000 1973.565186 0.000000 0.992522 0.000000 -0.122066 0.519384 0.519384 0.519384
557.470398 0.000000 1967.753052 0.000000 0.899608 0.000000 -0.436699 0.684298 0.684298 0.684298
561.743164 0.000000 1960.114502 0.000000 0.936417 0.000000 0.350890 0.706595 0.706595 0.706595
563.747925 0.000000 1961.924072 0.000000 0.883392 0.000000 0.468635 0.573605 0.573605 0.573605
535.408081 0.000000 1988.791260 0.000000 0.999520 0.000000 -0.030988 0.505397 0.505397 0.505397
1357.099609 0.000000 2335.635986 0.000000 0.873645 0.000000 0.486563 0.403140 0.403140 0.403140
1353.923828 0.000000 2333.453857 0.000000 0.951344 0.000000 0.308130 0.472921 0.472921 0.472921
2147.666992 0.000000 1843.986206 0.000000 0.987138 0.000000 0.159872 0.467110 0.467110 0.467110
2052.048096 0.000000 1872.334473 0.000000 0.979702 0.000000 0.200461 0.457448 0.457448 0.457448
2211.666992 0.000000 2013.439331 0.000000 0.934769 0.000000 -0.355257 0.574940 0.574940 0.574940
2243.510986 0.000000 2023.881104 0.000000 0.883471 0.000000 -0.468486 0.598781 0.598781 0.598781
2465.947754 0.000000 1969.942261 0.000000 0.950123 0.000000 0.311875 0.432893 0.432893 0.432893
2265.680908 0.000000 2123.699463 0.000000 0.979625 0.000000 0.200835 0.461002 0.461002 0.461002
2315.487061 0.000000 2098.481445 0.000000 0.992406 0.000000 0.123002 0.476495 0.476495 0.476495
2675.609619 0.000000 2294.724121 0.000000 0.920241 0.000000 0.391353 0.437811 0.437811 0.437811
3867.673340 0.000000 2199.179688 0.000000 0.973801 0.000000 -0.227402 0.543212 0.543212 0.543212
3910.952881 0.000000 2294.985352 0.000000 0.968805 0.000000 -0.247826 0.542484 0.542484 0.542484
3909.351074 0.000000 2297.500977 0.000000 0.973639 0.000000 0.228093 0.460963 0.460963 0.460963
4312.572266 0.000000 1508.058105 0.000000 0.914158 0.000000 -0.405359 0.578931 0.578931 0.578931
4321.910645 0.000000 1510.916626 0.000000 0.924554 0.000000 -0.381051 0.573931 0.573931 0.573931
4409.384766 0.000000 1807.267334 0.000000 0.935341 0.000000 -0.353747 0.572711 0.572711 0.572711
4972.127930 0.000000 1383.066284 0.000000 0.969613 0.000000 0.244642 0.452150 0.452150 0.452150
5041.031738 0.000000 1514.932251 0.000000 0.959525 0.000000 0.281623 0.449218 0.449218 0.449218
5408.449219 0.000000 1042.714111 0.000000 0.999709 0.000000 -0.024115 0.504922 0.504922 0.504922
5758.994629 0.000000 1516.217529 0.000000 0.992185 0.000000 -0.124776 0.522815 0.522815 0.522815
5756.034180 0.000000 1516.416992 0.000000 0.933605 0.000000 -0.358304 0.566831 0.566831 0.566831
5749.188965 0.000000 1579.490845 0.000000 0.940954 0.000000 -0.338534 0.559104 0.559104 0.559104
5762.026855 0.000000 1573.704346 0.000000 0.992954 0.000000 0.118500 0.479583 0.479583 0.479583
5749.101074 0.000000 1626.888062 0.000000 0.986783 0.000000 -0.162049 0.526393 0.526393 0.526393
5746.999023 0.000000 1588.905273 0.000000 0.899717 0.000000 0.436475 0.423377 0.423377 0.423377
5747.291016 0.000000 1591.986572 0.000000 0.992505 0.000000 -0.122204 0.520691 0.520691 0.520691
5753.360352 0.000000 1649.303589 0.000000 0.891555 0.000000 0.452912 0.425545 0.425545 0.425545
5763.510742 0.000000 1628.490479 0.000000 0.998171 0.000000 -0.060446 0.511257 0.511257 0.511257
5762.026855 0.000000 1630.188721 0.000000 0.992640 0.000000 0.121105 0.480405 0.480405 0.480405
8045.747070 0.000000 670.019714 0.000000 0.874785 0.000000 0.484512 0.409270 0.409270 0.409270
8045.836426 0.000000 673.960876 0.000000 0.997562 0.000000 0.069793 0.488151 0.488151 0.488151
6589.125000 0.000000 1351.619873 0.000000 0.913940 0.000000 -0.405849 0.575276 0.575276 0.575276
6637.386719 0.000000 1353.847656 0.000000 0.998726 0.000000 0.050470 0.490338 0.490338 0.490338
6873.706543 0.000000 1312.780029 0.000000 0.891134 0.000000 0.453740 0.408819 0.408819 0.408819
6921.866211 0.000000 1281.728638 0.000000 0.992635 0.000000 -0.121142 0.524512 0.524512 0.524512
6346.618164 0.000000 1482.138184 0.000000 0.961976 0.000000 -0.273134 0.548588 0.548588 0.548588
6327.867676 0.000000 1572.309814 0.000000 0.999830 0.000000 0.018429 0.497039 0.497039 0.497039
6372.620605 0.000000 1571.786621 0.000000 0.990512 0.000000 0.137423 0.471554 0.471554 0.471554
6377.967773 0.000000 1554.895996 0.000000 0.997591 0.000000 0.069364 0.486976 0.486976 0.486976
6393.129395 0.000000 1563.896729 0.000000 0.997967 0.000000 0.063731 0.489898 0.489898 0.489898
6378.375488 0.000000 1556.621338 0.000000 0.995981 0.000000 0.089563 0.485592 0.485592 0.485592
6515.634277 0.000000 1454.837280 0.000000 0.991716 0.000000 -0.128453 0.526868 0.526868 0.526868
6505.128906 0.000000 1432.975098 0.000000 0.921308 0.000000 0.388833 0.432850 0.432850 0.432850
6491.203125 0.000000 1451.427124 0.000000 0.949688 0.000000 -0.313197 0.555710 0.555710 0.555710
6510.671387 0.000000 1458.563843 0.000000 0.919603 0.000000 -0.392850 0.566070 0.566070 0.566070
6513.424316 0.000000 1450.525879 0.000000 0.999891 0.000000 0.014740 0.497477 0.497477 0.497477
6521.129395 0.000000 1450.927979 0.000000 0.998715 0.000000 -0.050679 0.508297 0.508297 0.508297
6506.442383 0.000000 1440.160156 0.000000 0.956793 0.000000 0.290770 0.450835 0.450835 0.450835
6635.596680 0.000000 1460.650879 0.000000 0.943602 0.000000 0.331081 0.445535 0.445535 0.445535
6423.408203 0.000000 1480.431885 0.000000 0.928097 0.000000 -0.372340 0.565008 0.565008 0.565008
6445.587891 0.000000 1476.365967 0.000000 0.930308 0.000000 -0.366778 0.566520 0.566520 0.566520
6465.451660 0.000000 1477.986206 0.000000 0.990585 0.000000 0.136899 0.475983 0.475983 0.475983
6470.363770 0.000000 1478.106445 0.000000 0.999826 0.000000 0.018628 0.496910 0.496910 0.496910
6511.339355 0.000000 1468.839722 0.000000 0.949363 0.000000 -0.314182 0.551823 0.551823 0.551823
6470.070312 0.000000 1475.633667 0.000000 0.994063 0.000000 -0.108804 0.518167 0.518167 0.518167
6471.620605 0.000000 1474.822998 0.000000 0.987120 0.000000 0.159981 0.473225 0.473225 0.473225
6414.604980 0.000000 1572.655151 0.000000 0.881040 0.000000 0.473042 0.410138 0.410138 0.410138
6440.647949 0.000000 1526.404785 0.000000 0.963222 0.000000 0.268707 0.456091 0.456091 0.456091
6433.987305 0.000000 1562.691772 0.000000 0.990592 0.000000 0.136850 0.478562 0.478562 0.478562
6412.062012 0.000000 1546.383545 0.000000 0.997311 0.000000 0.073291 0.488270 0.488270 0.488270
6427.877441 0.000000 1536.568970 0.000000 0.893185 0.000000 -0.449690 0.574931 0.574931 0.574931
6466.069824 0.000000 1549.899780 0.000000 0.879110 0.000000 0.476618 0.413117 0.413117 0.413117
6636.062988 0.000000 1477.582886 0.000000 0.954632 0.000000 -0.297787 0.564203 0.564203 0.564203
6594.681152 0.000000 1490.812256 0.000000 0.999870 0.000000 -0.016129 0.502495 0.502495 0.502495
6589.638184 0.000000 1544.801392 0.000000 0.999826 0.000000 -0.018652 0.502941 0.502941 0.502941
6587.815430 0.000000 1543.797974 0.000000 0.977639 0.000000 -0.210289 0.541111 0.541111 0.541111
6587.993164 0.000000 1541.621704 0.000000 0.989562 0.000000 0.144105 0.488436 0.488436 0.488436
6588.201172 0.000000 1545.668701 0.000000 0.913373 0.000000 -0.407123 0.566106 0.566106 0.566106
6614.937012 0.000000 1539.505493 0.000000 0.996117 0.000000 0.088043 0.481083 0.481083 0.481083
6641.031738 0.000000 1571.416626 0.000000 0.998072 0.000000 -0.062067 0.511094 0.511094 0.511094
6632.179688 0.000000 1553.262817 0.000000 0.999827 0.000000 0.018603 0.511945 0.511945 0.511945
6635.628906 0.000000 1565.469238 0.000000 0.982519 0.000000 0.186164 0.469356 0.469356 0.469356
6613.729980 0.000000 1540.668213 0.000000 0.905937 0.000000 0.423412 0.440588 0.440588 0.440588
6279.213379 0.000000 1619.762573 0.000000 0.964376 0.000000 0.264537 0.447766 0.447766 0.447766
6357.555664 0.000000 1585.647583 0.000000 0.991945 0.000000 0.126667 0.480167 0.480167 0.480167
6378.442383 0.000000 1666.097656 0.000000 0.999485 0.000000 0.032091 0.495084 0.495084 0.495084
6361.706543 0.000000 1764.655029 0.000000 0.893015 0.000000 0.450027 0.406828 0.406828 0.406828
6662.724121 0.000000 1445.616821 0.000000 0.964137 0.000000 0.265404 0.447791 0.447791 0.447791
6662.395508 0.000000 1442.165039 0.000000 0.982267 0.000000 -0.187490 0.535103 0.535103 0.535103
6713.360352 0.000000 1423.366089 0.000000 0.996997 0.000000 -0.077443 0.513557 0.513557 0.513557
6886.581055 0.000000 1390.749390 0.000000 0.989979 0.000000 -0.141217 0.527963 0.527963 0.527963
6869.917480 0.000000 1456.371582 0.000000 0.926589 0.000000 0.376076 0.435749 0.435749 0.435749
6704.587891 0.000000 1488.847046 0.000000 0.969610 0.000000 -0.244657 0.547113 0.547113 0.547113
6749.020508 0.000000 1481.424072 0.000000 0.899734 0.000000 -0.436439 0.585072 0.585072 0.585072
6767.085449 0.000000 1507.421875 0.000000 0.999845 0.000000 0.017624 0.497327 0.497327 0.497327
6720.588379 0.000000 1520.896240 0.000000 0.958122 0.000000 -0.286359 0.543395 0.543395 0.543395
6754.375977 0.000000 1485.036499 0.000000 0.958791 0.000000 0.284113 0.452424 0.452424 0.452424
6736.583984 0.000000 1506.949829 0.000000 0.921823 0.000000 0.387612 0.439631 0.439631 0.439631
6725.961426 0.000000 1519.226562 0.000000 0.942273 0.000000 0.334846 0.448727 0.448727 0.448727
6658.026855 0.000000 1573.704346 0.000000 0.965922 0.000000 0.258835 0.499565 0.499565 0.499565
6657.843750 0.000000 1571.457764 0.000000 0.964971 0.000000 -0.262355 0.574364 0.574364 0.574364
6761.322754 0.000000 1573.353760 0.000000 0.999075 0.000000 0.042994 0.491190 0.491190 0.491190
6781.252441 0.000000 1535.504517 0.000000 0.995196 0.000000 0.097901 0.485495 0.485495 0.485495
6828.662598 0.000000 1519.173950 0.000000 0.992971 0.000000 -0.118354 0.525722 0.525722 0.525722
6818.937012 0.000000 1470.378418 0.000000 0.998222 0.000000 0.059604 0.490329 0.490329 0.490329
6797.487793 0.000000 1535.094849 0.000000 0.981954 0.000000 0.189118 0.471714 0.471714 0.471714
6788.756836 0.000000 1543.871338 0.000000 0.897791 0.000000 -0.440423 0.567120 0.567120 0.567120
6795.084961 0.000000 1535.456787 0.000000 0.866667 0.000000 0.498887 0.422348 0.422348 0.422348
6975.814453 0.000000 1430.554077 0.000000 0.886896 0.000000 -0.461969 0.583981 0.583981 0.583981
6974.854492 0.000000 1438.692749 0.000000 0.987840 0.000000 0.155471 0.473401 0.473401 0.473401
7027.318359 0.000000 1445.750854 0.000000 0.991980 0.000000 0.126394 0.478691 0.478691 0.478691
7056.244141 0.000000 1441.307251 0.000000 0.969196 0.000000 -0.246291 0.542588 0.542588 0.542588
7073.641602 0.000000 1430.187988 0.000000 0.919959 0.000000 0.392014 0.428045 0.428045 0.428045
7041.042969 0.000000 1444.610474 0.000000 0.967223 0.000000 0.253929 0.456446 0.456446 0.456446
7061.008301 0.000000 1441.214478 0.000000 0.973955 0.000000 0.226742 0.460684 0.460684 0.460684
7118.650879 0.000000 1462.450195 0.000000 0.987213 0.000000 -0.159407 0.531594 0.531594 0.531594
6937.661133 0.000000 1471.659912 0.000000 0.967113 0.000000 0.254346 0.447513 0.447513 0.447513
7004.380371 0.000000 1523.444092 0.000000 0.982558 0.000000 -0.185956 0.532711 0.532711 0.532711
7012.550293 0.000000 1499.387817 0.000000 0.930207 0.000000 0.367036 0.440749 0.440749 0.440749
7003.966309 0.000000 1478.206909 0.000000 0.942453 0.000000 0.334338 0.437318 0.437318 0.437318
7009.987305 0.000000 1506.207397 0.000000 0.994733 0.000000 -0.102500 0.516727 0.516727 0.516727
6943.888672 0.000000 1546.622437 0.000000 0.995406 0.000000 -0.095748 0.514472 0.514472 0.514472
6940.979980 0.000000 1540.357300 0.000000 0.902684 0.000000 0.430304 0.431868 0.431868 0.431868
7024.918945 0.000000 1540.064331 0.000000 0.873761 0.000000 0.486356 0.399762 0.399762 0.399762
7023.447754 0.000000 1537.763794 0.000000 0.975809 0.000000 0.218624 0.457658 0.457658 0.457658
7083.071777 0.000000 1479.172241 0.000000 0.949707 0.000000 0.313140 0.446924 0.446924 0.446924
6706.584961 0.000000 1609.456787 0.000000 0.933282 0.000000 0.359145 0.422275 0.422275 0.422275
6683.678223 0.000000 1586.576660 0.000000 0.935873 0.000000 -0.352338 0.555958 0.555958 0.555958
6706.395020 0.000000 1611.579102 0.000000 0.879303 0.000000 0.476263 0.510598 0.510598 0.510598
6698.442383 0.000000 1609.613281 0.000000 0.871907 0.000000 -0.489671 0.663146 0.663146 0.663146
6687.632324 0.000000 1592.231323 0.000000 0.996135 0.000000 0.087841 0.486529 0.486529 0.486529
6699.765137 0.000000 1610.846802 0.000000 0.906683 0.000000 0.421813 0.520131 0.520131 0.520131
6690.375977 0.000000 1598.005249 0.000000 0.999757 0.000000 -0.022066 0.576951 0.576951 0.576951
6713.001953 0.000000 1616.994507 0.000000 0.991325 0.000000 -0.131436 0.618763 0.618763 0.618763
6690.977539 0.000000 1596.061890 0.000000 0.999773 0.000000 0.021297 0.565335 0.565335 0.565335
6689.699219 0.000000 1594.992798 0.000000 0.871264 0.000000 0.490815 0.489316 0.489316 0.489316
6688.240234 0.000000 1595.532349 0.000000 0.959858 0.000000 -0.280486 0.612579 0.612579 0.612579
6779.502441 0.000000 1593.559814 0.000000 0.875991 0.000000 -0.482327 0.636134 0.636134 0.636134
6740.440918 0.000000 1637.069092 0.000000 0.984119 0.000000 0.177510 0.599021 0.599021 0.599021
6778.669922 0.000000 1637.300293 0.000000 0.871306 0.000000 -0.490739 0.693958 0.693958 0.693958
6740.994629 0.000000 1640.599609 0.000000 0.937568 0.000000 0.347801 0.436015 0.436015 0.436015
6782.948242 0.000000 1640.201050 0.000000 0.880787 0.000000 0.473512 0.422971 0.422971 0.422971
6763.960938 0.000000 1660.149170 0.000000 0.997398 0.000000 -0.072098 0.658634 0.658634 0.658634
6757.802246 0.000000 1656.323730 0.000000 0.989609 0.000000 0.143782 0.483678 0.483678 0.483678
6754.581543 0.000000 1657.226562 0.000000 0.994557 0.000000 0.104192 0.625439 0.625439 0.625439
6740.179199 0.000000 1639.323975 0.000000 0.919934 0.000000 -0.392074 0.691634 0.691634 0.691634
6784.371582 0.000000 1643.131714 0.000000 0.892252 0.000000 -0.451537 0.656404 0.656404 0.656404
7577.661133 0.000000 1302.206787 0.000000 0.939079 0.000000 0.343702 0.428918 0.428918 0.428918
7880.908691 0.000000 1006.134399 0.000000 0.923428 0.000000 -0.383772 0.580977 0.580977 0.580977
7854.042969 0.000000 1022.573425 0.000000 0.978573 0.000000 0.205900 0.456898 0.456898 0.456898
8145.256836 0.000000 1107.917969 0.000000 0.994526 0.000000 -0.104491 0.522619 0.522619 0.522619
7758.220703 0.000000 1316.221558 0.000000 0.960104 0.000000 0.279643 0.441943 0.441943 0.441943
7384.077637 0.000000 1421.505859 0.000000 0.939478 0.000000 0.342610 0.435178 0.435178 0.435178
7227.529785 0.000000 1469.240723 0.000000 0.998379 0.000000 -0.056908 0.509702 0.509702 0.509702
7252.805176 0.000000 1468.661255 0.000000 0.964142 0.000000 0.265386 0.454434 0.454434 0.454434
7532.760254 0.000000 1450.614502 0.000000 0.996045 0.000000 0.088854 0.480709 0.480709 0.480709
7558.724121 0.000000 1389.132446 0.000000 0.996360 0.000000 -0.085243 0.516076 0.516076 0.516076
7644.431641 0.000000 1363.132812 0.000000 0.941518 0.000000 -0.336964 0.569115 0.569115 0.569115
7645.958984 0.000000 1365.825317 0.000000 0.969614 0.000000 0.244639 0.450299 0.450299 0.450299
7221.177734 0.000000 1705.051636 0.000000 0.943972 0.000000 -0.330026 0.560078 0.560078 0.560078
7227.502441 0.000000 1706.528564 0.000000 0.962047 0.000000 -0.272883 0.543989 0.543989 0.543989
7444.436035 0.000000 1680.318726 0.000000 0.961621 0.000000 0.274383 0.446395 0.446395 0.446395
7424.421387 0.000000 1681.570068 0.000000 0.985985 0.000000 -0.166834 0.589557 0.589557 0.589557
7550.913574 0.000000 1684.085449 0.000000 0.881321 0.000000 -0.472518 0.634419 0.634419 0.634419
7553.843750 0.000000 1684.426514 0.000000 0.872483 0.000000 -0.488645 0.637244 0.637244 0.637244
7556.140625 0.000000 1679.614746 0.000000 0.999109 0.000000 -0.042204 0.555460 0.555460 0.555460
7521.412109 0.000000 1709.488403 0.000000 0.994803 0.000000 -0.101815 0.519823 0.519823 0.519823
7506.442383 0.000000 1709.547852 0.000000 0.929869 0.000000 -0.367892 0.606493 0.606493 0.606493
7552.233887 0.000000 1707.974487 0.000000 0.892413 0.000000 0.451219 0.510318 0.510318 0.510318
7564.917480 0.000000 1712.728394 0.000000 0.991262 0.000000 -0.131906 0.608926 0.608926 0.608926
7896.795410 0.000000 1496.505981 0.000000 0.921118 0.000000 -0.389284 0.578313 0.578313 0.578313
8028.947754 0.000000 1555.149902 0.000000 0.999406 0.000000 -0.034463 0.506441 0.506441 0.506441
8033.641602 0.000000 1543.156738 0.000000 0.998057 0.000000 0.062302 0.488210 0.488210 0.488210
8111.663086 0.000000 1478.605591 0.000000 0.976445 0.000000 0.215768 0.454637 0.454637 0.454637
7926.588867 0.000000 1691.229980 0.000000 0.939096 0.000000 -0.343654 0.554781 0.554781 0.554781
7789.839355 0.000000 1777.701416 0.000000 0.984872 0.000000 0.173284 0.522450 0.522450 0.522450
7922.425293 0.000000 1696.685669 0.000000 0.886671 0.000000 -0.462401 0.573626 0.573626 0.573626
7902.945801 0.000000 1722.995117 0.000000 0.994689 0.000000 -0.102925 0.515174 0.515174 0.515174
7861.096191 0.000000 1776.084106 0.000000 0.990449 0.000000 -0.137877 0.599944 0.599944 0.599944
7897.283691 0.000000 1772.633423 0.000000 0.866852 0.000000 0.498566 0.409112 0.409112 0.409112
7939.505371 0.000000 1681.473022 0.000000 0.964190 0.000000 -0.265214 0.554382 0.554382 0.554382
7952.939453 0.000000 1653.975586 0.000000 0.887758 0.000000 -0.460310 0.595477 0.595477 0.595477
7955.236816 0.000000 1649.369995 0.000000 0.987244 0.000000 -0.159214 0.526286 0.526286 0.526286
7941.572266 0.000000 1684.977661 0.000000 0.993840 0.000000 0.110820 0.482492 0.482492 0.482492
7937.726074 0.000000 1680.951294 0.000000 0.999913 0.000000 -0.013219 0.502084 0.502084 0.502084
8006.475098 0.000000 1652.637573 0.000000 0.955812 0.000000 -0.293980 0.550619 0.550619 0.550619
7986.842773 0.000000 1712.401245 0.000000 0.990680 0.000000 -0.136207 0.529114 0.529114 0.529114
7964.380371 0.000000 1749.381592 0.000000 0.998618 0.000000 -0.052550 0.510651 0.510651 0.510651
7989.428223 0.000000 1712.372437 0.000000 0.973410 0.000000 0.229071 0.463389 0.463389 0.463389
7966.190918 0.000000 1731.585083 0.000000 0.955708 0.000000 -0.294317 0.545756 0.545756 0.545756
7988.078125 0.000000 1711.201904 0.000000 0.930195 0.000000 0.367066 0.440463 0.440463 0.440463
7964.266602 0.000000 1731.898438 0.000000 0.915875 0.000000 0.401463 0.436107 0.436107 0.436107
4792.346680 0.000000 2168.607178 0.000000 0.992276 0.000000 0.124046 0.476760 0.476760 0.476760
4799.163574 0.000000 2235.565186 0.000000 0.898464 0.000000 -0.439047 0.592541 0.592541 0.592541
4785.324707 0.000000 2238.487793 0.000000 0.884985 0.000000 0.465619 0.416024 0.416024 0.416024
4795.429199 0.000000 2228.203125 0.000000 0.932725 0.000000 -0.360589 0.569457 0.569457 0.569457
4799.210449 0.000000 2237.492432 0.000000 0.953096 0.000000 -0.302669 0.575621 0.575621 0.575621
4798.095703 0.000000 2234.436768 0.000000 0.982357 0.000000 0.187018 0.496353 0.496353 0.496353
4809.203613 0.000000 2238.591309 0.000000 0.881232 0.000000 -0.472684 0.606750 0.606750 0.606750
4812.552734 0.000000 2229.084717 0.000000 0.989892 0.000000 0.141822 0.469891 0.469891 0.469891
4800.009766 0.000000 2245.083252 0.000000 0.999662 0.000000 -0.025993 0.505286 0.505286 0.505286
4819.576660 0.000000 2238.342285 0.000000 0.997023 0.000000 -0.077105 0.531112 0.531112 0.531112
4817.493164 0.000000 2246.863525 0.000000 0.987157 0.000000 0.159756 0.510108 0.510108 0.510108
4822.911621 0.000000 2243.880127 0.000000 0.933215 0.000000 0.359318 0.443432 0.443432 0.443432
5266.283691 0.000000 1865.117065 0.000000 0.948141 0.000000 0.317850 0.433015 0.433015 0.433015
5263.197266 0.000000 2101.554688 0.000000 0.983506 0.000000 0.180878 0.462471 0.462471 0.462471
7399.260742 0.000000 1829.104004 0.000000 0.878819 0.000000 0.477155 0.669251 0.669251 0.669251
7398.060059 0.000000 1828.324219 0.000000 0.935097 0.000000 -0.354393 0.808809 0.808809 0.808809
7414.497559 0.000000 1933.632690 0.000000 0.999695 0.000000 0.024697 0.873604 0.873604 0.873604
7313.664551 0.000000 2040.093506 0.000000 0.991609 0.000000 -0.129273 0.526166 0.526166 0.526166
7892.984863 0.000000 1957.666748 0.000000 0.990907 0.000000 -0.134550 0.526837 0.526837 0.526837
7942.997070 0.000000 1847.756958 0.000000 0.913246 0.000000 -0.407408 0.664010 0.664010 0.664010
"}
object={
	name="palm_dense_generator_2_2"
	clamp_to_water_level=no
	render_under_water=no
	generated_content=yes
	layer="semidynamic_medium"
	pdxmesh="tree_palm_03_mesh"
	count=212
	transform="378.631775 0.000000 825.917664 0.000000 0.355145 0.000000 -0.934811 0.731111 0.731111 0.731111
620.051758 0.000000 709.906799 0.000000 0.841654 0.000000 -0.540017 0.602754 0.602754 0.602754
734.961914 0.000000 678.773804 0.000000 0.521777 0.000000 -0.853082 0.700136 0.700136 0.700136
737.049316 0.000000 679.062805 0.000000 0.081728 0.000000 -0.996655 0.767088 0.767088 0.767088
688.648071 0.000000 831.257019 0.000000 0.640497 0.000000 -0.767961 0.676747 0.676747 0.676747
882.585205 0.000000 818.675476 0.000000 0.758314 0.000000 -0.651890 0.650771 0.650771 0.650771
872.015625 0.000000 798.409851 0.000000 0.803223 0.000000 -0.595679 0.632623 0.632623 0.632623
823.531311 0.000000 857.869324 0.000000 0.387734 0.000000 -0.921771 0.746350 0.746350 0.746350
806.686340 0.000000 847.571411 0.000000 0.321302 0.000000 -0.946977 0.761280 0.761280 0.761280
866.900940 0.000000 847.330322 0.000000 0.829463 0.000000 -0.558561 0.627170 0.627170 0.627170
847.831299 0.000000 851.437500 0.000000 0.442056 0.000000 -0.896988 0.735472 0.735472 0.735472
837.464844 0.000000 852.047546 0.000000 0.712303 0.000000 -0.701872 0.663450 0.663450 0.663450
896.513977 0.000000 806.862122 0.000000 0.769395 0.000000 -0.638773 0.646606 0.646606 0.646606
2185.203857 0.000000 1730.232056 0.000000 0.808094 0.000000 -0.589054 0.637047 0.637047 0.637047
562.750305 0.000000 1961.021973 0.000000 0.553756 0.000000 -0.832679 0.810028 0.810028 0.810028
565.007935 0.000000 1961.619141 0.000000 0.067929 0.000000 -0.997690 0.750436 0.750436 0.750436
559.960388 0.000000 1963.420532 0.000000 0.127675 0.000000 -0.991816 1.003295 1.003295 1.003295
557.556458 0.000000 1966.111938 0.000000 0.231025 0.000000 -0.972948 0.824536 0.824536 0.824536
560.317139 0.000000 1962.200073 0.000000 0.536744 0.000000 -0.843745 0.878787 0.878787 0.878787
1843.863525 0.000000 2001.325806 0.000000 0.441100 0.000000 -0.897458 0.732360 0.732360 0.732360
1545.203857 0.000000 2125.622559 0.000000 0.844675 0.000000 -0.535280 0.623317 0.623317 0.623317
1566.961914 0.000000 2090.883301 0.000000 0.350551 0.000000 -0.936544 0.739316 0.739316 0.739316
1863.408936 0.000000 2051.274902 0.000000 0.856672 0.000000 -0.515862 0.608185 0.608185 0.608185
2118.215332 0.000000 1856.437622 0.000000 0.429217 0.000000 -0.903202 0.738490 0.738490 0.738490
2082.857422 0.000000 2006.082031 0.000000 0.010564 0.000000 -0.999944 0.820769 0.820769 0.820769
2311.671631 0.000000 2001.809692 0.000000 0.132688 0.000000 -0.991158 0.818194 0.818194 0.818194
2465.099609 0.000000 2010.902832 0.000000 0.394694 0.000000 -0.918813 0.736908 0.736908 0.736908
2276.575195 0.000000 2035.826538 0.000000 0.380826 0.000000 -0.924647 0.732897 0.732897 0.732897
2223.339111 0.000000 2146.652344 0.000000 0.602707 0.000000 -0.797963 0.679567 0.679567 0.679567
2233.360596 0.000000 2157.662842 0.000000 0.768121 0.000000 -0.640304 0.624128 0.624128 0.624128
2316.083740 0.000000 2078.951416 0.000000 0.708614 0.000000 -0.705596 0.651646 0.651646 0.651646
2317.612061 0.000000 2093.050537 0.000000 0.675637 0.000000 -0.737235 0.658632 0.658632 0.658632
3891.016113 0.000000 2167.257324 0.000000 0.503797 0.000000 -0.863822 0.702676 0.702676 0.702676
4833.641602 0.000000 1543.156738 0.000000 0.666548 0.000000 -0.745462 0.651527 0.651527 0.651527
5364.003906 0.000000 1020.046326 0.000000 0.525812 0.000000 -0.850601 0.701494 0.701494 0.701494
5755.003418 0.000000 1514.603394 0.000000 0.451036 0.000000 -0.892506 0.701960 0.701960 0.701960
5751.405273 0.000000 1559.931274 0.000000 0.117363 0.000000 -0.993089 0.754134 0.754134 0.754134
5749.789062 0.000000 1568.521851 0.000000 0.555475 0.000000 -0.831533 0.670240 0.670240 0.670240
5758.970703 0.000000 1547.734131 0.000000 0.709655 0.000000 -0.704550 0.638478 0.638478 0.638478
5752.710938 0.000000 1661.878418 0.000000 0.844819 0.000000 -0.535053 0.588163 0.588163 0.588163
5753.728516 0.000000 1663.441528 0.000000 0.460298 0.000000 -0.887764 0.669780 0.669780 0.669780
8051.456055 0.000000 671.616394 0.000000 0.506707 0.000000 -0.862118 0.726154 0.726154 0.726154
8074.704590 0.000000 644.070618 0.000000 0.619906 0.000000 -0.784676 0.697401 0.697401 0.697401
6783.510742 0.000000 1323.877319 0.000000 0.830680 0.000000 -0.556750 0.608128 0.608128 0.608128
6797.099609 0.000000 1318.917236 0.000000 0.209261 0.000000 -0.977860 0.754134 0.754134 0.754134
6791.408691 0.000000 1316.978149 0.000000 0.647935 0.000000 -0.761696 0.661813 0.661813 0.661813
6384.580566 0.000000 1499.034546 0.000000 0.340101 0.000000 -0.940389 0.733265 0.733265 0.733265
6325.449707 0.000000 1574.969604 0.000000 0.463359 0.000000 -0.886171 0.674953 0.674953 0.674953
6380.760254 0.000000 1563.583252 0.000000 0.207982 0.000000 -0.978133 0.794141 0.794141 0.794141
6506.009766 0.000000 1467.046021 0.000000 0.858166 0.000000 -0.513372 0.614470 0.614470 0.614470
6499.666992 0.000000 1448.595581 0.000000 0.472598 0.000000 -0.881278 0.710433 0.710433 0.710433
6510.880859 0.000000 1462.645020 0.000000 0.493676 0.000000 -0.869646 0.671775 0.671775 0.671775
6504.179688 0.000000 1440.294067 0.000000 0.562401 0.000000 -0.826865 0.662230 0.662230 0.662230
6504.688965 0.000000 1436.509888 0.000000 0.498252 0.000000 -0.867032 0.675632 0.675632 0.675632
6497.680176 0.000000 1467.937134 0.000000 0.131679 0.000000 -0.991292 0.736524 0.736524 0.736524
6501.379395 0.000000 1448.995972 0.000000 0.464415 0.000000 -0.885618 0.681280 0.681280 0.681280
6497.128418 0.000000 1452.872559 0.000000 0.610105 0.000000 -0.792321 0.652414 0.652414 0.652414
6622.608887 0.000000 1361.164673 0.000000 0.606282 0.000000 -0.795250 0.665611 0.665611 0.665611
6635.659668 0.000000 1448.289062 0.000000 0.064188 0.000000 -0.997938 0.787168 0.787168 0.787168
6634.219238 0.000000 1458.323975 0.000000 0.090770 0.000000 -0.995872 0.739967 0.739967 0.739967
6637.814941 0.000000 1448.655518 0.000000 0.766045 0.000000 -0.642787 0.614248 0.614248 0.614248
6454.173828 0.000000 1474.777954 0.000000 0.522166 0.000000 -0.852844 0.712287 0.712287 0.712287
6433.412109 0.000000 1483.550903 0.000000 0.737486 0.000000 -0.675362 0.625781 0.625781 0.625781
6414.686523 0.000000 1483.185181 0.000000 0.734395 0.000000 -0.678722 0.627673 0.627673 0.627673
6450.103516 0.000000 1516.926636 0.000000 0.556971 0.000000 -0.830532 0.658918 0.658918 0.658918
6472.667480 0.000000 1473.372925 0.000000 0.814413 0.000000 -0.580286 0.620786 0.620786 0.620786
6508.016602 0.000000 1470.342407 0.000000 0.696475 0.000000 -0.717581 0.629773 0.629773 0.629773
6425.706543 0.000000 1538.717529 0.000000 0.012979 0.000000 -0.999916 0.774770 0.774770 0.774770
6410.329590 0.000000 1549.782715 0.000000 0.376843 0.000000 -0.926277 0.728423 0.728423 0.728423
6427.966309 0.000000 1534.691284 0.000000 0.173849 0.000000 -0.984772 0.725327 0.725327 0.725327
6414.777344 0.000000 1545.330322 0.000000 0.236708 0.000000 -0.971581 0.713961 0.713961 0.713961
6640.746582 0.000000 1471.831421 0.000000 0.324807 0.000000 -0.945780 0.746572 0.746572 0.746572
6598.028809 0.000000 1491.523315 0.000000 0.788545 0.000000 -0.614977 0.602441 0.602441 0.602441
6609.145996 0.000000 1471.147949 0.000000 0.218223 0.000000 -0.975899 0.727127 0.727127 0.727127
6608.728516 0.000000 1468.600342 0.000000 0.845614 0.000000 -0.533795 0.591304 0.591304 0.591304
6590.854492 0.000000 1551.661499 0.000000 0.842747 0.000000 -0.538310 0.604333 0.604333 0.604333
6634.678223 0.000000 1563.253174 0.000000 0.817756 0.000000 -0.575565 0.613686 0.613686 0.613686
6608.278320 0.000000 1545.797363 0.000000 0.683913 0.000000 -0.729564 0.630630 0.630630 0.630630
6609.817871 0.000000 1544.239258 0.000000 0.627208 0.000000 -0.778852 0.641735 0.641735 0.641735
6276.384766 0.000000 1632.335205 0.000000 0.024530 0.000000 -0.999699 0.743779 0.743779 0.743779
6295.105957 0.000000 1602.799194 0.000000 0.316218 0.000000 -0.948687 0.700664 0.700664 0.700664
6302.716309 0.000000 1627.800537 0.000000 0.419845 0.000000 -0.907596 0.677634 0.677634 0.677634
6317.537598 0.000000 1621.952148 0.000000 0.585199 0.000000 -0.810889 0.662549 0.662549 0.662549
6323.609375 0.000000 1616.911743 0.000000 0.469148 0.000000 -0.883120 0.667416 0.667416 0.667416
6385.262695 0.000000 1636.123535 0.000000 0.571204 0.000000 -0.820808 0.665497 0.665497 0.665497
6386.750488 0.000000 1622.115723 0.000000 0.809603 0.000000 -0.586978 0.592794 0.592794 0.592794
6386.216309 0.000000 1626.107300 0.000000 0.182062 0.000000 -0.983287 0.704232 0.704232 0.704232
6363.120117 0.000000 1583.511108 0.000000 0.253567 0.000000 -0.967318 0.705260 0.705260 0.705260
6368.607910 0.000000 1677.137573 0.000000 0.534123 0.000000 -0.845407 0.691770 0.691770 0.691770
6379.765137 0.000000 1667.331177 0.000000 0.824261 0.000000 -0.566210 0.592189 0.592189 0.592189
6354.536621 0.000000 1691.516602 0.000000 0.291586 0.000000 -0.956545 0.732295 0.732295 0.732295
6363.849121 0.000000 1721.136841 0.000000 0.323697 0.000000 -0.946161 0.708692 0.708692 0.708692
6363.790527 0.000000 1769.769165 0.000000 0.008413 0.000000 -0.999965 0.876353 0.876353 0.876353
6363.236816 0.000000 1768.502563 0.000000 0.859884 0.000000 -0.510490 0.712802 0.712802 0.712802
6444.376953 0.000000 1627.830200 0.000000 0.561060 0.000000 -0.827775 0.699017 0.699017 0.699017
6702.693848 0.000000 1444.167969 0.000000 0.860558 0.000000 -0.509352 0.599467 0.599467 0.599467
6711.794922 0.000000 1425.115601 0.000000 0.436541 0.000000 -0.899685 0.688159 0.688159 0.688159
6675.576660 0.000000 1447.561035 0.000000 0.374571 0.000000 -0.927198 0.695117 0.695117 0.695117
6685.614258 0.000000 1443.837280 0.000000 0.659709 0.000000 -0.751521 0.640435 0.640435 0.640435
6677.609863 0.000000 1444.758423 0.000000 0.601292 0.000000 -0.799029 0.652873 0.652873 0.652873
6837.005371 0.000000 1407.820190 0.000000 0.564434 0.000000 -0.825479 0.669820 0.669820 0.669820
6869.934570 0.000000 1410.437012 0.000000 0.620501 0.000000 -0.784206 0.658317 0.658317 0.658317
6876.947754 0.000000 1442.181152 0.000000 0.348468 0.000000 -0.937321 0.706089 0.706089 0.706089
6885.463867 0.000000 1419.714722 0.000000 0.821114 0.000000 -0.570764 0.606230 0.606230 0.606230
6876.979980 0.000000 1427.388550 0.000000 0.579775 0.000000 -0.814777 0.665836 0.665836 0.665836
6718.675293 0.000000 1520.344849 0.000000 0.794586 0.000000 -0.607152 0.597491 0.597491 0.597491
6740.984863 0.000000 1505.791748 0.000000 0.656490 0.000000 -0.754335 0.659704 0.659704 0.659704
6739.576660 0.000000 1504.045410 0.000000 0.372971 0.000000 -0.927843 0.681158 0.681158 0.681158
6727.440918 0.000000 1519.000854 0.000000 0.311006 0.000000 -0.950408 0.688392 0.688392 0.688392
6746.957520 0.000000 1475.220581 0.000000 0.171782 0.000000 -0.985135 0.720429 0.720429 0.720429
6723.162109 0.000000 1520.645386 0.000000 0.785115 0.000000 -0.619350 0.599799 0.599799 0.599799
6664.237305 0.000000 1573.104736 0.000000 0.863082 0.000000 -0.505064 0.619399 0.619399 0.619399
6671.453125 0.000000 1574.053345 0.000000 0.537045 0.000000 -0.843554 0.691246 0.691246 0.691246
6665.995605 0.000000 1573.919067 0.000000 0.308726 0.000000 -0.951151 0.729573 0.729573 0.729573
6763.596680 0.000000 1573.619629 0.000000 0.088035 0.000000 -0.996117 0.760401 0.760401 0.760401
6780.771484 0.000000 1562.162231 0.000000 0.275909 0.000000 -0.961184 0.717775 0.717775 0.717775
6773.188965 0.000000 1579.490845 0.000000 0.826016 0.000000 -0.563646 0.635138 0.635138 0.635138
6782.038574 0.000000 1549.061401 0.000000 0.805779 0.000000 -0.592217 0.598136 0.598136 0.598136
6780.112793 0.000000 1560.753174 0.000000 0.828338 0.000000 -0.560228 0.608243 0.608243 0.608243
6818.934570 0.000000 1472.162964 0.000000 0.474259 0.000000 -0.880385 0.673777 0.673777 0.673777
6850.552734 0.000000 1524.669922 0.000000 0.100426 0.000000 -0.994945 0.735091 0.735091 0.735091
6797.188965 0.000000 1533.332764 0.000000 0.688955 0.000000 -0.724804 0.621141 0.621141 0.621141
6784.369629 0.000000 1535.979980 0.000000 0.037058 0.000000 -0.999313 0.726870 0.726870 0.726870
6986.329590 0.000000 1436.813965 0.000000 0.812853 0.000000 -0.582469 0.605942 0.605942 0.605942
7022.693848 0.000000 1444.167969 0.000000 0.727840 0.000000 -0.685747 0.644032 0.644032 0.644032
7165.292480 0.000000 1368.183960 0.000000 0.148636 0.000000 -0.988892 0.802917 0.802917 0.802917
7064.795410 0.000000 1440.021606 0.000000 0.243187 0.000000 -0.969979 0.739686 0.739686 0.739686
7073.412109 0.000000 1427.066528 0.000000 0.078976 0.000000 -0.996876 0.760880 0.760880 0.760880
7057.436523 0.000000 1435.978394 0.000000 0.711325 0.000000 -0.702863 0.634555 0.634555 0.634555
7067.849121 0.000000 1438.714966 0.000000 0.318076 0.000000 -0.948065 0.715294 0.715294 0.715294
6914.269043 0.000000 1522.027588 0.000000 0.778626 0.000000 -0.627488 0.605418 0.605418 0.605418
6946.937012 0.000000 1470.378418 0.000000 0.386471 0.000000 -0.922302 0.693881 0.693881 0.693881
7008.607910 0.000000 1507.684448 0.000000 0.844392 0.000000 -0.535725 0.592098 0.592098 0.592098
6942.952637 0.000000 1544.590454 0.000000 0.373869 0.000000 -0.927481 0.711253 0.711253 0.711253
6933.209473 0.000000 1531.940430 0.000000 0.416742 0.000000 -0.909025 0.675604 0.675604 0.675604
7020.760254 0.000000 1563.583252 0.000000 0.531683 0.000000 -0.846943 0.716769 0.716769 0.716769
7006.961914 0.000000 1526.039429 0.000000 0.055670 0.000000 -0.998449 0.777447 0.777447 0.777447
7010.934570 0.000000 1528.647339 0.000000 0.530474 0.000000 -0.847701 0.674645 0.674645 0.674645
7073.433594 0.000000 1504.397339 0.000000 0.091688 0.000000 -0.995788 0.738710 0.738710 0.738710
6719.509766 0.000000 1618.781006 0.000000 0.741651 0.000000 -0.670786 0.611515 0.611515 0.611515
6682.957520 0.000000 1588.189331 0.000000 0.012137 0.000000 -0.999926 0.798239 0.798239 0.798239
6692.813477 0.000000 1598.716675 0.000000 0.032655 0.000000 -0.999467 0.812046 0.812046 0.812046
6693.508789 0.000000 1596.950806 0.000000 0.743546 0.000000 -0.668684 0.655453 0.655453 0.655453
6693.802246 0.000000 1599.839355 0.000000 0.241115 0.000000 -0.970497 0.779349 0.779349 0.779349
6699.008789 0.000000 1608.111938 0.000000 0.361862 0.000000 -0.932232 0.770583 0.770583 0.770583
6778.028320 0.000000 1594.661133 0.000000 0.845570 0.000000 -0.533864 0.616203 0.616203 0.616203
6772.463867 0.000000 1596.644287 0.000000 0.001435 0.000000 -0.999999 0.816769 0.816769 0.816769
6773.177734 0.000000 1592.082886 0.000000 0.347861 0.000000 -0.937546 0.734450 0.734450 0.734450
6730.618164 0.000000 1633.005737 0.000000 0.565720 0.000000 -0.824597 0.771476 0.771476 0.771476
6777.206055 0.000000 1591.188965 0.000000 0.797219 0.000000 -0.603690 0.658377 0.658377 0.658377
6731.049316 0.000000 1631.443359 0.000000 0.609888 0.000000 -0.792487 0.762811 0.762811 0.762811
6772.241699 0.000000 1593.297241 0.000000 0.116711 0.000000 -0.993166 0.770805 0.770805 0.770805
6745.661133 0.000000 1641.113037 0.000000 0.033796 0.000000 -0.999429 0.786062 0.786062 0.786062
6773.428223 0.000000 1655.888062 0.000000 0.001498 0.000000 -0.999999 0.781496 0.781496 0.781496
6768.587891 0.000000 1658.300171 0.000000 0.031833 0.000000 -0.999493 0.756459 0.756459 0.756459
6770.709961 0.000000 1652.136719 0.000000 0.112930 0.000000 -0.993603 0.838108 0.838108 0.838108
6763.954590 0.000000 1661.752930 0.000000 0.143120 0.000000 -0.989705 0.875994 0.875994 0.875994
6762.712402 0.000000 1659.265259 0.000000 0.806987 0.000000 -0.590569 0.743339 0.743339 0.743339
6752.240234 0.000000 1652.016724 0.000000 0.246579 0.000000 -0.969123 0.783984 0.783984 0.783984
6752.868164 0.000000 1654.418335 0.000000 0.576832 0.000000 -0.816863 0.795259 0.795259 0.795259
6805.101562 0.000000 1628.013550 0.000000 0.587923 0.000000 -0.808917 0.740906 0.740906 0.740906
6808.325195 0.000000 1630.702759 0.000000 0.850366 0.000000 -0.526192 0.582795 0.582795 0.582795
6790.054199 0.000000 1639.645508 0.000000 0.542953 0.000000 -0.839763 0.765318 0.765318 0.765318
8154.074219 0.000000 1103.719604 0.000000 0.043821 0.000000 -0.999039 0.829940 0.829940 0.829940
7752.908691 0.000000 1288.556274 0.000000 0.300813 0.000000 -0.953683 0.763915 0.763915 0.763915
7170.500488 0.000000 1431.853394 0.000000 0.750010 0.000000 -0.661427 0.656163 0.656163 0.656163
7373.487793 0.000000 1422.126099 0.000000 0.152237 0.000000 -0.988344 0.761784 0.761784 0.761784
7196.928223 0.000000 1486.473877 0.000000 0.821432 0.000000 -0.570307 0.613406 0.613406 0.613406
7618.311035 0.000000 1392.236084 0.000000 0.858487 0.000000 -0.512836 0.604658 0.604658 0.604658
7370.235840 0.000000 1681.731079 0.000000 0.357159 0.000000 -0.934044 0.705417 0.705417 0.705417
7243.557617 0.000000 1734.479004 0.000000 0.050917 0.000000 -0.998703 0.916960 0.916960 0.916960
7498.234863 0.000000 1685.492798 0.000000 0.768311 0.000000 -0.640077 0.681240 0.681240 0.681240
7552.517090 0.000000 1687.823853 0.000000 0.179706 0.000000 -0.983720 0.723325 0.723325 0.723325
7551.273438 0.000000 1705.922363 0.000000 0.071513 0.000000 -0.997440 0.748901 0.748901 0.748901
7507.704102 0.000000 1708.295532 0.000000 0.658207 0.000000 -0.752837 0.679051 0.679051 0.679051
8055.062500 0.000000 1519.611206 0.000000 0.387353 0.000000 -0.921931 0.729744 0.729744 0.729744
7699.576660 0.000000 1673.498535 0.000000 0.709700 0.000000 -0.704504 0.636125 0.636125 0.636125
7700.841797 0.000000 1672.613037 0.000000 0.519267 0.000000 -0.854612 0.672356 0.672356 0.672356
7698.728027 0.000000 1672.204956 0.000000 0.240838 0.000000 -0.970565 0.717484 0.717484 0.717484
7908.550293 0.000000 1725.325317 0.000000 0.854601 0.000000 -0.519284 0.580767 0.580767 0.580767
7904.801270 0.000000 1722.846436 0.000000 0.017052 0.000000 -0.999855 0.728667 0.728667 0.728667
7862.485352 0.000000 1776.429810 0.000000 0.325868 0.000000 -0.945415 0.771109 0.771109 0.771109
7906.015137 0.000000 1771.511108 0.000000 0.689928 0.000000 -0.723878 0.670044 0.670044 0.670044
7895.105957 0.000000 1772.252319 0.000000 0.852022 0.000000 -0.523506 0.633071 0.633071 0.633071
7937.118652 0.000000 1682.776978 0.000000 0.373576 0.000000 -0.927599 0.686397 0.686397 0.686397
7986.750488 0.000000 1678.600098 0.000000 0.773342 0.000000 -0.633989 0.612378 0.612378 0.612378
7955.935547 0.000000 1647.805298 0.000000 0.733662 0.000000 -0.679515 0.622822 0.622822 0.622822
8002.822754 0.000000 1672.015015 0.000000 0.677736 0.000000 -0.735305 0.637049 0.637049 0.637049
8000.525879 0.000000 1675.349976 0.000000 0.119166 0.000000 -0.992874 0.740772 0.740772 0.740772
7964.944336 0.000000 1730.398682 0.000000 0.638062 0.000000 -0.769985 0.635919 0.635919 0.635919
7990.385254 0.000000 1698.440308 0.000000 0.419225 0.000000 -0.907882 0.682856 0.682856 0.682856
7969.433594 0.000000 1730.334839 0.000000 0.728272 0.000000 -0.685288 0.615638 0.615638 0.615638
4830.530273 0.000000 1943.928833 0.000000 0.205405 0.000000 -0.978677 0.795732 0.795732 0.795732
5114.385254 0.000000 1810.092041 0.000000 0.687476 0.000000 -0.726207 0.662841 0.662841 0.662841
4846.693848 0.000000 2065.496094 0.000000 0.247077 0.000000 -0.968996 0.732034 0.732034 0.732034
4840.388184 0.000000 2083.439209 0.000000 0.071581 0.000000 -0.997435 0.757686 0.757686 0.757686
4779.659668 0.000000 2239.070312 0.000000 0.826811 0.000000 -0.562480 0.611183 0.611183 0.611183
4779.628906 0.000000 2243.281738 0.000000 0.046156 0.000000 -0.998934 0.770057 0.770057 0.770057
4792.710938 0.000000 2226.722168 0.000000 0.433249 0.000000 -0.901274 0.683729 0.683729 0.683729
4793.728516 0.000000 2228.285400 0.000000 0.452348 0.000000 -0.891841 0.689358 0.689358 0.689358
4807.546875 0.000000 2234.195557 0.000000 0.601266 0.000000 -0.799049 0.663063 0.663063 0.663063
4819.524902 0.000000 2239.824463 0.000000 0.466411 0.000000 -0.884568 0.681413 0.681413 0.681413
4329.676758 0.000000 2390.410645 0.000000 0.233564 0.000000 -0.972341 0.756477 0.756477 0.756477
7414.362793 0.000000 1897.626099 0.000000 0.692745 0.000000 -0.721183 0.961534 0.961534 0.961534
7419.523926 0.000000 1877.443726 0.000000 0.785709 0.000000 -0.618597 0.702896 0.702896 0.702896
7415.338379 0.000000 1896.508545 0.000000 0.802046 0.000000 -0.597262 0.935206 0.935206 0.935206
7414.908203 0.000000 1932.342773 0.000000 0.831766 0.000000 -0.555126 0.969113 0.969113 0.969113
7310.033691 0.000000 2039.328491 0.000000 0.352776 0.000000 -0.935708 0.695338 0.695338 0.695338
7312.098633 0.000000 2043.197021 0.000000 0.777574 0.000000 -0.628792 0.605169 0.605169 0.605169
7315.343262 0.000000 2085.038574 0.000000 0.542537 0.000000 -0.840032 0.646033 0.646033 0.646033
7314.442383 0.000000 2104.938477 0.000000 0.426421 0.000000 -0.904525 0.679887 0.679887 0.679887
7315.704102 0.000000 2103.686035 0.000000 0.857208 0.000000 -0.514970 0.580831 0.580831 0.580831
"}
