object={
	name="palm_dense_generator_1_0"
	clamp_to_water_level=no
	render_under_water=no
	generated_content=yes
	layer="semidynamic"
	pdxmesh="tree_palm_01_mesh"
	count=148
	transform="653.506958 0.000000 713.626953 0.000000 0.284940 0.000000 0.958545 0.268145 0.268145 0.268145
940.760437 0.000000 716.317627 0.000000 0.030760 0.000000 0.999527 0.192611 0.192611 0.192611
869.432373 0.000000 801.808289 0.000000 0.332477 0.000000 0.943111 0.243971 0.243971 0.243971
105.260620 0.000000 1173.909668 0.000000 0.170480 0.000000 0.985361 0.209136 0.209136 0.209136
2266.979736 0.000000 1453.942139 0.000000 0.303087 0.000000 0.952963 0.223341 0.223341 0.223341
2345.563477 0.000000 1438.600342 0.000000 0.489540 0.000000 0.871981 0.283025 0.283025 0.283025
2916.276123 0.000000 1501.840454 0.000000 0.366792 0.000000 0.930303 0.256060 0.256060 0.256060
496.580475 0.000000 2007.393921 0.000000 0.855071 0.000000 0.518511 0.741508 0.741508 0.741508
463.800018 0.000000 2020.016968 0.000000 0.235648 0.000000 0.971839 0.637236 0.637236 0.637236
498.395050 0.000000 2006.969727 0.000000 0.604549 0.000000 0.796568 0.681474 0.681474 0.681474
560.648071 0.000000 1960.944458 0.000000 0.495653 0.000000 0.868520 0.594159 0.594159 0.594159
556.376709 0.000000 1966.736450 0.000000 0.809330 0.000000 0.587354 0.513349 0.513349 0.513349
1529.910522 0.000000 2137.872803 0.000000 0.828630 0.000000 0.559797 0.390310 0.390310 0.390310
1474.396606 0.000000 2204.752686 0.000000 0.759799 0.000000 0.650158 0.372508 0.372508 0.372508
1694.236938 0.000000 1972.998657 0.000000 0.164096 0.000000 0.986444 0.199366 0.199366 0.199366
1405.512329 0.000000 2315.885498 0.000000 0.445600 0.000000 0.895232 0.285299 0.285299 0.285299
1373.530396 0.000000 2343.151855 0.000000 0.453471 0.000000 0.891271 0.364085 0.364085 0.364085
1419.959473 0.000000 2307.865967 0.000000 0.790993 0.000000 0.611825 0.374508 0.374508 0.374508
2057.400879 0.000000 1880.103516 0.000000 0.798589 0.000000 0.601876 0.363350 0.363350 0.363350
2185.203857 0.000000 1843.200806 0.000000 0.233948 0.000000 0.972249 0.224607 0.224607 0.224607
2208.032227 0.000000 2013.890991 0.000000 0.569302 0.000000 0.822129 0.300853 0.300853 0.300853
2271.825928 0.000000 2041.559937 0.000000 0.313206 0.000000 0.949685 0.237864 0.237864 0.237864
2244.458496 0.000000 2144.387939 0.000000 0.276072 0.000000 0.961137 0.266474 0.266474 0.266474
2263.836426 0.000000 2140.534668 0.000000 0.779819 0.000000 0.626005 0.378159 0.378159 0.378159
2310.215332 0.000000 2082.375244 0.000000 0.759299 0.000000 0.650742 0.363348 0.363348 0.363348
2318.875732 0.000000 2134.683838 0.000000 0.064286 0.000000 0.997932 0.223005 0.223005 0.223005
3874.015137 0.000000 2166.901855 0.000000 0.455569 0.000000 0.890200 0.285816 0.285816 0.285816
4311.293457 0.000000 1492.158569 0.000000 0.173840 0.000000 0.984774 0.240167 0.240167 0.240167
4923.211426 0.000000 1611.180664 0.000000 0.864718 0.000000 0.502257 0.398122 0.398122 0.398122
5361.519043 0.000000 1023.048401 0.000000 0.837682 0.000000 0.546158 0.385543 0.385543 0.385543
5757.507812 0.000000 1518.370483 0.000000 0.493991 0.000000 0.869467 0.307757 0.307757 0.307757
5760.254883 0.000000 1572.218994 0.000000 0.270157 0.000000 0.962816 0.277021 0.277021 0.277021
5754.807129 0.000000 1644.701416 0.000000 0.672924 0.000000 0.739712 0.350020 0.350020 0.350020
5752.473633 0.000000 1646.177612 0.000000 0.616129 0.000000 0.787645 0.356329 0.356329 0.356329
8044.662598 0.000000 671.908325 0.000000 0.787744 0.000000 0.616003 0.380955 0.380955 0.380955
8062.419434 0.000000 663.475403 0.000000 0.345198 0.000000 0.938530 0.271419 0.271419 0.271419
8045.386719 0.000000 676.035156 0.000000 0.863772 0.000000 0.503884 0.454642 0.454642 0.454642
8084.569336 0.000000 626.714600 0.000000 0.401217 0.000000 0.915983 0.250661 0.250661 0.250661
6525.248047 0.000000 1345.142700 0.000000 0.190900 0.000000 0.981609 0.211385 0.211385 0.211385
6634.009766 0.000000 1354.077271 0.000000 0.728905 0.000000 0.684614 0.363042 0.363042 0.363042
6757.432617 0.000000 1310.167725 0.000000 0.852800 0.000000 0.522238 0.382095 0.382095 0.382095
6842.511719 0.000000 1319.650635 0.000000 0.209612 0.000000 0.977785 0.240841 0.240841 0.240841
6949.432617 0.000000 1310.167725 0.000000 0.345835 0.000000 0.938295 0.262427 0.262427 0.262427
6377.204590 0.000000 1505.155151 0.000000 0.393311 0.000000 0.919406 0.284629 0.284629 0.284629
6395.000977 0.000000 1562.879150 0.000000 0.753705 0.000000 0.657213 0.386405 0.386405 0.386405
6512.918945 0.000000 1370.611206 0.000000 0.804706 0.000000 0.593674 0.389793 0.389793 0.389793
6505.064941 0.000000 1407.330566 0.000000 0.463292 0.000000 0.886206 0.313615 0.313615 0.313615
6490.979980 0.000000 1453.942139 0.000000 0.832731 0.000000 0.553677 0.378046 0.378046 0.378046
6511.722656 0.000000 1456.429077 0.000000 0.346535 0.000000 0.938037 0.296295 0.296295 0.296295
6520.315430 0.000000 1449.118408 0.000000 0.140512 0.000000 0.990079 0.266012 0.266012 0.266012
6512.647949 0.000000 1452.585083 0.000000 0.700917 0.000000 0.713243 0.369450 0.369450 0.369450
6498.735840 0.000000 1451.762451 0.000000 0.557095 0.000000 0.830448 0.336703 0.336703 0.336703
6519.060547 0.000000 1453.709106 0.000000 0.048982 0.000000 0.998800 0.250960 0.250960 0.250960
6525.611816 0.000000 1450.869019 0.000000 0.118886 0.000000 0.992908 0.242873 0.242873 0.242873
6481.722656 0.000000 1464.286743 0.000000 0.283410 0.000000 0.958999 0.286120 0.286120 0.286120
6493.422852 0.000000 1450.661255 0.000000 0.375599 0.000000 0.926782 0.292632 0.292632 0.292632
6634.673340 0.000000 1355.768921 0.000000 0.033091 0.000000 0.999452 0.220717 0.220717 0.220717
6640.205566 0.000000 1468.568115 0.000000 0.597986 0.000000 0.801506 0.326250 0.326250 0.326250
6613.208496 0.000000 1451.988647 0.000000 0.629217 0.000000 0.777230 0.340976 0.340976 0.340976
6639.917480 0.000000 1448.891357 0.000000 0.242150 0.000000 0.970239 0.282967 0.282967 0.282967
6625.099609 0.000000 1446.059082 0.000000 0.321172 0.000000 0.947021 0.284338 0.284338 0.284338
6418.127930 0.000000 1481.869751 0.000000 0.433841 0.000000 0.900989 0.280243 0.280243 0.280243
6444.062988 0.000000 1477.582886 0.000000 0.641493 0.000000 0.767129 0.345126 0.345126 0.345126
6461.524414 0.000000 1485.663452 0.000000 0.306834 0.000000 0.951763 0.252490 0.252490 0.252490
6444.376953 0.000000 1514.861450 0.000000 0.109008 0.000000 0.994041 0.258626 0.258626 0.258626
6458.462402 0.000000 1485.663818 0.000000 0.560716 0.000000 0.828008 0.337431 0.337431 0.337431
6509.943359 0.000000 1470.948730 0.000000 0.824058 0.000000 0.566506 0.402343 0.402343 0.402343
6500.575195 0.000000 1470.982788 0.000000 0.714796 0.000000 0.699333 0.373260 0.373260 0.373260
6458.544434 0.000000 1565.501221 0.000000 0.399289 0.000000 0.916825 0.291913 0.291913 0.291913
6440.832520 0.000000 1528.579224 0.000000 0.290793 0.000000 0.956786 0.294093 0.294093 0.294093
6426.122559 0.000000 1535.886475 0.000000 0.632544 0.000000 0.774525 0.357004 0.357004 0.357004
6607.671387 0.000000 1470.122803 0.000000 0.317280 0.000000 0.948332 0.301385 0.301385 0.301385
6591.510742 0.000000 1549.814819 0.000000 0.408500 0.000000 0.912758 0.335737 0.335737 0.335737
6633.563477 0.000000 1551.569092 0.000000 0.856150 0.000000 0.516727 0.400967 0.400967 0.400967
6639.722656 0.000000 1569.397827 0.000000 0.321103 0.000000 0.947044 0.297369 0.297369 0.297369
6611.007324 0.000000 1543.156494 0.000000 0.577006 0.000000 0.816740 0.364311 0.364311 0.364311
6286.007324 0.000000 1612.452759 0.000000 0.658384 0.000000 0.752683 0.317790 0.317790 0.317790
6384.205566 0.000000 1638.021240 0.000000 0.715546 0.000000 0.698566 0.339839 0.339839 0.339839
6387.213867 0.000000 1627.819702 0.000000 0.819106 0.000000 0.573642 0.410086 0.410086 0.410086
6362.987305 0.000000 1581.651245 0.000000 0.178143 0.000000 0.984005 0.281631 0.281631 0.281631
6354.579102 0.000000 1693.235718 0.000000 0.683732 0.000000 0.729733 0.419787 0.419787 0.419787
6337.451172 0.000000 1706.706909 0.000000 0.823101 0.000000 0.567895 0.366335 0.366335 0.366335
6336.098633 0.000000 1701.480225 0.000000 0.661890 0.000000 0.749601 0.324501 0.324501 0.324501
6365.530273 0.000000 1721.823608 0.000000 0.560932 0.000000 0.827862 0.426748 0.426748 0.426748
6665.063965 0.000000 1442.571411 0.000000 0.377376 0.000000 0.926060 0.304494 0.304494 0.304494
6810.364746 0.000000 1437.670654 0.000000 0.251869 0.000000 0.967761 0.252077 0.252077 0.252077
6868.089355 0.000000 1456.926270 0.000000 0.701055 0.000000 0.713107 0.367698 0.367698 0.367698
6755.991211 0.000000 1484.320190 0.000000 0.792224 0.000000 0.610230 0.391606 0.391606 0.391606
6659.510742 0.000000 1572.006104 0.000000 0.642536 0.000000 0.766255 0.407005 0.407005 0.407005
6778.544434 0.000000 1565.501221 0.000000 0.638329 0.000000 0.769764 0.393028 0.393028 0.393028
6781.292480 0.000000 1537.637085 0.000000 0.048673 0.000000 0.998815 0.274850 0.274850 0.274850
6774.173828 0.000000 1531.262329 0.000000 0.797803 0.000000 0.602919 0.399426 0.399426 0.399426
6860.112305 0.000000 1483.500488 0.000000 0.096449 0.000000 0.995338 0.255437 0.255437 0.255437
6785.451172 0.000000 1537.253784 0.000000 0.079831 0.000000 0.996808 0.220288 0.220288 0.220288
6852.948730 0.000000 1525.193237 0.000000 0.317717 0.000000 0.948185 0.298655 0.298655 0.298655
6973.212891 0.000000 1437.501099 0.000000 0.308065 0.000000 0.951365 0.284770 0.284770 0.284770
6985.604492 0.000000 1439.563721 0.000000 0.529226 0.000000 0.848481 0.327377 0.327377 0.327377
7055.272949 0.000000 1434.027954 0.000000 0.595627 0.000000 0.803261 0.308934 0.308934 0.308934
7130.979980 0.000000 1453.942139 0.000000 0.628906 0.000000 0.777482 0.336902 0.336902 0.336902
6930.283691 0.000000 1469.726440 0.000000 0.777119 0.000000 0.629354 0.387071 0.387071 0.387071
7018.009766 0.000000 1523.530396 0.000000 0.475293 0.000000 0.879827 0.307886 0.307886 0.307886
7001.237793 0.000000 1474.752686 0.000000 0.404795 0.000000 0.914407 0.272247 0.272247 0.272247
7014.535645 0.000000 1498.101807 0.000000 0.196733 0.000000 0.980457 0.283573 0.283573 0.283573
7021.311035 0.000000 1559.427979 0.000000 0.630959 0.000000 0.775816 0.368645 0.368645 0.368645
7072.032227 0.000000 1505.531616 0.000000 0.841015 0.000000 0.541012 0.407736 0.407736 0.407736
6741.934570 0.000000 1636.374512 0.000000 0.325191 0.000000 0.945648 0.429974 0.429974 0.429974
6758.893555 0.000000 1657.494263 0.000000 0.486579 0.000000 0.873637 0.307797 0.307797 0.307797
6761.128906 0.000000 1658.912598 0.000000 0.498683 0.000000 0.866784 0.474197 0.474197 0.474197
6793.063965 0.000000 1612.024536 0.000000 0.047920 0.000000 0.998851 0.210866 0.210866 0.210866
6784.098633 0.000000 1644.995850 0.000000 0.211367 0.000000 0.977407 0.241183 0.241183 0.241183
6784.042480 0.000000 1638.054199 0.000000 0.555454 0.000000 0.831547 0.337845 0.337845 0.337845
7741.248047 0.000000 1288.658325 0.000000 0.233363 0.000000 0.972390 0.219482 0.219482 0.219482
7764.569336 0.000000 1304.527100 0.000000 0.572526 0.000000 0.819886 0.300944 0.300944 0.300944
7447.836426 0.000000 1462.722290 0.000000 0.277580 0.000000 0.960703 0.270621 0.270621 0.270621
7226.028320 0.000000 1707.629883 0.000000 0.049314 0.000000 0.998783 0.257852 0.257852 0.257852
7277.747070 0.000000 1743.222778 0.000000 0.236550 0.000000 0.971619 0.456511 0.456511 0.456511
7424.009766 0.000000 1680.239380 0.000000 0.699081 0.000000 0.715042 0.440951 0.440951 0.440951
7554.575684 0.000000 1679.173950 0.000000 0.056324 0.000000 0.998413 0.317986 0.317986 0.317986
8031.758301 0.000000 1555.237793 0.000000 0.192008 0.000000 0.981393 0.241543 0.241543 0.241543
7702.478027 0.000000 1672.940186 0.000000 0.822917 0.000000 0.568161 0.375315 0.375315 0.375315
7700.984863 0.000000 1675.244873 0.000000 0.554959 0.000000 0.831877 0.373168 0.373168 0.373168
7861.519043 0.000000 1777.640991 0.000000 0.452290 0.000000 0.891871 0.407123 0.407123 0.407123
7891.771973 0.000000 1773.641113 0.000000 0.798120 0.000000 0.602499 0.391759 0.391759 0.391759
7992.315430 0.000000 1675.055908 0.000000 0.140954 0.000000 0.990016 0.263944 0.263944 0.263944
7936.009766 0.000000 1680.239380 0.000000 0.829089 0.000000 0.559117 0.406459 0.406459 0.406459
8004.763672 0.000000 1674.239136 0.000000 0.726562 0.000000 0.687101 0.374336 0.374336 0.374336
7968.032227 0.000000 1731.469116 0.000000 0.170859 0.000000 0.985295 0.285710 0.285710 0.285710
7965.237305 0.000000 1728.053467 0.000000 0.849419 0.000000 0.527720 0.414854 0.414854 0.414854
4790.173828 0.000000 1983.137329 0.000000 0.533846 0.000000 0.845581 0.298873 0.298873 0.298873
4828.431641 0.000000 2040.945312 0.000000 0.647743 0.000000 0.761859 0.345925 0.345925 0.345925
4841.064941 0.000000 2085.143066 0.000000 0.127793 0.000000 0.991801 0.252026 0.252026 0.252026
4847.537109 0.000000 2060.565918 0.000000 0.514871 0.000000 0.857268 0.318338 0.318338 0.318338
4818.817383 0.000000 2120.365723 0.000000 0.771705 0.000000 0.635981 0.387200 0.387200 0.387200
4800.514160 0.000000 2162.487061 0.000000 0.846366 0.000000 0.532601 0.412711 0.412711 0.412711
4794.504395 0.000000 2226.649414 0.000000 0.495296 0.000000 0.868724 0.362713 0.362713 0.362713
4794.637207 0.000000 2229.824219 0.000000 0.408983 0.000000 0.912542 0.344108 0.344108 0.344108
4804.032715 0.000000 2234.502197 0.000000 0.495825 0.000000 0.868423 0.279776 0.279776 0.279776
4814.875488 0.000000 2247.652588 0.000000 0.865252 0.000000 0.501338 0.417601 0.417601 0.417601
4299.959473 0.000000 2364.350342 0.000000 0.472344 0.000000 0.881414 0.308095 0.308095 0.308095
4328.763184 0.000000 2387.465820 0.000000 0.581988 0.000000 0.813197 0.404151 0.404151 0.404151
7392.426758 0.000000 1819.937866 0.000000 0.374783 0.000000 0.927113 0.301365 0.301365 0.301365
7398.889160 0.000000 1830.939575 0.000000 0.556957 0.000000 0.830541 0.480551 0.480551 0.480551
7416.550781 0.000000 1896.843506 0.000000 0.425376 0.000000 0.905017 0.281796 0.281796 0.281796
7410.318359 0.000000 1864.190308 0.000000 0.586494 0.000000 0.809954 0.323584 0.323584 0.323584
7418.028320 0.000000 1877.083008 0.000000 0.515597 0.000000 0.856831 0.436249 0.436249 0.436249
7420.013184 0.000000 1878.849121 0.000000 0.456582 0.000000 0.889681 0.323821 0.323821 0.323821
7310.873047 0.000000 2041.484619 0.000000 0.614583 0.000000 0.788852 0.328788 0.328788 0.328788
7314.127930 0.000000 2103.197998 0.000000 0.125326 0.000000 0.992116 0.284070 0.284070 0.284070
"}
object={
	name="palm_dense_generator_1_1"
	clamp_to_water_level=no
	render_under_water=no
	generated_content=yes
	layer="semidynamic"
	pdxmesh="tree_palm_02_mesh"
	count=150
	transform="836.458557 0.000000 845.247192 0.000000 0.996209 0.000000 0.086989 0.481767 0.481767 0.481767
843.959473 0.000000 839.272095 0.000000 0.982353 0.000000 0.187036 0.460474 0.460474 0.460474
826.807129 0.000000 853.920166 0.000000 0.955077 0.000000 -0.296357 0.562759 0.562759 0.562759
1178.979858 0.000000 663.160950 0.000000 0.894231 0.000000 0.447606 0.409802 0.409802 0.409802
2311.671631 0.000000 1719.387817 0.000000 0.977283 0.000000 -0.211937 0.545665 0.545665 0.545665
3738.364746 0.000000 1776.576904 0.000000 0.999965 0.000000 0.008409 0.498322 0.498322 0.498322
462.875732 0.000000 2021.715210 0.000000 0.932525 0.000000 -0.361106 0.906469 0.906469 0.906469
546.932556 0.000000 1974.545654 0.000000 0.994757 0.000000 0.102267 0.484386 0.484386 0.484386
553.065125 0.000000 1972.174316 0.000000 0.917534 0.000000 -0.397657 0.564782 0.564782 0.564782
558.782471 0.000000 1962.532837 0.000000 0.960156 0.000000 -0.279464 0.815484 0.815484 0.815484
561.315125 0.000000 1963.166992 0.000000 0.952043 0.000000 0.305966 0.665183 0.665183 0.665183
561.424500 0.000000 1958.885254 0.000000 0.879562 0.000000 -0.475784 0.701389 0.701389 0.701389
552.567444 0.000000 1955.152100 0.000000 0.999845 0.000000 0.017593 0.756950 0.756950 0.756950
1470.624390 0.000000 2211.710693 0.000000 0.895055 0.000000 -0.445956 0.580838 0.580838 0.580838
1467.100830 0.000000 2212.983398 0.000000 0.975910 0.000000 -0.218174 0.536652 0.536652 0.536652
1585.272949 0.000000 2067.062500 0.000000 0.978449 0.000000 -0.206486 0.544940 0.544940 0.544940
1559.836548 0.000000 2197.019043 0.000000 0.998821 0.000000 -0.048548 0.508275 0.508275 0.508275
1355.442871 0.000000 2333.667969 0.000000 0.982500 0.000000 0.186262 0.491682 0.491682 0.491682
2170.544434 0.000000 1847.923096 0.000000 0.961208 0.000000 -0.275824 0.559126 0.559126 0.559126
2173.292725 0.000000 1820.058960 0.000000 0.950623 0.000000 0.310347 0.436306 0.436306 0.436306
2062.873047 0.000000 1872.031494 0.000000 0.936049 0.000000 -0.351869 0.575540 0.575540 0.575540
2138.122314 0.000000 1874.792725 0.000000 0.945923 0.000000 0.324391 0.430347 0.430347 0.430347
2207.825928 0.000000 2041.559937 0.000000 0.987187 0.000000 0.159565 0.467654 0.467654 0.467654
2231.060791 0.000000 2131.521484 0.000000 0.992573 0.000000 0.121652 0.477576 0.477576 0.477576
4825.621582 0.000000 1459.984253 0.000000 0.960123 0.000000 -0.279578 0.559316 0.559316 0.559316
5406.530273 0.000000 1040.178833 0.000000 0.951979 0.000000 0.306162 0.436728 0.436728 0.436728
5757.248047 0.000000 1514.595825 0.000000 0.910061 0.000000 0.414474 0.421740 0.421740 0.421740
5754.305176 0.000000 1512.575195 0.000000 0.908606 0.000000 -0.417653 0.578900 0.578900 0.578900
5752.550781 0.000000 1557.937256 0.000000 0.964608 0.000000 -0.263687 0.546866 0.546866 0.546866
5746.842773 0.000000 1599.432495 0.000000 0.907411 0.000000 0.420245 0.427399 0.427399 0.427399
5757.512207 0.000000 1638.072998 0.000000 0.913055 0.000000 0.407836 0.419927 0.419927 0.419927
5749.428223 0.000000 1655.888062 0.000000 0.886480 0.000000 0.462766 0.424509 0.424509 0.424509
5760.514160 0.000000 1597.643311 0.000000 0.966941 0.000000 -0.255000 0.543162 0.543162 0.543162
8035.991211 0.000000 693.539001 0.000000 0.998036 0.000000 -0.062644 0.510399 0.510399 0.510399
6628.620605 0.000000 1345.849121 0.000000 0.884368 0.000000 -0.466791 0.588935 0.588935 0.588935
6802.127930 0.000000 1312.416626 0.000000 0.999358 0.000000 -0.035836 0.506940 0.506940 0.506940
6946.900879 0.000000 1299.205322 0.000000 0.952241 0.000000 -0.305347 0.561471 0.561471 0.561471
6374.230957 0.000000 1507.122803 0.000000 0.956651 0.000000 -0.291236 0.550132 0.550132 0.550132
6381.434082 0.000000 1498.322998 0.000000 0.916953 0.000000 -0.398994 0.570239 0.570239 0.570239
6369.210449 0.000000 1569.951416 0.000000 0.984073 0.000000 0.177767 0.464462 0.464462 0.464462
6519.638184 0.000000 1371.368408 0.000000 0.963255 0.000000 -0.268590 0.551629 0.551629 0.551629
6522.544434 0.000000 1452.532471 0.000000 0.948140 0.000000 0.317852 0.435437 0.435437 0.435437
6505.563477 0.000000 1438.600342 0.000000 0.927249 0.000000 -0.374445 0.564245 0.564245 0.564245
6501.432617 0.000000 1423.136475 0.000000 0.933888 0.000000 0.357565 0.433040 0.433040 0.433040
6508.662598 0.000000 1462.689575 0.000000 0.911509 0.000000 0.411280 0.430636 0.430636 0.430636
6498.932617 0.000000 1466.186279 0.000000 0.874064 0.000000 0.485812 0.416602 0.416602 0.416602
6495.334473 0.000000 1453.094849 0.000000 0.979672 0.000000 -0.200608 0.533659 0.533659 0.533659
6540.112305 0.000000 1370.531738 0.000000 0.899823 0.000000 -0.436255 0.577934 0.577934 0.577934
6637.311035 0.000000 1446.459229 0.000000 0.907816 0.000000 0.419368 0.421402 0.421402 0.421402
6610.230469 0.000000 1450.144897 0.000000 0.960200 0.000000 -0.279314 0.546114 0.546114 0.546114
6448.580566 0.000000 1499.034546 0.000000 0.996983 0.000000 0.077619 0.487169 0.487169 0.487169
6500.045898 0.000000 1473.868652 0.000000 0.918395 0.000000 -0.395664 0.566266 0.566266 0.566266
6502.686523 0.000000 1468.899536 0.000000 0.993157 0.000000 -0.116785 0.519155 0.519155 0.519155
6431.826172 0.000000 1533.200562 0.000000 0.999970 0.000000 -0.007776 0.501418 0.501418 0.501418
6467.837402 0.000000 1548.640259 0.000000 0.996496 0.000000 -0.083645 0.514645 0.514645 0.514645
6592.936035 0.000000 1491.203247 0.000000 0.995314 0.000000 0.096693 0.485022 0.485022 0.485022
6589.524414 0.000000 1542.147827 0.000000 0.895666 0.000000 -0.444727 0.568862 0.568862 0.568862
6586.462402 0.000000 1542.148193 0.000000 0.986537 0.000000 -0.163541 0.534079 0.534079 0.534079
6636.412598 0.000000 1567.351807 0.000000 0.998857 0.000000 -0.047792 0.508612 0.508612 0.508612
6608.186523 0.000000 1544.229370 0.000000 0.907092 0.000000 0.420932 0.445604 0.445604 0.445604
6330.637207 0.000000 1608.496216 0.000000 0.898153 0.000000 0.439683 0.429591 0.429591 0.429591
6379.596680 0.000000 1686.588379 0.000000 0.875083 0.000000 0.483972 0.476584 0.476584 0.476584
6338.500488 0.000000 1714.275269 0.000000 0.999179 0.000000 0.040521 0.492912 0.492912 0.492912
6362.364746 0.000000 1720.092529 0.000000 0.988763 0.000000 0.149490 0.474770 0.474770 0.474770
6342.057129 0.000000 1739.468994 0.000000 0.973073 0.000000 -0.230497 0.614605 0.614605 0.614605
6363.932617 0.000000 1771.285278 0.000000 0.961164 0.000000 -0.275978 0.671995 0.671995 0.671995
6449.272949 0.000000 1615.187378 0.000000 0.991360 0.000000 0.131166 0.473842 0.473842 0.473842
6404.047852 0.000000 1589.912598 0.000000 0.911018 0.000000 -0.412367 0.577518 0.577518 0.577518
6444.412598 0.000000 1623.836182 0.000000 0.964721 0.000000 0.263274 0.451214 0.451214 0.451214
6403.837402 0.000000 1661.609009 0.000000 0.949214 0.000000 0.314633 0.438512 0.438512 0.438512
6404.755371 0.000000 1665.919556 0.000000 0.866409 0.000000 -0.499336 0.586344 0.586344 0.586344
6704.205566 0.000000 1468.568115 0.000000 0.880290 0.000000 -0.474436 0.606441 0.606441 0.606441
6682.074219 0.000000 1442.625854 0.000000 0.913324 0.000000 -0.407234 0.581203 0.581203 0.581203
6678.628418 0.000000 1442.136597 0.000000 0.997616 0.000000 0.069008 0.488594 0.488594 0.488594
6715.100586 0.000000 1422.202148 0.000000 0.996919 0.000000 0.078435 0.486269 0.486269 0.486269
6684.947754 0.000000 1442.181152 0.000000 0.998695 0.000000 0.051062 0.491564 0.491564 0.491564
6822.230957 0.000000 1394.154053 0.000000 0.966801 0.000000 0.255530 0.454617 0.454617 0.454617
6873.505859 0.000000 1409.396729 0.000000 0.992160 0.000000 -0.124975 0.522101 0.522101 0.522101
6878.530273 0.000000 1435.569458 0.000000 0.901796 0.000000 -0.432163 0.576480 0.576480 0.576480
6877.237305 0.000000 1445.631592 0.000000 0.999763 0.000000 0.021791 0.495846 0.495846 0.495846
6883.104004 0.000000 1420.651489 0.000000 0.971397 0.000000 0.237461 0.458251 0.458251 0.458251
6710.816895 0.000000 1469.844482 0.000000 0.995387 0.000000 -0.095939 0.520186 0.520186 0.520186
6719.586426 0.000000 1522.028320 0.000000 0.990600 0.000000 -0.136791 0.520503 0.520503 0.520503
6705.394043 0.000000 1493.923462 0.000000 0.981325 0.000000 0.192356 0.469918 0.469918 0.469918
6764.760254 0.000000 1507.098877 0.000000 0.999964 0.000000 -0.008519 0.501292 0.501292 0.501292
6656.254883 0.000000 1572.218994 0.000000 0.875523 0.000000 0.483176 0.462845 0.462845 0.462845
6664.908691 0.000000 1570.978149 0.000000 0.973017 0.000000 0.230733 0.499187 0.499187 0.499187
6670.650879 0.000000 1575.418945 0.000000 0.956092 0.000000 -0.293068 0.584261 0.584261 0.584261
6657.118652 0.000000 1569.808228 0.000000 0.994754 0.000000 -0.102294 0.549774 0.549774 0.549774
6775.107910 0.000000 1570.279419 0.000000 0.962422 0.000000 -0.271558 0.557364 0.557364 0.557364
6770.318359 0.000000 1525.284058 0.000000 0.912020 0.000000 0.410146 0.420078 0.420078 0.420078
6820.575195 0.000000 1470.982788 0.000000 0.998860 0.000000 0.047735 0.492257 0.492257 0.492257
6896.205566 0.000000 1525.052490 0.000000 0.943581 0.000000 -0.331143 0.564334 0.564334 0.564334
6798.873047 0.000000 1533.125244 0.000000 0.962138 0.000000 -0.272563 0.541248 0.541248 0.541248
6785.451660 0.000000 1534.470581 0.000000 0.957700 0.000000 0.287769 0.456823 0.456823 0.456823
7025.272949 0.000000 1445.734253 0.000000 0.976700 0.000000 -0.214609 0.536368 0.536368 0.536368
7153.519043 0.000000 1361.954590 0.000000 0.867682 0.000000 0.497120 0.388750 0.388750 0.388750
6932.994629 0.000000 1471.146484 0.000000 0.998869 0.000000 0.047540 0.492146 0.492146 0.492146
7002.122559 0.000000 1479.402100 0.000000 0.954217 0.000000 0.299114 0.444147 0.444147 0.444147
6932.569336 0.000000 1530.464600 0.000000 0.997711 0.000000 0.067616 0.489585 0.489585 0.489585
6714.544434 0.000000 1621.985596 0.000000 0.973035 0.000000 0.230657 0.451974 0.451974 0.451974
6691.991211 0.000000 1597.288940 0.000000 0.997104 0.000000 0.076048 0.556859 0.556859 0.556859
6688.426758 0.000000 1594.000366 0.000000 0.991885 0.000000 -0.127134 0.588335 0.588335 0.588335
6685.958984 0.000000 1591.762817 0.000000 0.933889 0.000000 -0.357563 0.620076 0.620076 0.620076
6715.000977 0.000000 1619.363525 0.000000 0.893490 0.000000 0.449084 0.427271 0.427271 0.427271
6731.959473 0.000000 1630.053345 0.000000 0.916848 0.000000 -0.399237 0.682811 0.682811 0.682811
6779.981445 0.000000 1636.781738 0.000000 0.894731 0.000000 0.446605 0.539444 0.539444 0.539444
6777.384766 0.000000 1637.814209 0.000000 0.962780 0.000000 0.270285 0.457876 0.457876 0.457876
6770.842773 0.000000 1655.916870 0.000000 0.999918 0.000000 0.012805 0.497511 0.497511 0.497511
6782.270020 0.000000 1642.478271 0.000000 0.992692 0.000000 0.120675 0.477214 0.477214 0.477214
6762.288574 0.000000 1661.194702 0.000000 0.999377 0.000000 -0.035304 0.652723 0.652723 0.652723
6791.914551 0.000000 1639.883789 0.000000 0.994993 0.000000 0.099940 0.592029 0.592029 0.592029
6784.090332 0.000000 1641.342529 0.000000 0.894688 0.000000 -0.446691 0.575433 0.575433 0.575433
8142.007324 0.000000 1104.093384 0.000000 0.891031 0.000000 -0.453942 0.600753 0.600753 0.600753
7744.254883 0.000000 1289.797119 0.000000 0.872848 0.000000 -0.487991 0.607098 0.607098 0.607098
7750.215332 0.000000 1291.593872 0.000000 0.978427 0.000000 0.206592 0.456595 0.456595 0.456595
7759.272949 0.000000 1321.059204 0.000000 0.986689 0.000000 0.162617 0.466663 0.466663 0.466663
8173.516602 0.000000 1313.873901 0.000000 0.992068 0.000000 0.125702 0.472295 0.472295 0.472295
7497.063965 0.000000 1668.508911 0.000000 0.967776 0.000000 -0.251811 0.547758 0.547758 0.547758
7550.994629 0.000000 1685.670654 0.000000 0.994480 0.000000 -0.104930 0.574971 0.574971 0.574971
7552.254883 0.000000 1685.187744 0.000000 0.976335 0.000000 -0.216265 0.592307 0.592307 0.592307
7521.641602 0.000000 1712.609863 0.000000 0.911747 0.000000 0.410753 0.475112 0.475112 0.475112
7890.817383 0.000000 1499.037598 0.000000 0.997414 0.000000 -0.071873 0.514250 0.514250 0.514250
8101.432617 0.000000 1479.620850 0.000000 0.899334 0.000000 -0.437262 0.593718 0.593718 0.593718
7934.419434 0.000000 1680.194214 0.000000 0.992019 0.000000 0.126088 0.480163 0.480163 0.480163
7866.637207 0.000000 1721.464966 0.000000 0.995602 0.000000 0.093687 0.484716 0.484716 0.484716
7895.890625 0.000000 1770.073364 0.000000 0.997399 0.000000 -0.072082 0.513860 0.513860 0.513860
7893.235840 0.000000 1770.876709 0.000000 0.884909 0.000000 0.465763 0.475108 0.475108 0.475108
7890.128418 0.000000 1771.777222 0.000000 0.990979 0.000000 0.134014 0.480016 0.480016 0.480016
8028.793945 0.000000 1584.404297 0.000000 0.995353 0.000000 0.096298 0.479521 0.479521 0.479521
7954.127930 0.000000 1651.322876 0.000000 0.931069 0.000000 0.364842 0.438603 0.438603 0.438603
7951.272949 0.000000 1659.965454 0.000000 0.996390 0.000000 0.084892 0.482335 0.482335 0.482335
7988.365234 0.000000 1677.313110 0.000000 0.999659 0.000000 -0.026108 0.504293 0.504293 0.504293
7984.647949 0.000000 1678.522583 0.000000 0.940093 0.000000 0.340917 0.441765 0.441765 0.441765
7947.941895 0.000000 1736.335327 0.000000 0.869241 0.000000 0.494389 0.422344 0.422344 0.422344
4831.826172 0.000000 2041.559937 0.000000 0.992113 0.000000 -0.125347 0.522355 0.522355 0.522355
4804.458496 0.000000 2200.872314 0.000000 0.936481 0.000000 0.350718 0.425524 0.425524 0.425524
4787.634277 0.000000 2245.618408 0.000000 0.971048 0.000000 0.238885 0.460164 0.460164 0.460164
4800.894531 0.000000 2233.190674 0.000000 0.876488 0.000000 0.481425 0.412160 0.412160 0.412160
4806.724121 0.000000 2236.398193 0.000000 0.904493 0.000000 0.426488 0.430535 0.430535 0.430535
4819.991699 0.000000 2236.118164 0.000000 0.984464 0.000000 -0.175588 0.529017 0.529017 0.529017
4286.419434 0.000000 2301.522217 0.000000 0.997037 0.000000 0.076925 0.486130 0.486130 0.486130
4262.889160 0.000000 2395.783447 0.000000 0.999851 0.000000 -0.017264 0.502825 0.502825 0.502825
4346.511719 0.000000 2392.853760 0.000000 0.999551 0.000000 -0.029952 0.505441 0.505441 0.505441
4288.514160 0.000000 2388.424561 0.000000 0.997430 0.000000 -0.071646 0.535242 0.535242 0.535242
4300.112305 0.000000 2387.250488 0.000000 0.971399 0.000000 -0.237453 0.536181 0.536181 0.536181
5248.156738 0.000000 2088.337646 0.000000 0.953083 0.000000 0.302710 0.443453 0.443453 0.443453
7416.473633 0.000000 1872.115112 0.000000 0.890619 0.000000 -0.454751 0.727802 0.727802 0.727802
7316.968750 0.000000 2085.562500 0.000000 0.882679 0.000000 0.469976 0.403443 0.403443 0.403443
7887.870117 0.000000 1957.291626 0.000000 0.942584 0.000000 0.333968 0.554052 0.554052 0.554052
"}
object={
	name="palm_dense_generator_1_2"
	clamp_to_water_level=no
	render_under_water=no
	generated_content=yes
	layer="semidynamic"
	pdxmesh="tree_palm_03_mesh"
	count=130
	transform="946.842590 0.000000 752.166809 0.000000 0.676204 0.000000 -0.736715 0.670890 0.670890 0.670890
888.065735 0.000000 816.143860 0.000000 0.428158 0.000000 -0.903704 0.739583 0.739583 0.739583
879.722534 0.000000 835.100891 0.000000 0.426964 0.000000 -0.904269 0.744094 0.744094 0.744094
802.900940 0.000000 847.330322 0.000000 0.157019 0.000000 -0.987596 0.798992 0.798992 0.798992
897.319092 0.000000 829.669678 0.000000 0.240006 0.000000 -0.970771 0.785051 0.785051 0.785051
137.400864 0.000000 1089.322266 0.000000 0.664965 0.000000 -0.746875 0.682859 0.682859 0.682859
2168.551025 0.000000 1783.874756 0.000000 0.760662 0.000000 -0.649148 0.639951 0.639951 0.639951
458.235718 0.000000 2020.637329 0.000000 0.168299 0.000000 -0.985736 0.710488 0.710488 0.710488
497.909119 0.000000 2008.794434 0.000000 0.790871 0.000000 -0.611983 0.933446 0.933446 0.933446
559.722534 0.000000 1964.788452 0.000000 0.851254 0.000000 -0.524753 0.859085 0.859085 0.859085
553.204712 0.000000 1957.030151 0.000000 0.171050 0.000000 -0.985262 0.726833 0.726833 0.726833
1497.917236 0.000000 2191.172363 0.000000 0.232939 0.000000 -0.972491 0.729589 0.729589 0.729589
2017.210327 0.000000 1852.373291 0.000000 0.683081 0.000000 -0.730343 0.670182 0.670182 0.670182
1581.311035 0.000000 2067.787354 0.000000 0.040905 0.000000 -0.999163 0.795050 0.795050 0.795050
1363.007568 0.000000 2333.937744 0.000000 0.829311 0.000000 -0.558787 0.591258 0.591258 0.591258
1368.795410 0.000000 2343.771484 0.000000 0.378577 0.000000 -0.925570 0.699721 0.699721 0.699721
2170.807129 0.000000 1814.154541 0.000000 0.611693 0.000000 -0.791095 0.682837 0.682837 0.682837
2170.511719 0.000000 1828.010010 0.000000 0.817540 0.000000 -0.575872 0.624786 0.624786 0.624786
2185.400879 0.000000 1823.619141 0.000000 0.049227 0.000000 -0.998788 0.808258 0.808258 0.808258
2517.705078 0.000000 1947.336426 0.000000 0.500868 0.000000 -0.865524 0.729192 0.729192 0.729192
2315.959473 0.000000 2081.928467 0.000000 0.229720 0.000000 -0.973257 0.759241 0.759241 0.759241
2332.793701 0.000000 2092.763672 0.000000 0.722216 0.000000 -0.691668 0.646732 0.646732 0.646732
2316.978516 0.000000 2090.657959 0.000000 0.586921 0.000000 -0.809645 0.705998 0.705998 0.705998
2336.032227 0.000000 2126.859863 0.000000 0.761892 0.000000 -0.647705 0.631660 0.631660 0.631660
2659.991211 0.000000 2275.101562 0.000000 0.057620 0.000000 -0.998339 0.785023 0.785023 0.785023
3908.957520 0.000000 2299.222168 0.000000 0.390399 0.000000 -0.920646 0.697558 0.697558 0.697558
4041.604492 0.000000 2343.313721 0.000000 0.823604 0.000000 -0.567165 0.601400 0.601400 0.601400
4328.832520 0.000000 1585.063599 0.000000 0.758202 0.000000 -0.652020 0.643892 0.643892 0.643892
5751.107910 0.000000 1570.279419 0.000000 0.453814 0.000000 -0.891096 0.689858 0.689858 0.689858
5760.254883 0.000000 1515.734619 0.000000 0.853636 0.000000 -0.520871 0.599917 0.599917 0.599917
5763.510742 0.000000 1572.006104 0.000000 0.151263 0.000000 -0.988494 0.743900 0.743900 0.743900
5752.065918 0.000000 1663.409424 0.000000 0.004651 0.000000 -0.999989 0.743395 0.743395 0.743395
5755.100586 0.000000 1648.139648 0.000000 0.699216 0.000000 -0.714911 0.626170 0.626170 0.626170
6548.089355 0.000000 1343.957520 0.000000 0.159673 0.000000 -0.987170 0.750887 0.750887 0.750887
6795.929688 0.000000 1311.146484 0.000000 0.591076 0.000000 -0.806616 0.674654 0.674654 0.674654
6387.759277 0.000000 1499.958618 0.000000 0.517600 0.000000 -0.855623 0.674948 0.674948 0.674948
6351.197266 0.000000 1480.226562 0.000000 0.719871 0.000000 -0.694108 0.634742 0.634742 0.634742
6327.107910 0.000000 1570.279419 0.000000 0.717763 0.000000 -0.696288 0.647388 0.647388 0.647388
6337.318848 0.000000 1563.966553 0.000000 0.711885 0.000000 -0.702296 0.668824 0.668824 0.668824
6354.127930 0.000000 1538.354126 0.000000 0.034502 0.000000 -0.999405 0.753713 0.753713 0.753713
6392.315430 0.000000 1562.087158 0.000000 0.042598 0.000000 -0.999092 0.742074 0.742074 0.742074
6366.953613 0.000000 1581.330688 0.000000 0.467122 0.000000 -0.884193 0.683207 0.683207 0.683207
6504.832520 0.000000 1359.126099 0.000000 0.837566 0.000000 -0.546337 0.617530 0.617530 0.617530
6505.260742 0.000000 1399.847168 0.000000 0.757772 0.000000 -0.652519 0.622195 0.622195 0.622195
6502.535645 0.000000 1385.133057 0.000000 0.338204 0.000000 -0.941073 0.712534 0.712534 0.712534
6475.406250 0.000000 1388.695801 0.000000 0.398832 0.000000 -0.917024 0.706438 0.706438 0.706438
6481.260254 0.000000 1438.566528 0.000000 0.543256 0.000000 -0.839567 0.688449 0.688449 0.688449
6505.967773 0.000000 1441.927246 0.000000 0.437906 0.000000 -0.899021 0.686230 0.686230 0.686230
6505.676758 0.000000 1430.176392 0.000000 0.577795 0.000000 -0.816182 0.660538 0.660538 0.660538
6563.104004 0.000000 1364.167114 0.000000 0.742173 0.000000 -0.670209 0.629000 0.629000 0.629000
6630.686523 0.000000 1355.930786 0.000000 0.384819 0.000000 -0.922992 0.713551 0.713551 0.713551
6650.544434 0.000000 1452.532471 0.000000 0.133922 0.000000 -0.990992 0.764125 0.764125 0.764125
6633.204590 0.000000 1448.670776 0.000000 0.850102 0.000000 -0.526619 0.590763 0.590763 0.590763
6432.426758 0.000000 1481.031616 0.000000 0.632040 0.000000 -0.774936 0.650405 0.650405 0.650405
6450.798340 0.000000 1505.274902 0.000000 0.692498 0.000000 -0.721420 0.632480 0.632480 0.632480
6432.032227 0.000000 1562.015991 0.000000 0.125915 0.000000 -0.992041 0.725579 0.725579 0.725579
6428.431641 0.000000 1532.585938 0.000000 0.224349 0.000000 -0.974509 0.717008 0.717008 0.717008
6429.958984 0.000000 1535.278442 0.000000 0.264608 0.000000 -0.964356 0.710306 0.710306 0.710306
6593.017578 0.000000 1495.286865 0.000000 0.275123 0.000000 -0.961409 0.742414 0.742414 0.742414
6598.424805 0.000000 1488.953857 0.000000 0.857370 0.000000 -0.514700 0.584024 0.584024 0.584024
6609.664551 0.000000 1475.249756 0.000000 0.028362 0.000000 -0.999598 0.752417 0.752417 0.752417
6586.511719 0.000000 1545.588135 0.000000 0.841239 0.000000 -0.540663 0.586635 0.586635 0.586635
6589.032715 0.000000 1547.266235 0.000000 0.230060 0.000000 -0.973176 0.706036 0.706036 0.706036
6612.094727 0.000000 1540.479004 0.000000 0.281871 0.000000 -0.959452 0.693936 0.693936 0.693936
6305.210449 0.000000 1626.435791 0.000000 0.777117 0.000000 -0.629356 0.605792 0.605792 0.605792
6301.392090 0.000000 1626.235962 0.000000 0.357910 0.000000 -0.933756 0.688135 0.688135 0.688135
6297.283691 0.000000 1603.180298 0.000000 0.606887 0.000000 -0.794788 0.646897 0.646897 0.646897
6356.569336 0.000000 1586.948975 0.000000 0.488977 0.000000 -0.872297 0.696469 0.696469 0.696469
6384.023926 0.000000 1634.097534 0.000000 0.036392 0.000000 -0.999338 0.730614 0.730614 0.730614
6361.661133 0.000000 1584.628662 0.000000 0.235373 0.000000 -0.971905 0.708190 0.708190 0.708190
6356.994629 0.000000 1584.115234 0.000000 0.778167 0.000000 -0.628057 0.606040 0.606040 0.606040
6356.968750 0.000000 1690.171997 0.000000 0.807612 0.000000 -0.589714 0.633918 0.633918 0.633918
6363.131348 0.000000 1767.136841 0.000000 0.828091 0.000000 -0.560594 0.617445 0.617445 0.617445
6356.094727 0.000000 1766.416504 0.000000 0.737686 0.000000 -0.675144 0.620180 0.620180 0.620180
6362.245605 0.000000 1769.527466 0.000000 0.382584 0.000000 -0.923921 0.815150 0.815150 0.815150
6701.434082 0.000000 1441.838623 0.000000 0.036894 0.000000 -0.999319 0.772848 0.772848 0.772848
6710.864258 0.000000 1467.108032 0.000000 0.718797 0.000000 -0.695220 0.626952 0.626952 0.626952
6690.857422 0.000000 1441.238281 0.000000 0.025259 0.000000 -0.999681 0.777233 0.777233 0.777233
6742.937012 0.000000 1426.536743 0.000000 0.715476 0.000000 -0.698637 0.628898 0.628898 0.628898
6822.535645 0.000000 1385.133057 0.000000 0.175523 0.000000 -0.984475 0.746983 0.746983 0.746983
6810.074219 0.000000 1442.625854 0.000000 0.633078 0.000000 -0.774088 0.647526 0.647526 0.647526
6835.863281 0.000000 1436.482056 0.000000 0.560470 0.000000 -0.828174 0.664811 0.664811 0.664811
6851.505371 0.000000 1455.535522 0.000000 0.359170 0.000000 -0.933272 0.700543 0.700543 0.700543
6769.272949 0.000000 1502.218628 0.000000 0.797498 0.000000 -0.603322 0.598713 0.598713 0.598713
6758.893555 0.000000 1488.041138 0.000000 0.558076 0.000000 -0.829790 0.651372 0.651372 0.651372
6758.889160 0.000000 1492.033325 0.000000 0.689475 0.000000 -0.724309 0.624674 0.624674 0.624674
6767.917480 0.000000 1505.375732 0.000000 0.324136 0.000000 -0.946010 0.701180 0.701180 0.701180
6724.384766 0.000000 1519.366455 0.000000 0.116061 0.000000 -0.993242 0.718414 0.718414 0.718414
6764.662598 0.000000 1575.658325 0.000000 0.669167 0.000000 -0.743112 0.670343 0.670343 0.670343
6771.402344 0.000000 1579.045410 0.000000 0.088155 0.000000 -0.996107 0.769472 0.769472 0.769472
6783.510742 0.000000 1549.814819 0.000000 0.420785 0.000000 -0.907160 0.672081 0.672081 0.672081
6816.426758 0.000000 1481.031616 0.000000 0.421004 0.000000 -0.907059 0.681690 0.681690 0.681690
6819.200195 0.000000 1481.390747 0.000000 0.204777 0.000000 -0.978809 0.718199 0.718199 0.718199
6795.486816 0.000000 1533.637695 0.000000 0.565639 0.000000 -0.824653 0.644874 0.644874 0.644874
7039.487305 0.000000 1442.337036 0.000000 0.131191 0.000000 -0.991357 0.744151 0.744151 0.744151
6989.099609 0.000000 1431.885986 0.000000 0.681387 0.000000 -0.731923 0.640529 0.640529 0.640529
6712.550781 0.000000 1614.421631 0.000000 0.271798 0.000000 -0.962354 0.738211 0.738211 0.738211
6701.375000 0.000000 1606.484131 0.000000 0.838294 0.000000 -0.545218 0.593072 0.593072 0.593072
6717.611816 0.000000 1620.322144 0.000000 0.047473 0.000000 -0.998873 0.843017 0.843017 0.843017
6707.759277 0.000000 1612.927368 0.000000 0.827860 0.000000 -0.560935 0.592549 0.592549 0.592549
6714.631836 0.000000 1616.698975 0.000000 0.127671 0.000000 -0.991817 0.738270 0.738270 0.738270
6783.487305 0.000000 1611.790161 0.000000 0.682142 0.000000 -0.731219 0.667992 0.667992 0.667992
6774.864258 0.000000 1636.561157 0.000000 0.627058 0.000000 -0.778973 0.636110 0.636110 0.636110
6754.015137 0.000000 1658.542358 0.000000 0.137298 0.000000 -0.990530 0.790172 0.790172 0.790172
6756.029297 0.000000 1656.599609 0.000000 0.187992 0.000000 -0.982171 0.708149 0.708149 0.708149
6753.412109 0.000000 1653.004028 0.000000 0.324602 0.000000 -0.945851 0.771318 0.771318 0.771318
6740.805176 0.000000 1638.114380 0.000000 0.770170 0.000000 -0.637839 0.737643 0.737643 0.737643
6753.641602 0.000000 1656.125488 0.000000 0.312350 0.000000 -0.949967 0.848074 0.848074 0.848074
6750.816895 0.000000 1652.484619 0.000000 0.738508 0.000000 -0.674245 0.760664 0.760664 0.760664
6805.502930 0.000000 1629.881714 0.000000 0.098548 0.000000 -0.995132 0.823985 0.823985 0.823985
7853.516602 0.000000 1031.452026 0.000000 0.761372 0.000000 -0.648315 0.647659 0.647659 0.647659
7209.260742 0.000000 1456.331543 0.000000 0.605562 0.000000 -0.795798 0.663017 0.663017 0.663017
7223.531250 0.000000 1705.134888 0.000000 0.454931 0.000000 -0.890527 0.807681 0.807681 0.807681
7555.510742 0.000000 1684.974854 0.000000 0.794071 0.000000 -0.607825 0.659176 0.659176 0.659176
7553.451172 0.000000 1706.706909 0.000000 0.536666 0.000000 -0.843795 0.739978 0.739978 0.739978
7903.758301 0.000000 1724.690918 0.000000 0.497187 0.000000 -0.867643 0.657742 0.657742 0.657742
7906.857422 0.000000 1723.660156 0.000000 0.344305 0.000000 -0.938858 0.680359 0.680359 0.680359
7913.128906 0.000000 1715.396973 0.000000 0.225528 0.000000 -0.974237 0.700715 0.700715 0.700715
7954.190430 0.000000 1647.569092 0.000000 0.207959 0.000000 -0.978138 0.723796 0.723796 0.723796
7991.638184 0.000000 1710.274658 0.000000 0.580752 0.000000 -0.814081 0.694834 0.694834 0.694834
7962.709961 0.000000 1731.571167 0.000000 0.756537 0.000000 -0.653951 0.627325 0.627325 0.627325
7990.173828 0.000000 1700.715454 0.000000 0.180183 0.000000 -0.983633 0.723247 0.723247 0.723247
4801.318848 0.000000 2185.294678 0.000000 0.456987 0.000000 -0.889473 0.707305 0.707305 0.707305
4799.487305 0.000000 2233.118408 0.000000 0.140636 0.000000 -0.990061 0.738494 0.738494 0.738494
4814.007324 0.000000 2233.780762 0.000000 0.617831 0.000000 -0.786311 0.692798 0.692798 0.692798
4817.256836 0.000000 2237.605469 0.000000 0.763737 0.000000 -0.645528 0.617462 0.617462 0.617462
4811.929688 0.000000 2214.896484 0.000000 0.116996 0.000000 -0.993132 0.713918 0.713918 0.713918
7414.158691 0.000000 1896.044189 0.000000 0.664334 0.000000 -0.747436 0.967691 0.967691 0.967691
7415.794922 0.000000 1933.474976 0.000000 0.815296 0.000000 -0.579044 0.973636 0.973636 0.973636
7895.371094 0.000000 1963.482666 0.000000 0.464110 0.000000 -0.885778 0.682152 0.682152 0.682152
"}
