object={
	name="palm_dense_generator_3_0"
	clamp_to_water_level=no
	render_under_water=no
	generated_content=yes
	layer="semidynamic_high"
	pdxmesh="tree_palm_01_mesh"
	count=190
	transform="378.561462 0.000000 822.540527 0.000000 0.739115 0.000000 0.673580 0.358577 0.358577 0.358577
461.704803 0.000000 803.607849 0.000000 0.150350 0.000000 0.988633 0.229356 0.229356 0.229356
578.268860 0.000000 731.246338 0.000000 0.847641 0.000000 0.530571 0.392977 0.392977 0.392977
650.565063 0.000000 849.814575 0.000000 0.861561 0.000000 0.507654 0.389734 0.389734 0.389734
902.056946 0.000000 779.234619 0.000000 0.423596 0.000000 0.905851 0.263591 0.263591 0.263591
854.628418 0.000000 820.808472 0.000000 0.835322 0.000000 0.549761 0.378150 0.378150 0.378150
874.835876 0.000000 796.787537 0.000000 0.858213 0.000000 0.513294 0.387972 0.387972 0.387972
838.508057 0.000000 842.872375 0.000000 0.568571 0.000000 0.822634 0.297052 0.297052 0.297052
1179.203247 0.000000 660.645813 0.000000 0.299020 0.000000 0.954247 0.254674 0.254674 0.254674
1176.887939 0.000000 662.928345 0.000000 0.392432 0.000000 0.919781 0.273085 0.273085 0.273085
1028.756714 0.000000 696.605713 0.000000 0.553879 0.000000 0.832597 0.308059 0.308059 0.308059
203.786285 0.000000 1304.193604 0.000000 0.405171 0.000000 0.914241 0.252456 0.252456 0.252456
497.606750 0.000000 2007.760498 0.000000 0.418366 0.000000 0.908279 0.646783 0.646783 0.646783
496.989258 0.000000 2008.519409 0.000000 0.063572 0.000000 0.997977 0.588097 0.588097 0.588097
554.638855 0.000000 1970.901367 0.000000 0.002348 0.000000 0.999997 0.202210 0.202210 0.202210
560.177429 0.000000 1958.510742 0.000000 0.100644 0.000000 0.994923 0.388826 0.388826 0.388826
557.494019 0.000000 1962.109131 0.000000 0.170363 0.000000 0.985381 0.464400 0.464400 0.464400
561.638428 0.000000 1961.557373 0.000000 0.800852 0.000000 0.598862 0.660635 0.660635 0.660635
552.466309 0.000000 1954.006226 0.000000 0.122386 0.000000 0.992483 0.524945 0.524945 0.524945
1496.203857 0.000000 2190.933838 0.000000 0.170929 0.000000 0.985283 0.259525 0.259525 0.259525
1521.135254 0.000000 2173.243164 0.000000 0.390476 0.000000 0.920613 0.294572 0.294572 0.294572
1471.416748 0.000000 2210.115723 0.000000 0.797404 0.000000 0.603445 0.386708 0.386708 0.386708
1472.523315 0.000000 2204.546631 0.000000 0.471139 0.000000 0.882059 0.316752 0.316752 0.316752
1538.268921 0.000000 2143.355713 0.000000 0.421059 0.000000 0.907033 0.280026 0.280026 0.280026
1403.981689 0.000000 2314.594238 0.000000 0.820352 0.000000 0.571859 0.371195 0.371195 0.371195
1371.848877 0.000000 2342.465088 0.000000 0.112762 0.000000 0.993622 0.226495 0.226495 0.226495
1418.331299 0.000000 2304.711426 0.000000 0.812334 0.000000 0.583192 0.402767 0.402767 0.402767
1472.850586 0.000000 2299.939697 0.000000 0.756306 0.000000 0.654218 0.373680 0.373680 0.373680
2179.510986 0.000000 1854.427979 0.000000 0.152446 0.000000 0.988312 0.205337 0.205337 0.205337
2193.722656 0.000000 1859.677368 0.000000 0.701863 0.000000 0.712312 0.334042 0.334042 0.334042
2209.099609 0.000000 2010.902832 0.000000 0.223177 0.000000 0.974778 0.221316 0.221316 0.221316
2674.362549 0.000000 2294.072510 0.000000 0.308651 0.000000 0.951175 0.305588 0.305588 0.305588
2659.032471 0.000000 2277.011230 0.000000 0.221829 0.000000 0.975085 0.286610 0.286610 0.286610
4309.422363 0.000000 1492.948608 0.000000 0.146493 0.000000 0.989212 0.235011 0.235011 0.235011
4271.537109 0.000000 1608.690918 0.000000 0.074361 0.000000 0.997231 0.190120 0.190120 0.190120
4320.449219 0.000000 1607.557861 0.000000 0.541880 0.000000 0.840456 0.293300 0.293300 0.293300
5361.687988 0.000000 1025.671265 0.000000 0.094182 0.000000 0.995555 0.207509 0.207509 0.207509
5757.282227 0.000000 1512.548950 0.000000 0.300457 0.000000 0.953795 0.268237 0.268237 0.268237
5753.007324 0.000000 1514.254272 0.000000 0.092777 0.000000 0.995687 0.229367 0.229367 0.229367
5756.180664 0.000000 1559.180664 0.000000 0.146987 0.000000 0.989138 0.251093 0.251093 0.251093
5754.250000 0.000000 1558.570068 0.000000 0.291597 0.000000 0.956541 0.277041 0.277041 0.277041
5757.810547 0.000000 1558.731567 0.000000 0.427143 0.000000 0.904184 0.302476 0.302476 0.302476
5758.383301 0.000000 1546.244629 0.000000 0.768138 0.000000 0.640284 0.376918 0.376918 0.376918
5760.043457 0.000000 1549.329224 0.000000 0.158533 0.000000 0.987354 0.251022 0.251022 0.251022
5763.051758 0.000000 1574.930542 0.000000 0.786736 0.000000 0.617289 0.385645 0.385645 0.385645
5758.025391 0.000000 1641.174927 0.000000 0.831062 0.000000 0.556180 0.406133 0.406133 0.406133
5761.945801 0.000000 1597.866333 0.000000 0.141273 0.000000 0.989971 0.260786 0.260786 0.260786
8094.816895 0.000000 635.765930 0.000000 0.297493 0.000000 0.954724 0.256265 0.256265 0.256265
8034.977539 0.000000 692.311951 0.000000 0.501683 0.000000 0.865051 0.326597 0.326597 0.326597
6549.917480 0.000000 1343.402832 0.000000 0.578951 0.000000 0.815363 0.330418 0.330418 0.330418
6564.099609 0.000000 1337.458374 0.000000 0.448367 0.000000 0.893849 0.299978 0.299978 0.299978
6567.039551 0.000000 1339.302246 0.000000 0.465893 0.000000 0.884841 0.296221 0.296221 0.296221
6625.680176 0.000000 1354.968384 0.000000 0.526206 0.000000 0.850357 0.316111 0.316111 0.316111
6635.722656 0.000000 1354.463867 0.000000 0.310708 0.000000 0.950505 0.272088 0.272088 0.272088
6679.293457 0.000000 1322.705444 0.000000 0.862368 0.000000 0.506282 0.388075 0.388075 0.388075
6668.457520 0.000000 1350.916504 0.000000 0.678351 0.000000 0.734738 0.328476 0.328476 0.328476
6662.057129 0.000000 1344.078369 0.000000 0.134709 0.000000 0.990885 0.198387 0.198387 0.198387
6675.343262 0.000000 1350.741699 0.000000 0.015795 0.000000 0.999875 0.215245 0.215245 0.215245
6794.618164 0.000000 1312.685059 0.000000 0.420304 0.000000 0.907383 0.288381 0.288381 0.288381
6343.260254 0.000000 1515.198242 0.000000 0.579898 0.000000 0.814689 0.326346 0.326346 0.326346
6347.039062 0.000000 1484.850098 0.000000 0.797695 0.000000 0.603061 0.386308 0.386308 0.386308
6376.199219 0.000000 1555.924072 0.000000 0.633735 0.000000 0.773550 0.334068 0.334068 0.334068
6502.646484 0.000000 1387.782227 0.000000 0.533661 0.000000 0.845699 0.295810 0.295810 0.295810
6488.422363 0.000000 1385.325195 0.000000 0.675530 0.000000 0.737332 0.348171 0.348171 0.348171
6511.105469 0.000000 1359.186401 0.000000 0.675546 0.000000 0.737318 0.350659 0.350659 0.350659
6504.015625 0.000000 1419.737915 0.000000 0.732711 0.000000 0.680540 0.339388 0.339388 0.339388
6480.985352 0.000000 1434.285156 0.000000 0.609976 0.000000 0.792420 0.343448 0.343448 0.343448
6504.469727 0.000000 1431.374634 0.000000 0.553656 0.000000 0.832746 0.334540 0.334540 0.334540
6625.049316 0.000000 1356.875244 0.000000 0.560706 0.000000 0.828015 0.316970 0.316970 0.316970
6643.402344 0.000000 1466.076660 0.000000 0.547771 0.000000 0.836628 0.288074 0.288074 0.288074
6654.854492 0.000000 1438.692749 0.000000 0.259492 0.000000 0.965745 0.250623 0.250623 0.250623
6611.524902 0.000000 1449.043213 0.000000 0.831097 0.000000 0.556128 0.403935 0.403935 0.403935
6457.814453 0.000000 1487.436157 0.000000 0.558045 0.000000 0.829811 0.323698 0.323698 0.323698
6434.977539 0.000000 1483.093140 0.000000 0.503229 0.000000 0.864153 0.317516 0.317516 0.317516
6422.338379 0.000000 1481.576172 0.000000 0.419305 0.000000 0.907845 0.306077 0.306077 0.306077
6433.699219 0.000000 1482.024048 0.000000 0.109219 0.000000 0.994018 0.252094 0.252094 0.252094
6432.240234 0.000000 1482.563599 0.000000 0.407539 0.000000 0.913188 0.304737 0.304737 0.304737
6471.408691 0.000000 1486.431274 0.000000 0.650878 0.000000 0.759183 0.323415 0.323415 0.323415
6471.434570 0.000000 1479.337280 0.000000 0.234759 0.000000 0.972054 0.278724 0.278724 0.278724
6471.015137 0.000000 1476.815796 0.000000 0.831416 0.000000 0.555650 0.402264 0.402264 0.402264
6412.919922 0.000000 1575.113892 0.000000 0.818400 0.000000 0.574650 0.389731 0.389731 0.389731
6430.190918 0.000000 1562.131958 0.000000 0.620795 0.000000 0.783973 0.345797 0.345797 0.345797
6586.873047 0.000000 1540.827026 0.000000 0.278378 0.000000 0.960472 0.319379 0.319379 0.319379
6639.960449 0.000000 1568.029907 0.000000 0.018401 0.000000 0.999831 0.247115 0.247115 0.247115
6633.341797 0.000000 1553.728027 0.000000 0.084031 0.000000 0.996463 0.294061 0.294061 0.294061
6330.511719 0.000000 1602.072510 0.000000 0.742010 0.000000 0.670389 0.340141 0.340141 0.340141
6315.407227 0.000000 1625.790527 0.000000 0.644199 0.000000 0.764858 0.335968 0.335968 0.335968
6277.961426 0.000000 1632.195312 0.000000 0.179538 0.000000 0.983751 0.280813 0.280813 0.280813
6331.914062 0.000000 1609.885254 0.000000 0.534856 0.000000 0.844943 0.344340 0.344340 0.344340
6356.029785 0.000000 1585.489258 0.000000 0.472551 0.000000 0.881303 0.331565 0.331565 0.331565
6387.748047 0.000000 1623.017822 0.000000 0.685287 0.000000 0.728273 0.379327 0.379327 0.379327
6386.709961 0.000000 1652.136719 0.000000 0.453008 0.000000 0.891506 0.291026 0.291026 0.291026
6379.550781 0.000000 1687.754150 0.000000 0.205908 0.000000 0.978571 0.345203 0.345203 0.345203
6365.463379 0.000000 1720.607300 0.000000 0.434051 0.000000 0.900888 0.403959 0.403959 0.403959
6448.580566 0.000000 1612.003296 0.000000 0.600327 0.000000 0.799755 0.306664 0.306664 0.306664
6701.249512 0.000000 1443.348145 0.000000 0.407489 0.000000 0.913210 0.303866 0.303866 0.303866
6725.850586 0.000000 1429.887817 0.000000 0.733012 0.000000 0.680215 0.375340 0.375340 0.375340
6868.141113 0.000000 1409.556763 0.000000 0.024841 0.000000 0.999691 0.199534 0.199534 0.199534
6884.099609 0.000000 1393.942749 0.000000 0.825109 0.000000 0.564974 0.390053 0.390053 0.390053
6868.440918 0.000000 1411.131592 0.000000 0.338855 0.000000 0.940839 0.284834 0.284834 0.284834
6705.542480 0.000000 1490.022461 0.000000 0.441420 0.000000 0.897301 0.326099 0.326099 0.326099
6705.393555 0.000000 1492.424316 0.000000 0.279359 0.000000 0.960187 0.299883 0.299883 0.299883
6718.281738 0.000000 1521.661255 0.000000 0.035333 0.000000 0.999376 0.270575 0.270575 0.270575
6753.699219 0.000000 1482.024048 0.000000 0.780312 0.000000 0.625390 0.391458 0.391458 0.391458
6758.060059 0.000000 1489.417969 0.000000 0.568873 0.000000 0.822426 0.350650 0.350650 0.350650
6766.049316 0.000000 1506.507324 0.000000 0.318156 0.000000 0.948039 0.310871 0.310871 0.310871
6759.319336 0.000000 1493.306519 0.000000 0.386707 0.000000 0.922203 0.319347 0.319347 0.319347
6656.421387 0.000000 1568.601318 0.000000 0.758784 0.000000 0.651342 0.427295 0.427295 0.427295
6759.243164 0.000000 1575.978394 0.000000 0.756352 0.000000 0.654164 0.440237 0.440237 0.440237
6775.719727 0.000000 1529.108032 0.000000 0.571853 0.000000 0.820356 0.356975 0.356975 0.356975
6902.302246 0.000000 1482.881226 0.000000 0.446541 0.000000 0.894763 0.289651 0.289651 0.289651
6798.755859 0.000000 1534.526245 0.000000 0.278240 0.000000 0.960511 0.307424 0.307424 0.307424
6794.359863 0.000000 1532.895630 0.000000 0.769253 0.000000 0.638944 0.396434 0.396434 0.396434
6875.678223 0.000000 1530.092285 0.000000 0.210606 0.000000 0.977571 0.225772 0.225772 0.225772
6896.748535 0.000000 1526.490479 0.000000 0.589968 0.000000 0.807427 0.322979 0.322979 0.322979
6872.512695 0.000000 1532.811035 0.000000 0.680304 0.000000 0.732930 0.349977 0.349977 0.349977
6894.200195 0.000000 1526.187866 0.000000 0.364410 0.000000 0.931239 0.314747 0.314747 0.314747
6974.038574 0.000000 1436.092651 0.000000 0.291406 0.000000 0.956600 0.281781 0.281781 0.281781
7038.038574 0.000000 1436.092651 0.000000 0.405311 0.000000 0.914179 0.290501 0.290501 0.290501
7028.777832 0.000000 1445.057373 0.000000 0.194930 0.000000 0.980817 0.268869 0.268869 0.268869
6987.761719 0.000000 1436.519043 0.000000 0.566597 0.000000 0.823995 0.334990 0.334990 0.334990
7154.709961 0.000000 1369.714844 0.000000 0.635458 0.000000 0.772135 0.331844 0.331844 0.331844
7056.985352 0.000000 1434.285156 0.000000 0.833172 0.000000 0.553014 0.398839 0.398839 0.398839
7057.688477 0.000000 1440.336182 0.000000 0.090718 0.000000 0.995877 0.246723 0.246723 0.246723
7072.594727 0.000000 1431.747803 0.000000 0.478226 0.000000 0.878237 0.308482 0.308482 0.308482
7154.798340 0.000000 1448.790527 0.000000 0.073799 0.000000 0.997273 0.188882 0.188882 0.188882
6931.337891 0.000000 1468.752563 0.000000 0.137012 0.000000 0.990569 0.262213 0.262213 0.262213
6933.272461 0.000000 1533.447632 0.000000 0.082010 0.000000 0.996632 0.271987 0.271987 0.271987
6684.431641 0.000000 1589.070312 0.000000 0.861351 0.000000 0.508011 0.388451 0.388451 0.388451
6718.208984 0.000000 1618.223145 0.000000 0.366392 0.000000 0.930461 0.318659 0.318659 0.318659
6700.409668 0.000000 1607.590942 0.000000 0.198207 0.000000 0.980160 0.278675 0.278675 0.278675
6685.379395 0.000000 1593.037842 0.000000 0.526787 0.000000 0.849997 0.407156 0.407156 0.407156
6707.089355 0.000000 1610.559326 0.000000 0.354583 0.000000 0.935025 0.399251 0.399251 0.399251
6684.718750 0.000000 1592.062988 0.000000 0.624910 0.000000 0.780697 0.425680 0.425680 0.425680
6777.671875 0.000000 1636.433838 0.000000 0.121005 0.000000 0.992652 0.276905 0.276905 0.276905
6773.929688 0.000000 1654.117554 0.000000 0.247706 0.000000 0.968835 0.263136 0.263136 0.263136
6770.132324 0.000000 1657.468018 0.000000 0.698382 0.000000 0.715725 0.358710 0.358710 0.358710
6769.542480 0.000000 1659.475586 0.000000 0.786972 0.000000 0.616988 0.389196 0.389196 0.389196
6783.423340 0.000000 1641.522095 0.000000 0.641065 0.000000 0.767487 0.363375 0.363375 0.363375
6782.025391 0.000000 1641.174927 0.000000 0.556091 0.000000 0.831121 0.346789 0.346789 0.346789
6754.956543 0.000000 1659.276978 0.000000 0.483725 0.000000 0.875220 0.403846 0.403846 0.403846
6784.489258 0.000000 1612.984497 0.000000 0.691336 0.000000 0.722533 0.408069 0.408069 0.408069
6804.580078 0.000000 1629.159668 0.000000 0.821175 0.000000 0.570677 0.497898 0.497898 0.497898
6787.005859 0.000000 1632.520508 0.000000 0.644369 0.000000 0.764715 0.465733 0.465733 0.465733
6785.657715 0.000000 1638.550659 0.000000 0.570007 0.000000 0.821640 0.340752 0.340752 0.340752
7161.190430 0.000000 1680.153687 0.000000 0.822036 0.000000 0.569435 0.384978 0.384978 0.384978
7722.835938 0.000000 1305.146851 0.000000 0.383188 0.000000 0.923670 0.251733 0.251733 0.251733
7228.008301 0.000000 1397.902222 0.000000 0.666970 0.000000 0.745084 0.335353 0.335353 0.335353
7200.032227 0.000000 1449.047241 0.000000 0.784958 0.000000 0.619549 0.353623 0.353623 0.353623
7621.729492 0.000000 1397.653809 0.000000 0.064661 0.000000 0.997907 0.208410 0.208410 0.208410
7227.523926 0.000000 1707.990601 0.000000 0.648879 0.000000 0.760892 0.362381 0.362381 0.362381
7275.596680 0.000000 1743.072754 0.000000 0.670987 0.000000 0.741469 0.333283 0.333283 0.333283
7428.189941 0.000000 1683.210205 0.000000 0.853322 0.000000 0.521385 0.397509 0.397509 0.397509
7934.871094 0.000000 1681.557373 0.000000 0.353700 0.000000 0.935359 0.310255 0.310255 0.310255
7910.782227 0.000000 1722.540894 0.000000 0.561621 0.000000 0.827395 0.355859 0.355859 0.355859
7908.309082 0.000000 1723.917236 0.000000 0.107718 0.000000 0.994181 0.283612 0.283612 0.283612
7906.937988 0.000000 1725.036255 0.000000 0.185465 0.000000 0.982651 0.296278 0.296278 0.296278
7863.129883 0.000000 1777.609009 0.000000 0.600919 0.000000 0.799310 0.434390 0.434390 0.434390
7887.446289 0.000000 1767.033691 0.000000 0.606825 0.000000 0.794836 0.349650 0.349650 0.349650
7954.338867 0.000000 1646.080078 0.000000 0.515875 0.000000 0.856664 0.330873 0.330873 0.330873
7936.126465 0.000000 1683.729736 0.000000 0.449415 0.000000 0.893323 0.326666 0.326666 0.326666
8007.699707 0.000000 1653.901733 0.000000 0.231061 0.000000 0.972939 0.273084 0.273084 0.273084
8003.329590 0.000000 1673.475220 0.000000 0.337681 0.000000 0.941260 0.296555 0.296555 0.296555
8004.846680 0.000000 1652.954224 0.000000 0.544947 0.000000 0.838471 0.331298 0.331298 0.331298
8009.676758 0.000000 1652.723389 0.000000 0.059935 0.000000 0.998202 0.243703 0.243703 0.243703
7991.122559 0.000000 1699.674072 0.000000 0.857448 0.000000 0.514571 0.413166 0.413166 0.413166
7946.666016 0.000000 1736.892822 0.000000 0.575171 0.000000 0.818033 0.356142 0.356142 0.356142
7988.156250 0.000000 1712.899292 0.000000 0.807931 0.000000 0.589277 0.400178 0.400178 0.400178
7949.130371 0.000000 1736.707397 0.000000 0.807559 0.000000 0.589787 0.405275 0.405275 0.405275
4409.460938 0.000000 1807.603271 0.000000 0.810742 0.000000 0.585404 0.374238 0.374238 0.374238
4845.674805 0.000000 2046.440918 0.000000 0.761545 0.000000 0.648112 0.374049 0.374049 0.374049
4846.867676 0.000000 2063.897217 0.000000 0.697874 0.000000 0.716220 0.359182 0.359182 0.359182
4847.339355 0.000000 2090.167969 0.000000 0.193615 0.000000 0.981078 0.222270 0.222270 0.222270
4802.058594 0.000000 2164.845703 0.000000 0.816343 0.000000 0.577568 0.404768 0.404768 0.404768
4803.455566 0.000000 2165.087402 0.000000 0.838526 0.000000 0.544862 0.410880 0.410880 0.410880
4799.974609 0.000000 2234.422119 0.000000 0.738808 0.000000 0.673916 0.413828 0.413828 0.413828
4798.499512 0.000000 2232.279297 0.000000 0.690018 0.000000 0.723792 0.403383 0.403383 0.403383
4780.134277 0.000000 2237.871826 0.000000 0.614200 0.000000 0.789151 0.401488 0.401488 0.401488
4818.728027 0.000000 2237.048584 0.000000 0.250575 0.000000 0.968097 0.283402 0.283402 0.283402
4806.969727 0.000000 2235.214844 0.000000 0.065280 0.000000 0.997867 0.299184 0.299184 0.299184
4301.344238 0.000000 2386.633545 0.000000 0.464300 0.000000 0.885678 0.335810 0.335810 0.335810
5153.412109 0.000000 1822.457153 0.000000 0.290129 0.000000 0.956988 0.236621 0.236621 0.236621
5265.288086 0.000000 2095.003174 0.000000 0.556848 0.000000 0.830614 0.338856 0.338856 0.338856
7399.998535 0.000000 1830.925781 0.000000 0.014385 0.000000 0.999897 0.388402 0.388402 0.388402
7421.294434 0.000000 1879.499756 0.000000 0.640441 0.000000 0.768008 0.359312 0.359312 0.359312
7414.180664 0.000000 1944.318970 0.000000 0.646743 0.000000 0.762708 0.328799 0.328799 0.328799
7410.433594 0.000000 1958.227295 0.000000 0.804765 0.000000 0.593593 0.612469 0.612469 0.612469
7318.239258 0.000000 2072.968506 0.000000 0.163074 0.000000 0.986614 0.506715 0.506715 0.506715
7894.025391 0.000000 1962.762817 0.000000 0.622135 0.000000 0.782910 0.349458 0.349458 0.349458
7886.689941 0.000000 1956.813110 0.000000 0.500596 0.000000 0.865681 0.442523 0.442523 0.442523
"}
object={
	name="palm_dense_generator_3_1"
	clamp_to_water_level=no
	render_under_water=no
	generated_content=yes
	layer="semidynamic_high"
	pdxmesh="tree_palm_02_mesh"
	count=184
	transform="695.044800 0.000000 829.869568 0.000000 0.876228 0.000000 -0.481896 0.601868 0.601868 0.601868
735.334412 0.000000 888.251038 0.000000 0.993330 0.000000 0.115303 0.475117 0.475117 0.475117
1012.706360 0.000000 734.127869 0.000000 0.998962 0.000000 0.045541 0.490805 0.490805 0.490805
170.288345 0.000000 1322.288452 0.000000 0.932424 0.000000 0.361365 0.422048 0.422048 0.422048
2228.014648 0.000000 1703.374512 0.000000 0.998445 0.000000 -0.055747 0.511801 0.511801 0.511801
463.808777 0.000000 2021.124512 0.000000 0.891158 0.000000 0.453693 0.773564 0.773564 0.773564
496.274017 0.000000 2006.228638 0.000000 0.999073 0.000000 0.043049 0.821565 0.821565 0.821565
495.394714 0.000000 2009.720581 0.000000 0.965787 0.000000 -0.259337 0.816967 0.816967 0.816967
549.366028 0.000000 1972.168457 0.000000 0.993258 0.000000 -0.115921 0.518839 0.518839 0.518839
560.161316 0.000000 1959.817871 0.000000 0.991111 0.000000 0.133041 0.601333 0.601333 0.601333
534.338623 0.000000 1989.935547 0.000000 0.968097 0.000000 0.250575 0.455896 0.455896 0.455896
1566.716187 0.000000 2079.675537 0.000000 0.999834 0.000000 -0.018235 0.503503 0.503503 0.503503
1553.219849 0.000000 2101.380615 0.000000 0.919358 0.000000 -0.393422 0.576165 0.576165 0.576165
1584.746582 0.000000 2149.643799 0.000000 0.969045 0.000000 -0.246883 0.551661 0.551661 0.551661
1352.616333 0.000000 2333.103027 0.000000 0.996647 0.000000 0.081823 0.507398 0.507398 0.507398
1418.234985 0.000000 2306.820801 0.000000 0.887721 0.000000 0.460382 0.408807 0.408807 0.408807
2229.007812 0.000000 2131.072266 0.000000 0.909051 0.000000 0.416685 0.416145 0.416145 0.416145
2262.911865 0.000000 2130.911377 0.000000 0.999783 0.000000 0.020842 0.496152 0.496152 0.496152
2244.189941 0.000000 2135.085205 0.000000 0.940254 0.000000 -0.340474 0.563360 0.563360 0.563360
2233.206055 0.000000 2156.032715 0.000000 0.968230 0.000000 -0.250061 0.545147 0.545147 0.545147
2317.139648 0.000000 2076.982178 0.000000 0.991871 0.000000 0.127245 0.475202 0.475202 0.475202
2411.690186 0.000000 2037.001465 0.000000 0.974682 0.000000 -0.223595 0.545854 0.545854 0.545854
2337.987305 0.000000 2127.535645 0.000000 0.956256 0.000000 -0.292531 0.555475 0.555475 0.555475
2670.744141 0.000000 2285.028564 0.000000 0.971339 0.000000 0.237700 0.462343 0.462343 0.462343
4313.598145 0.000000 1492.225342 0.000000 0.943776 0.000000 0.330587 0.437292 0.437292 0.437292
4321.448730 0.000000 1604.859253 0.000000 0.997394 0.000000 -0.072144 0.514953 0.514953 0.514953
4844.194824 0.000000 1537.155518 0.000000 0.973246 0.000000 0.229765 0.451989 0.451989 0.451989
5363.914062 0.000000 1022.507141 0.000000 0.967762 0.000000 0.251868 0.449562 0.449562 0.449562
5734.581055 0.000000 1390.749390 0.000000 0.967758 0.000000 -0.251883 0.552539 0.552539 0.552539
5757.535645 0.000000 1522.769287 0.000000 0.987913 0.000000 -0.155007 0.528267 0.528267 0.528267
5750.362793 0.000000 1558.719849 0.000000 0.999779 0.000000 0.021008 0.496326 0.496326 0.496326
5750.280273 0.000000 1571.657471 0.000000 0.996715 0.000000 -0.080993 0.513998 0.513998 0.513998
5762.681152 0.000000 1547.296631 0.000000 0.986654 0.000000 0.162834 0.471151 0.471151 0.471151
5759.423340 0.000000 1641.522095 0.000000 0.904794 0.000000 0.425849 0.429988 0.429988 0.429988
5763.051758 0.000000 1631.414917 0.000000 0.976568 0.000000 -0.215208 0.535009 0.535009 0.535009
8042.601562 0.000000 673.176697 0.000000 0.984723 0.000000 -0.174126 0.528248 0.528248 0.528248
8044.208984 0.000000 675.414734 0.000000 0.962124 0.000000 0.272612 0.492658 0.492658 0.492658
6565.379395 0.000000 1336.027222 0.000000 0.994529 0.000000 0.104460 0.481071 0.481071 0.481071
6629.294434 0.000000 1344.096802 0.000000 0.957770 0.000000 -0.287535 0.553408 0.553408 0.553408
6374.893555 0.000000 1544.525513 0.000000 0.923499 0.000000 -0.383601 0.586542 0.586542 0.586542
6355.704102 0.000000 1538.842407 0.000000 0.890154 0.000000 0.455660 0.421867 0.421867 0.421867
6365.209473 0.000000 1581.039307 0.000000 0.998818 0.000000 0.048609 0.492370 0.492370 0.492370
6502.962402 0.000000 1399.804932 0.000000 0.986372 0.000000 -0.164531 0.532247 0.532247 0.532247
6509.431152 0.000000 1359.676636 0.000000 0.868378 0.000000 0.495902 0.408869 0.408869 0.408869
6489.034668 0.000000 1387.571533 0.000000 0.991009 0.000000 0.133797 0.476430 0.476430 0.476430
6513.237305 0.000000 1368.831665 0.000000 0.960463 0.000000 0.278409 0.451082 0.451082 0.451082
6517.633789 0.000000 1449.166626 0.000000 0.923584 0.000000 -0.383395 0.577652 0.577652 0.577652
6517.007812 0.000000 1453.259766 0.000000 0.999527 0.000000 0.030752 0.494230 0.494230 0.494230
6518.904297 0.000000 1448.417603 0.000000 0.992578 0.000000 0.121610 0.480049 0.480049 0.480049
6523.962402 0.000000 1451.057739 0.000000 0.994712 0.000000 0.102701 0.483241 0.483241 0.483241
6518.203613 0.000000 1452.439819 0.000000 0.897553 0.000000 -0.440907 0.574724 0.574724 0.574724
6518.834961 0.000000 1449.783936 0.000000 1.000000 0.000000 -0.000101 0.500017 0.500017 0.500017
6635.248047 0.000000 1459.306396 0.000000 0.995589 0.000000 -0.093822 0.515236 0.515236 0.515236
6456.654297 0.000000 1485.806641 0.000000 0.993803 0.000000 -0.111157 0.520481 0.520481 0.520481
6437.106445 0.000000 1481.191772 0.000000 0.988138 0.000000 0.153565 0.473499 0.473499 0.473499
6441.205566 0.000000 1525.050049 0.000000 0.979814 0.000000 0.199910 0.467515 0.467515 0.467515
6450.362305 0.000000 1503.291382 0.000000 0.977341 0.000000 0.211670 0.464937 0.464937 0.464937
6430.021484 0.000000 1533.345093 0.000000 0.988437 0.000000 -0.151635 0.527761 0.527761 0.527761
6424.030273 0.000000 1538.383301 0.000000 0.931408 0.000000 0.363978 0.434292 0.434292 0.434292
6412.917480 0.000000 1543.275269 0.000000 0.934810 0.000000 0.355149 0.436233 0.436233 0.436233
6596.788086 0.000000 1491.094604 0.000000 0.999340 0.000000 -0.036329 0.505620 0.505620 0.505620
6589.039062 0.000000 1543.419312 0.000000 0.885294 0.000000 0.465031 0.427731 0.427731 0.427731
6636.127930 0.000000 1552.519409 0.000000 0.992221 0.000000 0.124491 0.474994 0.474994 0.474994
6288.244141 0.000000 1610.760376 0.000000 0.989442 0.000000 0.144932 0.469880 0.469880 0.469880
6303.740723 0.000000 1626.531128 0.000000 0.950679 0.000000 0.310176 0.450751 0.450751 0.450751
6286.835449 0.000000 1611.203125 0.000000 0.990825 0.000000 0.135152 0.478322 0.478322 0.478322
6385.352051 0.000000 1634.696167 0.000000 0.919222 0.000000 -0.393739 0.564433 0.564433 0.564433
6386.478027 0.000000 1623.438232 0.000000 0.977478 0.000000 -0.211036 0.531453 0.531453 0.531453
6386.113770 0.000000 1627.317871 0.000000 0.889776 0.000000 -0.456398 0.569751 0.569751 0.569751
6369.799316 0.000000 1676.932861 0.000000 0.983901 0.000000 0.178715 0.512004 0.512004 0.512004
6343.386719 0.000000 1739.746826 0.000000 0.948323 0.000000 0.317308 0.528213 0.528213 0.528213
6357.729980 0.000000 1766.605713 0.000000 0.897747 0.000000 0.440512 0.426032 0.426032 0.426032
6717.252441 0.000000 1422.535767 0.000000 0.995489 0.000000 0.094880 0.481816 0.481816 0.481816
6716.771484 0.000000 1449.193481 0.000000 0.926742 0.000000 -0.375698 0.572549 0.572549 0.572549
6665.912598 0.000000 1441.211548 0.000000 0.894017 0.000000 -0.448033 0.577069 0.577069 0.577069
6662.164062 0.000000 1440.679077 0.000000 0.930317 0.000000 -0.366758 0.564266 0.564266 0.564266
6742.338379 0.000000 1425.091797 0.000000 0.999990 0.000000 0.004443 0.499260 0.499260 0.499260
6837.449707 0.000000 1405.516479 0.000000 0.884007 0.000000 0.467473 0.411653 0.411653 0.411653
6836.072754 0.000000 1404.128174 0.000000 0.998640 0.000000 0.052138 0.490526 0.490526 0.490526
6823.039551 0.000000 1395.786621 0.000000 0.930630 0.000000 -0.365962 0.565803 0.565803 0.565803
6887.147461 0.000000 1392.528320 0.000000 0.951603 0.000000 0.307330 0.443965 0.443965 0.443965
6885.379395 0.000000 1392.511597 0.000000 0.873520 0.000000 0.486788 0.406899 0.406899 0.406899
6811.529297 0.000000 1442.795288 0.000000 0.990193 0.000000 0.139703 0.476643 0.476643 0.476643
6718.841797 0.000000 1523.125977 0.000000 0.897513 0.000000 -0.440987 0.568239 0.568239 0.568239
6738.230469 0.000000 1506.629272 0.000000 0.987186 0.000000 0.159574 0.466572 0.466572 0.466572
6768.580566 0.000000 1499.034546 0.000000 0.952420 0.000000 0.304790 0.435861 0.435861 0.435861
6724.166992 0.000000 1517.358276 0.000000 0.907197 0.000000 -0.420707 0.582443 0.582443 0.582443
6759.388184 0.000000 1486.654541 0.000000 0.918322 0.000000 0.395834 0.437057 0.437057 0.437057
6739.524902 0.000000 1505.527588 0.000000 0.870308 0.000000 0.492508 0.421511 0.421511 0.421511
6752.240234 0.000000 1482.563599 0.000000 0.920349 0.000000 0.391098 0.435446 0.435446 0.435446
6725.108887 0.000000 1518.226318 0.000000 0.992427 0.000000 -0.122838 0.518493 0.518493 0.518493
6665.122070 0.000000 1572.139771 0.000000 0.947399 0.000000 -0.320056 0.588555 0.588555 0.588555
6775.122559 0.000000 1530.220947 0.000000 0.997847 0.000000 -0.065586 0.510200 0.510200 0.510200
6778.406250 0.000000 1564.158447 0.000000 0.988501 0.000000 0.151217 0.501790 0.501790 0.501790
6766.797363 0.000000 1576.881226 0.000000 0.927743 0.000000 0.373220 0.448639 0.448639 0.448639
6770.448730 0.000000 1568.302979 0.000000 0.999863 0.000000 0.016533 0.531819 0.531819 0.531819
6781.982422 0.000000 1536.603027 0.000000 0.876061 0.000000 0.482200 0.425572 0.425572 0.425572
6772.617188 0.000000 1578.435181 0.000000 0.995735 0.000000 -0.092259 0.558162 0.558162 0.558162
6817.853027 0.000000 1480.358521 0.000000 0.975758 0.000000 0.218854 0.464719 0.464719 0.464719
6874.529785 0.000000 1524.000610 0.000000 0.930586 0.000000 0.366073 0.428281 0.428281 0.428281
6867.350098 0.000000 1470.947632 0.000000 0.907361 0.000000 0.420352 0.428679 0.428679 0.428679
6853.809082 0.000000 1524.076904 0.000000 0.940455 0.000000 0.339919 0.444021 0.444021 0.444021
6860.289551 0.000000 1482.041138 0.000000 0.949626 0.000000 0.313386 0.447120 0.447120 0.447120
6852.298828 0.000000 1524.492188 0.000000 0.988455 0.000000 -0.151514 0.524549 0.524549 0.524549
6789.850586 0.000000 1542.856567 0.000000 0.911930 0.000000 0.410346 0.437771 0.437771 0.437771
6796.183105 0.000000 1534.733398 0.000000 0.887802 0.000000 -0.460225 0.571101 0.571101 0.571101
6788.220703 0.000000 1542.432861 0.000000 0.891441 0.000000 0.453137 0.430788 0.430788 0.430788
6797.527344 0.000000 1532.121826 0.000000 0.947119 0.000000 0.320882 0.451191 0.451191 0.451191
6895.286621 0.000000 1526.851562 0.000000 0.968069 0.000000 0.250685 0.460811 0.460811 0.460811
6983.143066 0.000000 1439.493896 0.000000 0.997014 0.000000 0.077221 0.484977 0.484977 0.484977
7030.362793 0.000000 1445.751099 0.000000 0.889544 0.000000 -0.456850 0.579775 0.579775 0.579775
6988.917480 0.000000 1430.306519 0.000000 0.994953 0.000000 0.100342 0.482799 0.482799 0.482799
7160.096680 0.000000 1383.268921 0.000000 0.895092 0.000000 0.445882 0.412253 0.412253 0.412253
7019.722656 0.000000 1523.916992 0.000000 0.986803 0.000000 -0.161924 0.529052 0.529052 0.529052
7007.303223 0.000000 1552.089600 0.000000 0.999211 0.000000 0.039718 0.493052 0.493052 0.493052
7023.221680 0.000000 1565.780396 0.000000 0.988137 0.000000 0.153575 0.477308 0.477308 0.477308
7020.222168 0.000000 1558.463989 0.000000 0.973642 0.000000 0.228082 0.465962 0.465962 0.465962
7024.316895 0.000000 1566.809448 0.000000 0.992396 0.000000 -0.123083 0.518160 0.518160 0.518160
6682.256836 0.000000 1586.287476 0.000000 0.987938 0.000000 -0.154851 0.524163 0.524163 0.524163
6683.442383 0.000000 1589.985352 0.000000 0.963156 0.000000 0.268942 0.516998 0.516998 0.516998
6684.834961 0.000000 1590.238281 0.000000 0.881669 0.000000 -0.471868 0.639455 0.639455 0.639455
6707.609375 0.000000 1611.728760 0.000000 0.999905 0.000000 -0.013804 0.590394 0.590394 0.590394
6776.412109 0.000000 1636.608643 0.000000 0.998846 0.000000 -0.048032 0.507396 0.507396 0.507396
6783.883789 0.000000 1620.302002 0.000000 0.992947 0.000000 -0.118558 0.520338 0.520338 0.520338
6761.676758 0.000000 1656.113892 0.000000 0.999020 0.000000 0.044270 0.490796 0.490796 0.490796
6772.078125 0.000000 1654.717529 0.000000 0.999189 0.000000 -0.040270 0.507225 0.507225 0.507225
6752.682129 0.000000 1655.461182 0.000000 0.908590 0.000000 -0.417689 0.711169 0.711169 0.711169
6784.525879 0.000000 1618.865601 0.000000 0.928959 0.000000 -0.370182 0.566601 0.566601 0.566601
6785.515137 0.000000 1610.747559 0.000000 0.962867 0.000000 -0.269975 0.565425 0.565425 0.565425
6784.523438 0.000000 1639.702881 0.000000 0.987168 0.000000 0.159686 0.473515 0.473515 0.473515
6791.012695 0.000000 1639.137695 0.000000 0.996523 0.000000 0.083322 0.594665 0.594665 0.594665
7894.628418 0.000000 1159.714722 0.000000 0.998937 0.000000 -0.046096 0.509757 0.509757 0.509757
7188.805176 0.000000 1412.176880 0.000000 0.937751 0.000000 -0.347309 0.570266 0.570266 0.570266
7208.653320 0.000000 1457.751953 0.000000 0.988856 0.000000 -0.148875 0.526469 0.526469 0.526469
7615.509766 0.000000 1392.843506 0.000000 0.892212 0.000000 -0.451617 0.594229 0.594229 0.594229
7564.919922 0.000000 1405.660767 0.000000 0.893885 0.000000 0.448297 0.413133 0.413133 0.413133
7227.100586 0.000000 1704.624023 0.000000 0.988251 0.000000 0.152841 0.467764 0.467764 0.467764
7224.473633 0.000000 1702.661987 0.000000 0.909983 0.000000 0.414645 0.414661 0.414661 0.414661
7226.750488 0.000000 1709.018677 0.000000 0.996753 0.000000 0.080515 0.624367 0.624367 0.624367
7277.465820 0.000000 1738.827148 0.000000 0.974824 0.000000 -0.222975 0.543872 0.543872 0.543872
7545.190430 0.000000 1680.153687 0.000000 0.970735 0.000000 0.240154 0.454135 0.454135 0.454135
7545.007324 0.000000 1683.707397 0.000000 0.987936 0.000000 -0.154861 0.529638 0.529638 0.529638
7551.312988 0.000000 1679.321777 0.000000 0.880175 0.000000 0.474649 0.478211 0.478211 0.478211
7552.328125 0.000000 1686.515259 0.000000 0.999871 0.000000 -0.016058 0.502580 0.502580 0.502580
7557.933594 0.000000 1678.883545 0.000000 0.960429 0.000000 0.278526 0.505960 0.505960 0.505960
7551.365723 0.000000 1704.496582 0.000000 0.984073 0.000000 0.177764 0.497761 0.497761 0.497761
7552.213379 0.000000 1706.632935 0.000000 0.915455 0.000000 0.402421 0.518736 0.518736 0.518736
7896.422363 0.000000 1498.293945 0.000000 0.934488 0.000000 -0.355993 0.566107 0.566107 0.566107
7697.256836 0.000000 1672.761719 0.000000 0.999425 0.000000 0.033898 0.492623 0.492623 0.492623
7791.392090 0.000000 1772.295776 0.000000 0.966782 0.000000 -0.255603 0.540943 0.540943 0.540943
7791.249023 0.000000 1773.752930 0.000000 0.931835 0.000000 0.362881 0.441175 0.441175 0.441175
7907.500488 0.000000 1722.115845 0.000000 0.938915 0.000000 -0.344149 0.551969 0.551969 0.551969
7858.304199 0.000000 1777.403442 0.000000 0.998366 0.000000 0.057139 0.525688 0.525688 0.525688
7893.918945 0.000000 1771.920654 0.000000 0.968318 0.000000 -0.249722 0.587523 0.587523 0.587523
7955.704102 0.000000 1651.811157 0.000000 0.917143 0.000000 -0.398558 0.567394 0.567394 0.567394
7957.918945 0.000000 1649.554321 0.000000 0.999990 0.000000 -0.004484 0.500737 0.500737 0.500737
7993.993164 0.000000 1674.642700 0.000000 0.936834 0.000000 -0.349776 0.559012 0.559012 0.559012
7986.908203 0.000000 1676.812744 0.000000 0.997225 0.000000 0.074441 0.487360 0.487360 0.487360
7938.657715 0.000000 1682.809204 0.000000 0.970921 0.000000 0.239400 0.461887 0.461887 0.461887
7990.904297 0.000000 1674.355103 0.000000 0.951782 0.000000 0.306775 0.448740 0.448740 0.448740
7989.635254 0.000000 1676.569458 0.000000 0.977886 0.000000 0.209137 0.465363 0.465363 0.465363
7936.421387 0.000000 1681.570068 0.000000 0.928754 0.000000 -0.370697 0.559872 0.559872 0.559872
7956.600586 0.000000 1649.068848 0.000000 0.949513 0.000000 0.313728 0.447538 0.447538 0.447538
7986.478027 0.000000 1679.922607 0.000000 0.968281 0.000000 -0.249863 0.541328 0.541328 0.541328
8004.635742 0.000000 1650.449707 0.000000 0.994495 0.000000 -0.104784 0.517808 0.517808 0.517808
7945.264160 0.000000 1739.124512 0.000000 0.919348 0.000000 -0.393445 0.560421 0.560421 0.560421
4830.021484 0.000000 2041.704468 0.000000 0.914524 0.000000 0.404532 0.425919 0.425919 0.425919
4801.945801 0.000000 2162.709961 0.000000 0.903758 0.000000 0.428044 0.431258 0.431258 0.431258
4796.312988 0.000000 2226.645508 0.000000 0.897044 0.000000 -0.441942 0.583141 0.583141 0.583141
4793.198730 0.000000 2229.625977 0.000000 0.999954 0.000000 0.009569 0.523078 0.523078 0.523078
4780.222168 0.000000 2236.276367 0.000000 0.997742 0.000000 0.067165 0.529036 0.529036 0.529036
4823.285645 0.000000 2242.601074 0.000000 0.952718 0.000000 -0.303855 0.547518 0.547518 0.547518
4300.917480 0.000000 2390.540771 0.000000 0.978774 0.000000 0.204942 0.464831 0.464831 0.464831
4289.945801 0.000000 2388.647461 0.000000 0.967210 0.000000 -0.253976 0.562944 0.562944 0.562944
4329.821777 0.000000 2386.800781 0.000000 0.893300 0.000000 0.449461 0.477905 0.477905 0.477905
5233.324707 0.000000 2125.519043 0.000000 0.880374 0.000000 0.474280 0.406920 0.406920 0.406920
6372.749023 0.000000 1816.869507 0.000000 0.965160 0.000000 -0.261660 0.548083 0.548083 0.548083
7393.641602 0.000000 1825.578613 0.000000 0.987235 0.000000 0.159268 0.467475 0.467475 0.467475
7393.853027 0.000000 1819.264771 0.000000 0.985897 0.000000 -0.167356 0.528147 0.528147 0.528147
7410.290039 0.000000 1861.266113 0.000000 0.938265 0.000000 -0.345918 0.846214 0.846214 0.846214
7398.267090 0.000000 1829.311401 0.000000 0.951688 0.000000 -0.307067 0.800667 0.800667 0.800667
7403.013184 0.000000 1978.163330 0.000000 0.984229 0.000000 -0.176898 0.744569 0.744569 0.744569
7403.303711 0.000000 1979.513306 0.000000 0.982859 0.000000 0.184361 0.685571 0.685571 0.685571
7942.251953 0.000000 1846.640503 0.000000 0.997754 0.000000 -0.066988 0.608579 0.608579 0.608579
"}
object={
	name="palm_dense_generator_3_2"
	clamp_to_water_level=no
	render_under_water=no
	generated_content=yes
	layer="semidynamic_high"
	pdxmesh="tree_palm_03_mesh"
	count=158
	transform="459.084900 0.000000 744.675537 0.000000 0.247971 0.000000 -0.968767 0.737804 0.737804 0.737804
737.679993 0.000000 677.155884 0.000000 0.528491 0.000000 -0.848939 0.681884 0.681884 0.681884
841.278137 0.000000 840.864807 0.000000 0.222377 0.000000 -0.974961 0.782888 0.782888 0.782888
841.084778 0.000000 858.083496 0.000000 0.160851 0.000000 -0.986979 0.797116 0.797116 0.797116
388.755341 0.000000 931.622681 0.000000 0.859538 0.000000 -0.511072 0.613500 0.613500 0.613500
934.346802 0.000000 1014.492065 0.000000 0.159016 0.000000 -0.987276 0.799621 0.799621 0.799621
2342.469482 0.000000 1438.703369 0.000000 0.594921 0.000000 -0.803784 0.689848 0.689848 0.689848
2204.431641 0.000000 1702.039062 0.000000 0.581219 0.000000 -0.813747 0.700412 0.700412 0.700412
2703.831299 0.000000 1755.187500 0.000000 0.063743 0.000000 -0.997966 0.821114 0.821114 0.821114
462.090912 0.000000 2020.986938 0.000000 0.280518 0.000000 -0.959849 1.051497 1.051497 1.051497
494.219696 0.000000 2008.144775 0.000000 0.762017 0.000000 -0.647557 0.888507 0.888507 0.888507
463.000977 0.000000 2020.637085 0.000000 0.819948 0.000000 -0.572438 0.944429 0.944429 0.944429
560.927490 0.000000 1965.484741 0.000000 0.481857 0.000000 -0.876250 0.669981 0.669981 0.669981
547.060913 0.000000 1975.785645 0.000000 0.642348 0.000000 -0.766413 0.633094 0.633094 0.633094
1833.676880 0.000000 1995.020142 0.000000 0.370016 0.000000 -0.929025 0.749480 0.749480 0.749480
1978.385132 0.000000 1923.060791 0.000000 0.046023 0.000000 -0.998940 0.826038 0.826038 0.826038
2150.385986 0.000000 1824.344971 0.000000 0.857543 0.000000 -0.514412 0.609062 0.609062 0.609062
2086.646240 0.000000 2009.110352 0.000000 0.199343 0.000000 -0.979930 0.781682 0.781682 0.781682
2263.407959 0.000000 2045.275635 0.000000 0.854544 0.000000 -0.519378 0.611051 0.611051 0.611051
2245.808838 0.000000 2145.405029 0.000000 0.216584 0.000000 -0.976264 0.744630 0.744630 0.744630
2314.234863 0.000000 2080.883301 0.000000 0.101044 0.000000 -0.994882 0.784521 0.784521 0.784521
2360.246338 0.000000 2092.778809 0.000000 0.092800 0.000000 -0.995685 0.786125 0.786125 0.786125
2668.992676 0.000000 2282.275635 0.000000 0.233838 0.000000 -0.972275 0.710436 0.710436 0.710436
3906.335449 0.000000 2290.604980 0.000000 0.404765 0.000000 -0.914421 0.707879 0.707879 0.707879
5359.645996 0.000000 1024.416748 0.000000 0.810713 0.000000 -0.585443 0.623898 0.623898 0.623898
5751.822754 0.000000 1556.371338 0.000000 0.456238 0.000000 -0.889858 0.692674 0.692674 0.692674
5761.843750 0.000000 1514.973389 0.000000 0.218212 0.000000 -0.975901 0.746352 0.746352 0.746352
5746.709961 0.000000 1595.652344 0.000000 0.337965 0.000000 -0.941159 0.730943 0.730943 0.730943
5756.926270 0.000000 1641.889893 0.000000 0.247536 0.000000 -0.968879 0.710190 0.710190 0.710190
5763.597168 0.000000 1606.669067 0.000000 0.180072 0.000000 -0.983653 0.730551 0.730551 0.730551
8043.601562 0.000000 674.228210 0.000000 0.137919 0.000000 -0.990444 0.789131 0.789131 0.789131
8061.282227 0.000000 665.283325 0.000000 0.420330 0.000000 -0.907371 0.718426 0.718426 0.718426
8044.898438 0.000000 677.188965 0.000000 0.237687 0.000000 -0.971342 0.735091 0.735091 0.735091
8083.443848 0.000000 614.763550 0.000000 0.628918 0.000000 -0.777472 0.678437 0.678437 0.678437
6939.678223 0.000000 1304.154785 0.000000 0.834487 0.000000 -0.551028 0.614737 0.614737 0.614737
6348.617676 0.000000 1485.241089 0.000000 0.396965 0.000000 -0.917834 0.704188 0.704188 0.704188
6324.072754 0.000000 1573.581299 0.000000 0.811317 0.000000 -0.584606 0.612470 0.612470 0.612470
6394.250000 0.000000 1558.570068 0.000000 0.595844 0.000000 -0.803101 0.660282 0.660282 0.660282
6371.429199 0.000000 1575.249146 0.000000 0.022796 0.000000 -0.999740 0.744053 0.744053 0.744053
6505.322754 0.000000 1403.900635 0.000000 0.251579 0.000000 -0.967837 0.778545 0.778545 0.778545
6504.199219 0.000000 1386.470947 0.000000 0.665576 0.000000 -0.746330 0.658072 0.658072 0.658072
6476.251465 0.000000 1418.945435 0.000000 0.477585 0.000000 -0.878585 0.697273 0.697273 0.697273
6504.687988 0.000000 1434.609985 0.000000 0.671658 0.000000 -0.740861 0.639665 0.639665 0.639665
6480.485352 0.000000 1437.221558 0.000000 0.236832 0.000000 -0.971551 0.726906 0.726906 0.726906
6521.993164 0.000000 1448.705200 0.000000 0.364900 0.000000 -0.931047 0.695932 0.695932 0.695932
6501.805176 0.000000 1467.636108 0.000000 0.656789 0.000000 -0.754075 0.639796 0.639796 0.639796
6511.960449 0.000000 1455.061157 0.000000 0.478683 0.000000 -0.877988 0.676175 0.676175 0.676175
6510.953613 0.000000 1465.508911 0.000000 0.567898 0.000000 -0.823099 0.657499 0.657499 0.657499
6539.039062 0.000000 1371.881348 0.000000 0.727974 0.000000 -0.685605 0.630415 0.630415 0.630415
6622.725586 0.000000 1359.217529 0.000000 0.620288 0.000000 -0.784374 0.662417 0.662417 0.662417
6625.433594 0.000000 1447.912964 0.000000 0.008068 0.000000 -0.999967 0.770954 0.770954 0.770954
6441.650879 0.000000 1477.880493 0.000000 0.704719 0.000000 -0.709487 0.656256 0.656256 0.656256
6455.794922 0.000000 1481.599976 0.000000 0.641670 0.000000 -0.766981 0.666618 0.666618 0.666618
6455.867676 0.000000 1515.825439 0.000000 0.789282 0.000000 -0.614031 0.624044 0.624044 0.624044
6459.815430 0.000000 1487.313599 0.000000 0.571789 0.000000 -0.820400 0.689875 0.689875 0.689875
6459.993164 0.000000 1485.137329 0.000000 0.445554 0.000000 -0.895255 0.684809 0.684809 0.684809
6448.395508 0.000000 1500.924805 0.000000 0.103385 0.000000 -0.994641 0.742308 0.742308 0.742308
6433.853027 0.000000 1480.358521 0.000000 0.183407 0.000000 -0.983037 0.735180 0.735180 0.735180
6451.609375 0.000000 1503.942993 0.000000 0.157269 0.000000 -0.987556 0.732273 0.732273 0.732273
6445.470215 0.000000 1515.878052 0.000000 0.652688 0.000000 -0.757627 0.641972 0.641972 0.641972
6464.016113 0.000000 1477.246338 0.000000 0.549743 0.000000 -0.835334 0.672914 0.672914 0.672914
6415.272949 0.000000 1546.996704 0.000000 0.083436 0.000000 -0.996513 0.828046 0.828046 0.828046
6417.360840 0.000000 1571.238525 0.000000 0.100188 0.000000 -0.994968 0.799005 0.799005 0.799005
6426.692383 0.000000 1537.529053 0.000000 0.842482 0.000000 -0.538724 0.591399 0.591399 0.591399
6610.498535 0.000000 1472.411743 0.000000 0.152678 0.000000 -0.988276 0.781874 0.781874 0.781874
6639.882812 0.000000 1473.617432 0.000000 0.603870 0.000000 -0.797083 0.677902 0.677902 0.677902
6606.213379 0.000000 1470.298706 0.000000 0.847078 0.000000 -0.531469 0.589180 0.589180 0.589180
6607.104980 0.000000 1471.496338 0.000000 0.826304 0.000000 -0.563225 0.595220 0.595220 0.595220
6598.813965 0.000000 1490.357788 0.000000 0.049280 0.000000 -0.998785 0.735316 0.735316 0.735316
6593.993652 0.000000 1492.043823 0.000000 0.665316 0.000000 -0.746562 0.629729 0.629729 0.629729
6590.477051 0.000000 1550.484375 0.000000 0.330439 0.000000 -0.943827 0.703541 0.703541 0.703541
6317.684570 0.000000 1624.473267 0.000000 0.779405 0.000000 -0.626520 0.604718 0.604718 0.604718
6322.362305 0.000000 1616.260132 0.000000 0.790380 0.000000 -0.612617 0.601978 0.601978 0.601978
6305.152344 0.000000 1627.730347 0.000000 0.086748 0.000000 -0.996230 0.730619 0.730619 0.730619
6384.248535 0.000000 1635.367798 0.000000 0.637765 0.000000 -0.770231 0.634234 0.634234 0.634234
6365.291016 0.000000 1680.389404 0.000000 0.052655 0.000000 -0.998613 0.805289 0.805289 0.805289
6378.351562 0.000000 1687.135254 0.000000 0.078205 0.000000 -0.996937 0.782404 0.782404 0.782404
6355.857422 0.000000 1690.743774 0.000000 0.608858 0.000000 -0.793279 0.677966 0.677966 0.677966
6377.763184 0.000000 1660.067383 0.000000 0.858911 0.000000 -0.512125 0.610210 0.610210 0.610210
6338.944824 0.000000 1711.927246 0.000000 0.338372 0.000000 -0.941013 0.748302 0.748302 0.748302
6362.062500 0.000000 1721.568848 0.000000 0.448938 0.000000 -0.893563 0.685835 0.685835 0.685835
6362.105957 0.000000 1771.716553 0.000000 0.083888 0.000000 -0.996475 0.864313 0.864313 0.864313
6446.782227 0.000000 1623.626587 0.000000 0.353786 0.000000 -0.935326 0.736823 0.736823 0.736823
6676.841797 0.000000 1446.675537 0.000000 0.423693 0.000000 -0.905806 0.686308 0.686308 0.686308
6674.728027 0.000000 1446.267456 0.000000 0.161524 0.000000 -0.986869 0.731564 0.731564 0.731564
6691.500488 0.000000 1439.693970 0.000000 0.135769 0.000000 -0.990741 0.737995 0.737995 0.737995
6679.838867 0.000000 1443.133057 0.000000 0.133465 0.000000 -0.991054 0.737305 0.737305 0.737305
6678.292480 0.000000 1443.529907 0.000000 0.827378 0.000000 -0.561645 0.598489 0.598489 0.598489
6754.977539 0.000000 1483.093140 0.000000 0.056682 0.000000 -0.998392 0.743242 0.743242 0.743242
6767.960449 0.000000 1511.545532 0.000000 0.818948 0.000000 -0.573867 0.593616 0.593616 0.593616
6759.871094 0.000000 1489.029297 0.000000 0.004735 0.000000 -0.999989 0.742209 0.742209 0.742209
6656.126465 0.000000 1570.760986 0.000000 0.133911 0.000000 -0.990993 0.751034 0.751034 0.751034
6656.328125 0.000000 1573.546509 0.000000 0.757444 0.000000 -0.652900 0.646955 0.646955 0.646955
6657.519531 0.000000 1572.621948 0.000000 0.740284 0.000000 -0.672295 0.650877 0.650877 0.650877
6659.040527 0.000000 1573.123657 0.000000 0.598564 0.000000 -0.801075 0.679922 0.679922 0.679922
6774.588867 0.000000 1578.261230 0.000000 0.651193 0.000000 -0.758912 0.655849 0.655849 0.655849
6780.125488 0.000000 1535.972656 0.000000 0.573519 0.000000 -0.819192 0.642004 0.642004 0.642004
6759.071777 0.000000 1574.796265 0.000000 0.828446 0.000000 -0.560070 0.639708 0.639708 0.639708
6851.498047 0.000000 1525.835693 0.000000 0.857034 0.000000 -0.515260 0.586558 0.586558 0.586558
6971.429199 0.000000 1437.421997 0.000000 0.785798 0.000000 -0.618483 0.614117 0.614117 0.614117
6984.953125 0.000000 1438.040039 0.000000 0.493284 0.000000 -0.869868 0.679750 0.679750 0.679750
7024.395508 0.000000 1444.440430 0.000000 0.731215 0.000000 -0.682147 0.626224 0.626224 0.626224
7038.095703 0.000000 1443.655518 0.000000 0.227128 0.000000 -0.973865 0.727601 0.727601 0.727601
7154.516602 0.000000 1371.656494 0.000000 0.580224 0.000000 -0.814457 0.680710 0.680710 0.680710
7064.422363 0.000000 1441.809570 0.000000 0.175093 0.000000 -0.984552 0.752284 0.752284 0.752284
7066.062500 0.000000 1439.146973 0.000000 0.326490 0.000000 -0.945201 0.713760 0.713760 0.713760
6915.094727 0.000000 1523.377930 0.000000 0.304235 0.000000 -0.952597 0.696075 0.696075 0.696075
7014.782227 0.000000 1496.603394 0.000000 0.638406 0.000000 -0.769700 0.639139 0.639139 0.639139
7014.014160 0.000000 1499.422363 0.000000 0.343136 0.000000 -0.939286 0.692427 0.692427 0.692427
6941.938965 0.000000 1541.611572 0.000000 0.530110 0.000000 -0.847929 0.655011 0.655011 0.655011
6940.436523 0.000000 1541.681030 0.000000 0.797026 0.000000 -0.603945 0.599317 0.599317 0.599317
7023.029785 0.000000 1539.321655 0.000000 0.158207 0.000000 -0.987406 0.732117 0.732117 0.732117
7082.439941 0.000000 1480.817627 0.000000 0.046212 0.000000 -0.998932 0.754061 0.754061 0.754061
6691.032227 0.000000 1599.198608 0.000000 0.086437 0.000000 -0.996257 0.803690 0.803690 0.803690
6723.837402 0.000000 1605.124634 0.000000 0.214308 0.000000 -0.976766 0.789699 0.789699 0.789699
6774.302246 0.000000 1595.849976 0.000000 0.050959 0.000000 -0.998701 0.785141 0.785141 0.785141
6774.588867 0.000000 1634.745605 0.000000 0.082896 0.000000 -0.996558 0.773564 0.773564 0.773564
6774.238281 0.000000 1637.924561 0.000000 0.405219 0.000000 -0.914220 0.675822 0.675822 0.675822
6778.650879 0.000000 1592.740479 0.000000 0.553994 0.000000 -0.832521 0.709915 0.709915 0.709915
6731.890137 0.000000 1632.295532 0.000000 0.603712 0.000000 -0.797203 0.764044 0.764044 0.764044
6750.652344 0.000000 1650.132202 0.000000 0.038359 0.000000 -0.999264 0.786360 0.786360 0.786360
6750.669434 0.000000 1653.663330 0.000000 0.448134 0.000000 -0.893966 0.819310 0.819310 0.819310
6771.308594 0.000000 1653.221924 0.000000 0.575507 0.000000 -0.817797 0.759113 0.759113 0.759113
6785.598145 0.000000 1641.612671 0.000000 0.755658 0.000000 -0.654966 0.616333 0.616333 0.616333
6790.916992 0.000000 1640.470825 0.000000 0.411045 0.000000 -0.911615 0.794379 0.794379 0.794379
7760.939453 0.000000 1315.069336 0.000000 0.747123 0.000000 -0.664686 0.648935 0.648935 0.648935
7232.371582 0.000000 1473.678589 0.000000 0.577609 0.000000 -0.816313 0.670590 0.670590 0.670590
7439.590332 0.000000 1464.205811 0.000000 0.240938 0.000000 -0.970541 0.749053 0.749053 0.749053
7222.395020 0.000000 1704.594482 0.000000 0.568127 0.000000 -0.822941 0.786624 0.786624 0.786624
7224.930664 0.000000 1706.931396 0.000000 0.702979 0.000000 -0.711211 0.637540 0.637540 0.637540
7276.614746 0.000000 1743.787842 0.000000 0.714658 0.000000 -0.699474 0.796643 0.796643 0.796643
7276.346191 0.000000 1742.171143 0.000000 0.005416 0.000000 -0.999985 0.924310 0.924310 0.924310
7243.042480 0.000000 1735.563110 0.000000 0.366972 0.000000 -0.930232 0.864517 0.864517 0.864517
7242.347656 0.000000 1734.600830 0.000000 0.220715 0.000000 -0.975338 0.889253 0.889253 0.889253
7543.107910 0.000000 1683.248169 0.000000 0.459031 0.000000 -0.888420 0.739641 0.739641 0.739641
7499.583008 0.000000 1684.991699 0.000000 0.575026 0.000000 -0.818135 0.722110 0.722110 0.722110
7553.519531 0.000000 1685.590698 0.000000 0.458662 0.000000 -0.888611 0.726913 0.726913 0.726913
7699.524902 0.000000 1674.980713 0.000000 0.469337 0.000000 -0.883019 0.668194 0.668194 0.668194
7701.353516 0.000000 1673.936646 0.000000 0.498843 0.000000 -0.866692 0.675893 0.675893 0.675893
7902.348145 0.000000 1724.869629 0.000000 0.287952 0.000000 -0.957645 0.692020 0.692020 0.692020
7907.093262 0.000000 1773.391724 0.000000 0.337381 0.000000 -0.941368 0.733816 0.733816 0.733816
7891.301758 0.000000 1770.584473 0.000000 0.811106 0.000000 -0.584899 0.592882 0.592882 0.592882
7990.302246 0.000000 1708.818726 0.000000 0.443025 0.000000 -0.896509 0.699436 0.699436 0.699436
7991.353516 0.000000 1701.675049 0.000000 0.432907 0.000000 -0.901439 0.680426 0.680426 0.680426
7965.685059 0.000000 1729.285889 0.000000 0.464258 0.000000 -0.885700 0.666642 0.666642 0.666642
4834.967773 0.000000 2124.664551 0.000000 0.855244 0.000000 -0.518226 0.597312 0.597312 0.597312
4819.521973 0.000000 2121.697510 0.000000 0.204200 0.000000 -0.978929 0.723405 0.723405 0.723405
4806.395508 0.000000 2232.946289 0.000000 0.022511 0.000000 -0.999747 0.810195 0.810195 0.810195
4802.681152 0.000000 2225.109131 0.000000 0.546672 0.000000 -0.837347 0.672070 0.672070 0.672070
4285.535645 0.000000 2313.550537 0.000000 0.607972 0.000000 -0.793959 0.660419 0.660419 0.660419
4284.104492 0.000000 2313.028809 0.000000 0.857596 0.000000 -0.514324 0.594475 0.594475 0.594475
4299.049316 0.000000 2365.740234 0.000000 0.815665 0.000000 -0.578525 0.609737 0.609737 0.609737
4326.337891 0.000000 2386.079834 0.000000 0.296605 0.000000 -0.955000 0.757227 0.757227 0.757227
4301.704590 0.000000 2385.170410 0.000000 0.267391 0.000000 -0.963588 0.741974 0.741974 0.741974
5314.311035 0.000000 1900.595459 0.000000 0.336541 0.000000 -0.941669 0.741341 0.741341 0.741341
5272.332520 0.000000 2068.641846 0.000000 0.039951 0.000000 -0.999202 0.786062 0.786062 0.786062
7421.240234 0.000000 1878.015625 0.000000 0.552292 0.000000 -0.833651 0.658353 0.658353 0.658353
7315.389160 0.000000 2102.504639 0.000000 0.538591 0.000000 -0.842567 0.649722 0.649722 0.649722
"}
