object={
	name="pine_dense_generator_1_0"
	clamp_to_water_level=no
	render_under_water=no
	generated_content=yes
	layer="semidynamic"
	pdxmesh="tree_fir_001_mesh"
	count=0
}
object={
	name="pine_dense_generator_1_1"
	clamp_to_water_level=no
	render_under_water=no
	generated_content=yes
	layer="semidynamic"
	pdxmesh="tree_fir_002_mesh"
	count=192
	transform="7897.505859 0.000000 392.677948 0.000000 0.085745 0.000000 0.996317 0.468041 0.468041 0.468041
7905.947754 0.000000 388.379761 0.000000 0.248963 0.000000 0.968513 0.517313 0.517313 0.517313
7895.836426 0.000000 389.519135 0.000000 0.446865 0.000000 0.894602 0.474148 0.474148 0.474148
7900.380371 0.000000 393.756592 0.000000 0.108542 0.000000 0.994092 0.486577 0.486577 0.486577
7905.062500 0.000000 390.980164 0.000000 0.682007 0.000000 0.731345 0.529837 0.529837 0.529837
7904.544434 0.000000 386.237823 0.000000 0.396956 0.000000 0.917838 0.521619 0.521619 0.521619
7899.698730 0.000000 385.405579 0.000000 0.679662 0.000000 0.733525 0.532143 0.532143 0.532143
7935.697754 0.000000 383.630402 0.000000 0.378792 0.000000 0.925482 0.519929 0.519929 0.519929
7906.900879 0.000000 395.455353 0.000000 0.280307 0.000000 0.959910 0.515937 0.515937 0.515937
7903.826172 0.000000 403.513000 0.000000 0.306120 0.000000 0.951993 0.432418 0.432418 0.432418
7908.045898 0.000000 400.665527 0.000000 0.487819 0.000000 0.872945 0.420553 0.420553 0.420553
7902.608887 0.000000 400.930267 0.000000 0.014911 0.000000 0.999889 0.507505 0.507505 0.507505
7935.509766 0.000000 432.609161 0.000000 0.549339 0.000000 0.835599 0.511091 0.511091 0.511091
7958.478027 0.000000 373.799530 0.000000 0.544135 0.000000 0.838997 0.526217 0.526217 0.526217
7943.979980 0.000000 381.041534 0.000000 0.136699 0.000000 0.990613 0.513049 0.513049 0.513049
7953.256836 0.000000 373.621124 0.000000 0.093510 0.000000 0.995618 0.512968 0.512968 0.512968
7945.063965 0.000000 369.368256 0.000000 0.375797 0.000000 0.926702 0.523284 0.523284 0.523284
7940.763672 0.000000 375.098450 0.000000 0.311483 0.000000 0.950252 0.390144 0.390144 0.390144
7949.506836 0.000000 374.720734 0.000000 0.073333 0.000000 0.997308 0.470013 0.470013 0.470013
7955.991699 0.000000 372.133728 0.000000 0.684166 0.000000 0.729326 0.531115 0.531115 0.531115
7947.616211 0.000000 368.247406 0.000000 0.681819 0.000000 0.731521 0.532224 0.532224 0.532224
7951.870117 0.000000 375.729126 0.000000 0.470725 0.000000 0.882280 0.505230 0.505230 0.505230
7959.339844 0.000000 371.313751 0.000000 0.492145 0.000000 0.870513 0.519879 0.519879 0.519879
7943.914551 0.000000 397.227539 0.000000 0.614894 0.000000 0.788610 0.408584 0.408584 0.408584
7959.191895 0.000000 441.281250 0.000000 0.512829 0.000000 0.858491 0.505284 0.505284 0.505284
7980.062988 0.000000 460.864136 0.000000 0.446663 0.000000 0.894702 0.496382 0.496382 0.496382
7986.789551 0.000000 463.962311 0.000000 0.614793 0.000000 0.788688 0.500069 0.500069 0.500069
7980.194824 0.000000 463.952393 0.000000 0.212993 0.000000 0.977054 0.489159 0.489159 0.489159
8030.530273 0.000000 475.335052 0.000000 0.025761 0.000000 0.999668 0.473407 0.473407 0.473407
8036.276367 0.000000 485.121765 0.000000 0.056065 0.000000 0.998427 0.405962 0.405962 0.405962
8004.763672 0.000000 488.067200 0.000000 0.613549 0.000000 0.789657 0.460522 0.460522 0.460522
8041.967773 0.000000 481.692932 0.000000 0.548418 0.000000 0.836204 0.489795 0.489795 0.489795
8102.230957 0.000000 546.888428 0.000000 0.295425 0.000000 0.955366 0.447360 0.447360 0.447360
8100.276367 0.000000 541.606140 0.000000 0.567626 0.000000 0.823287 0.471301 0.471301 0.471301
8111.537109 0.000000 535.487854 0.000000 0.032991 0.000000 0.999456 0.423891 0.423891 0.423891
8102.581055 0.000000 543.483826 0.000000 0.165084 0.000000 0.986279 0.453867 0.453867 0.453867
8114.798340 0.000000 545.040527 0.000000 0.085106 0.000000 0.996372 0.458991 0.458991 0.458991
8109.516602 0.000000 579.577026 0.000000 0.521720 0.000000 0.853117 0.452295 0.452295 0.452295
8109.434082 0.000000 594.572998 0.000000 0.092064 0.000000 0.995753 0.434117 0.434117 0.434117
8153.681152 0.000000 598.621216 0.000000 0.100566 0.000000 0.994930 0.436565 0.436565 0.436565
8144.186523 0.000000 583.994995 0.000000 0.321741 0.000000 0.946828 0.449074 0.449074 0.449074
5225.385742 0.000000 3139.558838 0.000000 0.534976 0.000000 0.844868 0.386182 0.386182 0.386182
5309.658691 0.000000 3141.956299 0.000000 0.093632 0.000000 0.995607 0.393849 0.393849 0.393849
5471.826172 0.000000 2945.309814 0.000000 0.095108 0.000000 0.995467 0.379371 0.379371 0.379371
5440.254883 0.000000 3040.812744 0.000000 0.075074 0.000000 0.997178 0.379389 0.379389 0.379389
5440.098633 0.000000 3000.620850 0.000000 0.058131 0.000000 0.998309 0.388677 0.388677 0.388677
5399.491699 0.000000 3050.787842 0.000000 0.494914 0.000000 0.868942 0.393086 0.393086 0.393086
5394.283691 0.000000 3051.289062 0.000000 0.277160 0.000000 0.960824 0.387256 0.387256 0.387256
5527.890625 0.000000 3125.698242 0.000000 0.222273 0.000000 0.974985 0.394661 0.394661 0.394661
5523.771973 0.000000 3129.266113 0.000000 0.254364 0.000000 0.967109 0.396337 0.396337 0.396337
5842.230469 0.000000 2975.223145 0.000000 0.696249 0.000000 0.717800 0.422528 0.422528 0.422528
5858.015137 0.000000 3014.167480 0.000000 0.593066 0.000000 0.805154 0.411789 0.411789 0.411789
5856.426758 0.000000 3006.109619 0.000000 0.626211 0.000000 0.779654 0.413675 0.413675 0.413675
5872.647949 0.000000 3034.147705 0.000000 0.226333 0.000000 0.974050 0.399415 0.399415 0.399415
5652.968750 0.000000 3158.765625 0.000000 0.485204 0.000000 0.874401 0.386185 0.386185 0.386185
5698.500488 0.000000 3126.384766 0.000000 0.057057 0.000000 0.998371 0.381704 0.381704 0.381704
5788.793945 0.000000 3052.998047 0.000000 0.095698 0.000000 0.995410 0.389236 0.389236 0.389236
5786.122559 0.000000 3060.964600 0.000000 0.346061 0.000000 0.938212 0.383466 0.383466 0.383466
5793.210449 0.000000 3095.029541 0.000000 0.286881 0.000000 0.957966 0.401566 0.401566 0.401566
5797.098633 0.000000 3093.027344 0.000000 0.440568 0.000000 0.897719 0.405343 0.405343 0.405343
5270.478027 0.000000 3198.018311 0.000000 0.686629 0.000000 0.727008 0.413745 0.413745 0.413745
5278.530273 0.000000 3186.584961 0.000000 0.685046 0.000000 0.728500 0.392870 0.392870 0.392870
5274.074219 0.000000 3193.641357 0.000000 0.476827 0.000000 0.878997 0.411972 0.411972 0.411972
5277.237305 0.000000 3196.647217 0.000000 0.270243 0.000000 0.962792 0.398942 0.398942 0.398942
5299.213867 0.000000 3209.382324 0.000000 0.120625 0.000000 0.992698 0.409335 0.409335 0.409335
5319.671387 0.000000 3187.981445 0.000000 0.109073 0.000000 0.994034 0.406831 0.406831 0.406831
5319.979980 0.000000 3205.260254 0.000000 0.008003 0.000000 0.999968 0.379848 0.379848 0.379848
5373.658691 0.000000 3198.440674 0.000000 0.164655 0.000000 0.986351 0.380632 0.380632 0.380632
5315.505371 0.000000 3206.551270 0.000000 0.174182 0.000000 0.984713 0.411393 0.411393 0.411393
5252.047852 0.000000 3227.959473 0.000000 0.569382 0.000000 0.822073 0.401645 0.401645 0.401645
5289.563477 0.000000 3302.584717 0.000000 0.011641 0.000000 0.999932 0.399499 0.399499 0.399499
5367.531250 0.000000 3286.697510 0.000000 0.598314 0.000000 0.801262 0.397327 0.397327 0.397327
5306.807129 0.000000 3339.232666 0.000000 0.598378 0.000000 0.801214 0.387982 0.387982 0.387982
5380.763672 0.000000 3199.317139 0.000000 0.373225 0.000000 0.927741 0.394677 0.394677 0.394677
5747.456055 0.000000 3382.866455 0.000000 0.439768 0.000000 0.898111 0.406523 0.406523 0.406523
5964.552734 0.000000 3189.319092 0.000000 0.030555 0.000000 0.999533 0.383642 0.383642 0.383642
5808.205566 0.000000 3445.521240 0.000000 0.423781 0.000000 0.905765 0.409817 0.409817 0.409817
5805.311035 0.000000 3423.412354 0.000000 0.573538 0.000000 0.819179 0.406565 0.406565 0.406565
5969.939453 0.000000 3487.342529 0.000000 0.609719 0.000000 0.792617 0.425453 0.425453 0.425453
5973.668945 0.000000 3511.820068 0.000000 0.270358 0.000000 0.962760 0.425901 0.425901 0.425901
6222.007324 0.000000 3137.530762 0.000000 0.359835 0.000000 0.933016 0.388516 0.388516 0.388516
6280.407715 0.000000 3114.452881 0.000000 0.629932 0.000000 0.776650 0.387789 0.387789 0.387789
6302.530273 0.000000 3130.100586 0.000000 0.484938 0.000000 0.874549 0.385436 0.385436 0.385436
6306.900879 0.000000 3163.189697 0.000000 0.094322 0.000000 0.995542 0.379434 0.379434 0.379434
6397.248047 0.000000 3209.126953 0.000000 0.684422 0.000000 0.729086 0.388904 0.388904 0.388904
6370.900879 0.000000 3276.158447 0.000000 0.028771 0.000000 0.999586 0.378983 0.378983 0.378983
6412.978516 0.000000 3163.861084 0.000000 0.630837 0.000000 0.775915 0.388559 0.388559 0.388559
6402.396484 0.000000 3277.955811 0.000000 0.006717 0.000000 0.999977 0.387914 0.387914 0.387914
6633.563477 0.000000 3302.584717 0.000000 0.151622 0.000000 0.988438 0.381159 0.381159 0.381159
6599.979980 0.000000 3318.229004 0.000000 0.675106 0.000000 0.737721 0.388649 0.388649 0.388649
6625.210449 0.000000 3320.967041 0.000000 0.666976 0.000000 0.745079 0.388625 0.388625 0.388625
6356.089355 0.000000 3490.363770 0.000000 0.576704 0.000000 0.816953 0.386919 0.386919 0.386919
6369.210449 0.000000 3490.420166 0.000000 0.198796 0.000000 0.980041 0.422270 0.422270 0.422270
6355.771973 0.000000 3468.172363 0.000000 0.461139 0.000000 0.887328 0.402115 0.402115 0.402115
6373.098633 0.000000 3488.417969 0.000000 0.257502 0.000000 0.966278 0.423332 0.423332 0.423332
6511.537109 0.000000 3472.675293 0.000000 0.466587 0.000000 0.884475 0.432053 0.432053 0.432053
6643.456055 0.000000 3439.350830 0.000000 0.377094 0.000000 0.926175 0.406622 0.406622 0.406622
6642.842773 0.000000 3406.932373 0.000000 0.407926 0.000000 0.913015 0.397626 0.397626 0.397626
6610.283691 0.000000 3390.195312 0.000000 0.354847 0.000000 0.934924 0.393195 0.393195 0.393195
6644.365234 0.000000 3484.813232 0.000000 0.035908 0.000000 0.999355 0.398732 0.398732 0.398732
6653.292480 0.000000 3458.105957 0.000000 0.464813 0.000000 0.885409 0.414141 0.414141 0.414141
6418.127930 0.000000 3515.307373 0.000000 0.612544 0.000000 0.790436 0.407322 0.407322 0.407322
6414.873047 0.000000 3510.078369 0.000000 0.400506 0.000000 0.916294 0.437811 0.437811 0.437811
6422.937012 0.000000 3516.458496 0.000000 0.228447 0.000000 0.973556 0.420476 0.420476 0.420476
6405.464844 0.000000 3506.813232 0.000000 0.428226 0.000000 0.903672 0.414658 0.414658 0.414658
6422.628418 0.000000 3532.058350 0.000000 0.640909 0.000000 0.767617 0.450372 0.450372 0.450372
6464.163086 0.000000 3536.777832 0.000000 0.488974 0.000000 0.872299 0.455101 0.455101 0.455101
6475.406250 0.000000 3535.102051 0.000000 0.130282 0.000000 0.991477 0.446292 0.446292 0.446292
6596.047852 0.000000 3510.381348 0.000000 0.518132 0.000000 0.855301 0.430730 0.430730 0.430730
6610.579102 0.000000 3557.220215 0.000000 0.579602 0.000000 0.814900 0.447672 0.447672 0.447672
6604.457520 0.000000 3553.807129 0.000000 0.029949 0.000000 0.999551 0.419273 0.419273 0.419273
6596.948730 0.000000 3502.146240 0.000000 0.085641 0.000000 0.996326 0.422550 0.422550 0.422550
6689.210449 0.000000 3320.967041 0.000000 0.014284 0.000000 0.999898 0.378861 0.378861 0.378861
6770.584961 0.000000 3303.988037 0.000000 0.138897 0.000000 0.990307 0.386381 0.386381 0.386381
6703.722656 0.000000 3376.897705 0.000000 0.273348 0.000000 0.961915 0.382556 0.382556 0.382556
6710.864258 0.000000 3387.576660 0.000000 0.334067 0.000000 0.942549 0.392866 0.392866 0.392866
6726.215332 0.000000 3381.515869 0.000000 0.505705 0.000000 0.862706 0.396883 0.396883 0.396883
6738.817383 0.000000 3363.021973 0.000000 0.220361 0.000000 0.975418 0.389935 0.389935 0.389935
6840.315430 0.000000 3369.587158 0.000000 0.674615 0.000000 0.738169 0.423250 0.423250 0.423250
6866.817383 0.000000 3363.021973 0.000000 0.472150 0.000000 0.881518 0.396308 0.396308 0.396308
7125.705078 0.000000 3189.992676 0.000000 0.319480 0.000000 0.947593 0.383207 0.383207 0.383207
6945.210449 0.000000 3320.967041 0.000000 0.436072 0.000000 0.899912 0.388518 0.388518 0.388518
7127.491699 0.000000 3276.725342 0.000000 0.152591 0.000000 0.988289 0.380535 0.380535 0.380535
7105.451172 0.000000 3344.753662 0.000000 0.695282 0.000000 0.718737 0.391843 0.391843 0.391843
7160.550781 0.000000 3365.437256 0.000000 0.313646 0.000000 0.949540 0.402005 0.402005 0.402005
7113.203613 0.000000 3368.278809 0.000000 0.506632 0.000000 0.862162 0.385571 0.385571 0.385571
6726.330566 0.000000 3401.159424 0.000000 0.349803 0.000000 0.936823 0.399048 0.399048 0.399048
6749.237305 0.000000 3422.584717 0.000000 0.344887 0.000000 0.938644 0.408437 0.408437 0.408437
6710.816895 0.000000 3446.797607 0.000000 0.704892 0.000000 0.709314 0.417831 0.417831 0.417831
6697.656250 0.000000 3485.656738 0.000000 0.487259 0.000000 0.873257 0.414561 0.414561 0.414561
6721.451172 0.000000 3457.722412 0.000000 0.197383 0.000000 0.980326 0.381845 0.381845 0.381845
6720.894531 0.000000 3475.846924 0.000000 0.349971 0.000000 0.936760 0.419151 0.419151 0.419151
6889.385742 0.000000 3421.980713 0.000000 0.673997 0.000000 0.738734 0.388972 0.388972 0.388972
6857.641113 0.000000 3442.250244 0.000000 0.136591 0.000000 0.990627 0.391013 0.391013 0.391013
6869.502930 0.000000 3437.381592 0.000000 0.574992 0.000000 0.818159 0.431941 0.431941 0.431941
6960.541992 0.000000 3411.647705 0.000000 0.392967 0.000000 0.919552 0.383802 0.383802 0.383802
6974.624512 0.000000 3397.882568 0.000000 0.078079 0.000000 0.996947 0.394769 0.394769 0.394769
7071.453613 0.000000 3405.792725 0.000000 0.603378 0.000000 0.797456 0.402284 0.402284 0.402284
7098.511719 0.000000 3409.572510 0.000000 0.139264 0.000000 0.990255 0.399202 0.399202 0.399202
7081.322754 0.000000 3437.338135 0.000000 0.672338 0.000000 0.740244 0.414654 0.414654 0.414654
7076.620605 0.000000 3435.770996 0.000000 0.677605 0.000000 0.735426 0.413547 0.413547 0.413547
7154.789551 0.000000 3401.149902 0.000000 0.483971 0.000000 0.875084 0.401314 0.401314 0.401314
7043.505371 0.000000 3488.973145 0.000000 0.394961 0.000000 0.918698 0.390257 0.390257 0.390257
7106.396484 0.000000 3447.408936 0.000000 0.416196 0.000000 0.909275 0.414438 0.414438 0.414438
6967.638184 0.000000 3517.774658 0.000000 0.052254 0.000000 0.998634 0.379149 0.379149 0.379149
7374.007324 0.000000 3081.046387 0.000000 0.283451 0.000000 0.958987 0.382890 0.382890 0.382890
7397.098633 0.000000 3093.027344 0.000000 0.639991 0.000000 0.768382 0.406654 0.406654 0.406654
7409.272949 0.000000 3140.265625 0.000000 0.684181 0.000000 0.729312 0.388655 0.388655 0.388655
7428.458496 0.000000 3104.622314 0.000000 0.044756 0.000000 0.998998 0.391947 0.391947 0.391947
7196.793945 0.000000 3222.451172 0.000000 0.057068 0.000000 0.998370 0.380047 0.380047 0.380047
7229.212891 0.000000 3245.001221 0.000000 0.705774 0.000000 0.708437 0.388993 0.388993 0.388993
7421.292480 0.000000 3175.684082 0.000000 0.657454 0.000000 0.753495 0.388325 0.388325 0.388325
7326.236816 0.000000 3385.107910 0.000000 0.558451 0.000000 0.829537 0.386860 0.386860 0.386860
7371.959473 0.000000 3381.069092 0.000000 0.285650 0.000000 0.958334 0.383113 0.383113 0.383113
7561.203613 0.000000 3255.310059 0.000000 0.381043 0.000000 0.924557 0.383740 0.383740 0.383740
7665.272949 0.000000 3253.234375 0.000000 0.432529 0.000000 0.901620 0.384864 0.384864 0.384864
7485.292480 0.000000 3288.652832 0.000000 0.625727 0.000000 0.780042 0.387759 0.387759 0.387759
7514.074219 0.000000 3306.610107 0.000000 0.501653 0.000000 0.865069 0.388377 0.388377 0.388377
7514.709961 0.000000 3313.133789 0.000000 0.019078 0.000000 0.999818 0.382320 0.382320 0.382320
7473.272949 0.000000 3366.203125 0.000000 0.128689 0.000000 0.991685 0.388563 0.388563 0.388563
7513.621582 0.000000 3380.452881 0.000000 0.266117 0.000000 0.963941 0.398876 0.398876 0.398876
7532.083496 0.000000 3352.639160 0.000000 0.115207 0.000000 0.993342 0.395341 0.395341 0.395341
7541.994141 0.000000 3353.864258 0.000000 0.123391 0.000000 0.992358 0.396629 0.396629 0.396629
7585.210449 0.000000 3320.967041 0.000000 0.154920 0.000000 0.987927 0.381936 0.381936 0.381936
7628.552734 0.000000 3302.287842 0.000000 0.587670 0.000000 0.809101 0.395917 0.395917 0.395917
7575.890625 0.000000 3351.635742 0.000000 0.018069 0.000000 0.999837 0.393848 0.393848 0.393848
7558.330566 0.000000 3344.675049 0.000000 0.086002 0.000000 0.996295 0.398364 0.398364 0.398364
7571.007324 0.000000 3350.656494 0.000000 0.073924 0.000000 0.997264 0.395862 0.395862 0.395862
7352.065918 0.000000 3414.425049 0.000000 0.342893 0.000000 0.939374 0.403672 0.403672 0.403672
7343.722656 0.000000 3433.382080 0.000000 0.322182 0.000000 0.946678 0.382812 0.382812 0.382812
7357.524414 0.000000 3406.132324 0.000000 0.090563 0.000000 0.995891 0.399593 0.399593 0.399593
7355.211426 0.000000 3418.680664 0.000000 0.604845 0.000000 0.796343 0.412025 0.412025 0.412025
7347.213867 0.000000 3435.319824 0.000000 0.096343 0.000000 0.995348 0.395050 0.395050 0.395050
7343.868652 0.000000 3437.473389 0.000000 0.571458 0.000000 0.820632 0.418609 0.418609 0.418609
7374.875488 0.000000 3433.824463 0.000000 0.532220 0.000000 0.846606 0.392513 0.392513 0.392513
7385.505859 0.000000 3442.834229 0.000000 0.549441 0.000000 0.835533 0.415757 0.415757 0.415757
7377.939453 0.000000 3430.858154 0.000000 0.032990 0.000000 0.999456 0.404436 0.404436 0.404436
7359.958008 0.000000 3466.445801 0.000000 0.293058 0.000000 0.956095 0.400488 0.400488 0.400488
7354.511719 0.000000 3466.056885 0.000000 0.418350 0.000000 0.908286 0.388237 0.388237 0.388237
7423.487305 0.000000 3475.774658 0.000000 0.382180 0.000000 0.924088 0.384287 0.384287 0.384287
7410.842773 0.000000 3463.416748 0.000000 0.183477 0.000000 0.983024 0.382346 0.382346 0.382346
7408.918945 0.000000 3460.532959 0.000000 0.148032 0.000000 0.988983 0.413268 0.413268 0.413268
7486.624512 0.000000 3397.882568 0.000000 0.500124 0.000000 0.865954 0.404003 0.404003 0.404003
7489.451172 0.000000 3401.238037 0.000000 0.616750 0.000000 0.787159 0.387964 0.387964 0.387964
7503.272949 0.000000 3410.980957 0.000000 0.700401 0.000000 0.713750 0.403009 0.403009 0.403009
7542.173828 0.000000 3395.246826 0.000000 0.392626 0.000000 0.919698 0.392606 0.392606 0.392606
7483.211426 0.000000 3475.165039 0.000000 0.672642 0.000000 0.739968 0.399982 0.399982 0.399982
7553.318848 0.000000 3427.950928 0.000000 0.523281 0.000000 0.852160 0.385738 0.385738 0.385738
7692.552734 0.000000 3245.803467 0.000000 0.633259 0.000000 0.773940 0.391881 0.391881 0.391881
7689.063965 0.000000 3250.071289 0.000000 0.444989 0.000000 0.895536 0.389860 0.389860 0.389860
7751.979980 0.000000 3261.744629 0.000000 0.280707 0.000000 0.959793 0.382659 0.382659 0.382659
7849.563477 0.000000 3246.100342 0.000000 0.148983 0.000000 0.988840 0.381123 0.381123 0.381123
"}
object={
	name="pine_dense_generator_1_2"
	clamp_to_water_level=no
	render_under_water=no
	generated_content=yes
	layer="semidynamic"
	pdxmesh="tree_fir_003_mesh"
	count=193
	transform="7919.722656 0.000000 383.225922 0.000000 0.875835 0.000000 0.482610 0.521130 0.521130 0.521130
7902.060547 0.000000 387.061127 0.000000 0.986317 0.000000 0.164859 0.549040 0.549040 0.549040
7902.953613 0.000000 395.158783 0.000000 0.737515 0.000000 0.675331 0.530787 0.530787 0.530787
7923.634277 0.000000 381.634125 0.000000 0.955284 0.000000 0.295691 0.447493 0.447493 0.447493
7897.916992 0.000000 383.672455 0.000000 0.971968 0.000000 0.235111 0.549618 0.549618 0.549618
7933.658691 0.000000 430.706360 0.000000 0.746571 0.000000 0.665306 0.517830 0.517830 0.517830
7926.381836 0.000000 424.718231 0.000000 0.999676 0.000000 0.025472 0.538552 0.538552 0.538552
7904.618164 0.000000 398.756226 0.000000 0.736587 0.000000 0.676343 0.529542 0.529542 0.529542
7898.987305 0.000000 395.479431 0.000000 0.862589 0.000000 0.505905 0.537770 0.537770 0.537770
7932.832520 0.000000 427.712372 0.000000 0.825025 0.000000 0.565097 0.458168 0.458168 0.458168
7913.676758 0.000000 413.457611 0.000000 0.977229 0.000000 0.212188 0.527249 0.527249 0.527249
7902.961914 0.000000 396.351929 0.000000 0.789621 0.000000 0.613595 0.532988 0.532988 0.532988
7917.942871 0.000000 417.331512 0.000000 0.978986 0.000000 0.203926 0.537707 0.537707 0.537707
7939.505371 0.000000 382.332397 0.000000 0.951913 0.000000 0.306367 0.542500 0.542500 0.542500
7940.957520 0.000000 378.753326 0.000000 0.934041 0.000000 0.357166 0.542291 0.542291 0.542291
7947.406250 0.000000 371.977051 0.000000 0.937199 0.000000 0.348795 0.540017 0.540017 0.540017
7945.604492 0.000000 366.360657 0.000000 0.989304 0.000000 0.145868 0.512209 0.512209 0.512209
7943.213379 0.000000 377.106323 0.000000 0.997202 0.000000 0.074754 0.526887 0.526887 0.526887
7956.984863 0.000000 376.104279 0.000000 0.877393 0.000000 0.479772 0.529906 0.529906 0.529906
7942.395508 0.000000 368.961914 0.000000 0.999953 0.000000 0.009737 0.555939 0.555939 0.555939
7959.371094 0.000000 438.404541 0.000000 0.978363 0.000000 0.206896 0.481250 0.481250 0.481250
7988.463867 0.000000 466.956848 0.000000 0.929546 0.000000 0.368707 0.511756 0.511756 0.511756
8001.017578 0.000000 478.568054 0.000000 0.898549 0.000000 0.438872 0.504894 0.504894 0.504894
8038.535645 0.000000 481.383118 0.000000 0.768480 0.000000 0.639874 0.461243 0.461243 0.461243
8027.698730 0.000000 498.374329 0.000000 0.880647 0.000000 0.473772 0.496485 0.496485 0.496485
8090.122559 0.000000 519.167786 0.000000 0.763103 0.000000 0.646277 0.404402 0.404402 0.404402
8089.237793 0.000000 514.518250 0.000000 0.923402 0.000000 0.383834 0.483662 0.483662 0.483662
8118.864258 0.000000 563.358032 0.000000 0.928388 0.000000 0.371613 0.475110 0.475110 0.475110
8115.213867 0.000000 554.616577 0.000000 0.913470 0.000000 0.406906 0.479347 0.479347 0.479347
8115.402344 0.000000 562.326599 0.000000 0.868144 0.000000 0.496312 0.472235 0.472235 0.472235
8088.077637 0.000000 517.755859 0.000000 0.997870 0.000000 0.065233 0.498546 0.498546 0.498546
8114.318359 0.000000 565.049622 0.000000 0.765074 0.000000 0.643942 0.467270 0.467270 0.467270
8123.211426 0.000000 594.461914 0.000000 0.999829 0.000000 0.018497 0.463047 0.463047 0.463047
8111.145508 0.000000 582.991577 0.000000 0.856994 0.000000 0.515326 0.459327 0.459327 0.459327
8105.676758 0.000000 582.910767 0.000000 0.838341 0.000000 0.545147 0.458638 0.458638 0.458638
8149.705078 0.000000 591.711426 0.000000 0.732273 0.000000 0.681012 0.454034 0.454034 0.454034
5510.215332 0.000000 2929.640869 0.000000 0.834136 0.000000 0.551559 0.392007 0.392007 0.392007
5289.385742 0.000000 3139.558838 0.000000 0.934622 0.000000 0.355642 0.406990 0.406990 0.406990
5326.220703 0.000000 3123.721436 0.000000 0.924634 0.000000 0.380858 0.407854 0.407854 0.407854
5468.793945 0.000000 2940.029297 0.000000 0.847113 0.000000 0.531412 0.392727 0.392727 0.392727
5439.586426 0.000000 3047.106445 0.000000 0.754991 0.000000 0.655735 0.398031 0.398031 0.398031
5472.426758 0.000000 3006.109619 0.000000 0.900753 0.000000 0.434331 0.403185 0.403185 0.403185
5466.122559 0.000000 3117.448975 0.000000 0.985836 0.000000 0.167710 0.397737 0.397737 0.397737
5521.260254 0.000000 3133.097656 0.000000 0.832339 0.000000 0.554267 0.408643 0.408643 0.408643
5639.671387 0.000000 2905.559570 0.000000 0.734485 0.000000 0.678625 0.389609 0.389609 0.389609
5939.456055 0.000000 2930.991455 0.000000 0.708838 0.000000 0.705371 0.389445 0.389445 0.389445
5726.236816 0.000000 2989.717285 0.000000 0.743592 0.000000 0.668633 0.390017 0.390017 0.390017
5811.863281 0.000000 2961.560303 0.000000 0.888474 0.000000 0.458927 0.420410 0.420410 0.420410
5839.130859 0.000000 2976.559326 0.000000 0.941300 0.000000 0.337571 0.395478 0.395478 0.395478
5855.453613 0.000000 3010.402100 0.000000 0.993051 0.000000 0.117684 0.426201 0.426201 0.426201
5868.760254 0.000000 3032.177002 0.000000 0.835124 0.000000 0.550061 0.412466 0.412466 0.412466
5741.434082 0.000000 3079.885498 0.000000 0.885695 0.000000 0.464267 0.396390 0.396390 0.396390
5778.283691 0.000000 3051.289062 0.000000 0.913913 0.000000 0.405910 0.407444 0.407444 0.407444
5872.541992 0.000000 3072.741455 0.000000 0.923440 0.000000 0.383742 0.394710 0.394710 0.394710
5933.434082 0.000000 2966.916748 0.000000 0.999096 0.000000 0.042517 0.399410 0.399410 0.399410
5923.991211 0.000000 3009.398438 0.000000 0.970394 0.000000 0.241526 0.401076 0.401076 0.401076
5983.453613 0.000000 3010.402100 0.000000 0.873446 0.000000 0.486921 0.393322 0.393322 0.393322
5928.832520 0.000000 3110.141846 0.000000 0.852141 0.000000 0.523312 0.396676 0.396676 0.396676
5210.979980 0.000000 3204.957764 0.000000 0.996627 0.000000 0.082063 0.398860 0.398860 0.398860
5228.760254 0.000000 3201.630127 0.000000 0.819399 0.000000 0.573224 0.398316 0.398316 0.398316
5273.621582 0.000000 3210.999756 0.000000 0.913172 0.000000 0.407574 0.418801 0.418801 0.418801
5262.953125 0.000000 3217.096680 0.000000 0.738761 0.000000 0.673968 0.403845 0.403845 0.403845
5264.971680 0.000000 3212.302002 0.000000 0.818889 0.000000 0.573951 0.413259 0.413259 0.413259
5259.786133 0.000000 3168.177979 0.000000 0.799103 0.000000 0.601195 0.411488 0.411488 0.411488
5271.371094 0.000000 3206.138916 0.000000 0.890885 0.000000 0.454230 0.417977 0.417977 0.417977
5349.432617 0.000000 3230.636475 0.000000 0.992239 0.000000 0.124341 0.398270 0.398270 0.398270
5286.893555 0.000000 3295.541016 0.000000 0.834681 0.000000 0.550734 0.413701 0.413701 0.413701
5299.456055 0.000000 3326.382080 0.000000 0.954309 0.000000 0.298823 0.407888 0.407888 0.407888
5292.760254 0.000000 3314.598877 0.000000 0.987284 0.000000 0.158966 0.402285 0.402285 0.402285
5293.311035 0.000000 3310.443604 0.000000 0.995912 0.000000 0.090333 0.422751 0.422751 0.422751
5296.647949 0.000000 3316.569580 0.000000 0.993607 0.000000 0.112891 0.424983 0.424983 0.424983
5376.163086 0.000000 3197.871582 0.000000 0.727560 0.000000 0.686044 0.406059 0.406059 0.406059
5484.083496 0.000000 3183.186035 0.000000 0.974552 0.000000 0.224164 0.398762 0.398762 0.398762
5388.552734 0.000000 3245.803467 0.000000 0.892588 0.000000 0.450873 0.400390 0.400390 0.400390
5967.272949 0.000000 3185.043457 0.000000 0.999471 0.000000 0.032514 0.399570 0.399570 0.399570
6106.074219 0.000000 3419.578857 0.000000 0.799598 0.000000 0.600536 0.409016 0.409016 0.409016
6095.831543 0.000000 3393.234375 0.000000 0.839778 0.000000 0.542930 0.417594 0.417594 0.417594
5981.020508 0.000000 3514.861572 0.000000 0.716253 0.000000 0.697841 0.437700 0.437700 0.437700
5963.486816 0.000000 3510.590820 0.000000 0.723988 0.000000 0.689813 0.434226 0.434226 0.434226
6239.758301 0.000000 3080.315918 0.000000 0.789706 0.000000 0.613486 0.391372 0.391372 0.391372
6211.505371 0.000000 3093.582520 0.000000 0.994877 0.000000 0.101097 0.404420 0.404420 0.404420
6317.516602 0.000000 3121.374023 0.000000 0.942686 0.000000 0.333681 0.395465 0.395465 0.395465
6279.671387 0.000000 3131.497070 0.000000 0.994344 0.000000 0.106204 0.398534 0.398534 0.398534
6316.662598 0.000000 3157.220703 0.000000 0.982344 0.000000 0.187082 0.397378 0.397378 0.397378
6146.500488 0.000000 3352.322266 0.000000 0.791268 0.000000 0.611470 0.406322 0.406322 0.406322
6650.544434 0.000000 3316.516846 0.000000 0.980507 0.000000 0.196484 0.397344 0.397344 0.397344
6630.230957 0.000000 3371.107178 0.000000 0.998645 0.000000 0.052030 0.399285 0.399285 0.399285
6599.671387 0.000000 3357.434570 0.000000 0.831339 0.000000 0.555766 0.394873 0.394873 0.394873
6343.671387 0.000000 3470.403320 0.000000 0.997187 0.000000 0.074959 0.422995 0.422995 0.422995
6387.456055 0.000000 3495.835205 0.000000 0.818497 0.000000 0.574511 0.391780 0.391780 0.391780
6381.375000 0.000000 3526.952881 0.000000 0.995631 0.000000 0.093373 0.426595 0.426595 0.426595
6655.958008 0.000000 3466.445801 0.000000 0.999424 0.000000 0.033935 0.404088 0.404088 0.404088
6417.260254 0.000000 3528.488281 0.000000 0.764833 0.000000 0.644229 0.451306 0.451306 0.451306
6429.237305 0.000000 3535.553467 0.000000 0.769442 0.000000 0.638717 0.455131 0.455131 0.455131
6428.947754 0.000000 3532.103027 0.000000 0.879969 0.000000 0.475030 0.458985 0.458985 0.458985
6465.017578 0.000000 3528.724365 0.000000 0.964093 0.000000 0.265563 0.468498 0.468498 0.468498
6528.254883 0.000000 3549.172119 0.000000 0.901861 0.000000 0.432026 0.393933 0.393933 0.393933
6557.237305 0.000000 3535.553467 0.000000 0.750075 0.000000 0.661353 0.410275 0.410275 0.410275
6534.057129 0.000000 3546.968994 0.000000 0.999675 0.000000 0.025498 0.468131 0.468131 0.468131
6643.456055 0.000000 3552.319580 0.000000 0.971342 0.000000 0.237686 0.401133 0.401133 0.401133
6609.722656 0.000000 3554.208496 0.000000 0.781175 0.000000 0.624312 0.451799 0.451799 0.451799
6768.205566 0.000000 3219.583740 0.000000 0.864231 0.000000 0.503095 0.393025 0.393025 0.393025
6753.210449 0.000000 3264.482666 0.000000 0.986862 0.000000 0.161566 0.397780 0.397780 0.397780
6761.260742 0.000000 3263.831543 0.000000 0.744443 0.000000 0.667686 0.389925 0.389925 0.389925
6701.434082 0.000000 3362.307373 0.000000 0.843241 0.000000 0.537536 0.392094 0.392094 0.392094
6793.641113 0.000000 3329.281494 0.000000 0.919038 0.000000 0.394169 0.411437 0.411437 0.411437
6795.959473 0.000000 3381.069092 0.000000 0.972365 0.000000 0.233465 0.423019 0.423019 0.423019
6842.511719 0.000000 3353.088135 0.000000 0.999543 0.000000 0.030221 0.399580 0.399580 0.399580
6798.220703 0.000000 3349.658936 0.000000 0.999935 0.000000 0.011367 0.422697 0.422697 0.422697
6788.763672 0.000000 3368.770264 0.000000 0.781498 0.000000 0.623908 0.412278 0.412278 0.412278
6861.506836 0.000000 3368.392578 0.000000 0.994314 0.000000 0.106491 0.421198 0.421198 0.421198
6983.979980 0.000000 3261.744629 0.000000 0.909522 0.000000 0.415655 0.394264 0.394264 0.394264
6970.368164 0.000000 3328.019775 0.000000 0.918738 0.000000 0.394868 0.394325 0.394325 0.394325
6923.959473 0.000000 3324.584717 0.000000 0.929993 0.000000 0.367578 0.394888 0.394888 0.394888
6967.107910 0.000000 3321.295166 0.000000 0.937389 0.000000 0.348283 0.395027 0.395027 0.395027
6949.098633 0.000000 3375.449219 0.000000 0.991928 0.000000 0.126806 0.414404 0.414404 0.414404
7084.083496 0.000000 3352.639160 0.000000 0.829373 0.000000 0.558695 0.393573 0.393573 0.393573
7074.932617 0.000000 3386.655029 0.000000 0.984655 0.000000 0.174514 0.408510 0.408510 0.408510
7155.456055 0.000000 3382.866455 0.000000 0.889582 0.000000 0.456775 0.393415 0.393415 0.393415
6710.816895 0.000000 3390.313232 0.000000 0.713424 0.000000 0.700732 0.400827 0.400827 0.400827
6710.173828 0.000000 3395.246826 0.000000 0.935713 0.000000 0.352763 0.408307 0.408307 0.408307
6737.256836 0.000000 3423.777344 0.000000 0.959193 0.000000 0.282753 0.422200 0.422200 0.422200
6671.130859 0.000000 3484.918701 0.000000 0.943980 0.000000 0.330003 0.434126 0.434126 0.434126
6693.982422 0.000000 3495.808594 0.000000 0.784211 0.000000 0.620494 0.396217 0.396217 0.396217
6706.318359 0.000000 3445.752686 0.000000 0.940197 0.000000 0.340630 0.405956 0.405956 0.405956
6697.064941 0.000000 3497.252441 0.000000 0.923556 0.000000 0.383463 0.438210 0.438210 0.438210
6721.017578 0.000000 3472.239990 0.000000 0.783169 0.000000 0.621808 0.428410 0.428410 0.428410
6814.060547 0.000000 3437.217285 0.000000 0.999840 0.000000 0.017878 0.444785 0.444785 0.444785
6855.671387 0.000000 3413.918945 0.000000 0.992247 0.000000 0.124282 0.398308 0.398308 0.398308
6854.424805 0.000000 3409.422607 0.000000 0.889726 0.000000 0.456495 0.421712 0.421712 0.421712
6896.647949 0.000000 3429.538330 0.000000 0.995010 0.000000 0.099773 0.435569 0.435569 0.435569
6860.978516 0.000000 3446.282959 0.000000 0.841645 0.000000 0.540032 0.392651 0.392651 0.392651
6953.260742 0.000000 3433.284668 0.000000 0.916506 0.000000 0.400022 0.425257 0.425257 0.425257
6988.552734 0.000000 3415.256592 0.000000 0.785385 0.000000 0.619008 0.411137 0.411137 0.411137
6947.104004 0.000000 3454.088867 0.000000 0.951585 0.000000 0.307385 0.434534 0.434534 0.434534
7031.638184 0.000000 3461.290283 0.000000 0.947318 0.000000 0.320296 0.395556 0.395556 0.395556
7074.900879 0.000000 3389.127197 0.000000 0.997469 0.000000 0.071099 0.411356 0.411356 0.411356
7103.586426 0.000000 3442.497070 0.000000 0.981268 0.000000 0.192647 0.428838 0.428838 0.428838
7101.524414 0.000000 3406.132324 0.000000 0.948417 0.000000 0.317026 0.415252 0.415252 0.415252
7106.500488 0.000000 3408.806641 0.000000 0.779126 0.000000 0.626868 0.410979 0.410979 0.410979
7113.641113 0.000000 3442.250244 0.000000 0.994482 0.000000 0.104904 0.431594 0.431594 0.431594
7113.063965 0.000000 3419.524414 0.000000 0.977900 0.000000 0.209072 0.398981 0.398981 0.398981
7154.318359 0.000000 3389.268311 0.000000 0.999749 0.000000 0.022407 0.425133 0.425133 0.425133
7131.932617 0.000000 3409.332031 0.000000 0.897320 0.000000 0.441380 0.418206 0.418206 0.418206
7104.514160 0.000000 3405.143311 0.000000 0.743980 0.000000 0.668201 0.408898 0.408898 0.408898
7104.156738 0.000000 3443.962646 0.000000 0.865550 0.000000 0.500823 0.423398 0.423398 0.423398
7096.065918 0.000000 3470.909424 0.000000 0.901338 0.000000 0.433115 0.393939 0.393939 0.393939
7148.083496 0.000000 3465.607910 0.000000 0.821517 0.000000 0.570183 0.400865 0.400865 0.400865
7108.047852 0.000000 3453.896973 0.000000 0.749382 0.000000 0.662138 0.423818 0.423818 0.423818
6965.994141 0.000000 3523.317383 0.000000 0.864842 0.000000 0.502044 0.399544 0.399544 0.399544
7317.705078 0.000000 3077.023926 0.000000 0.999973 0.000000 0.007356 0.399899 0.399899 0.399899
7352.065918 0.000000 3075.518799 0.000000 0.918300 0.000000 0.395886 0.397469 0.397469 0.397469
7340.760254 0.000000 3088.661377 0.000000 0.812575 0.000000 0.582856 0.398144 0.398144 0.398144
7351.107910 0.000000 3095.357666 0.000000 0.828875 0.000000 0.559434 0.406051 0.406051 0.406051
7386.364746 0.000000 3075.717529 0.000000 0.981773 0.000000 0.190057 0.422443 0.422443 0.422443
7336.832520 0.000000 3110.141846 0.000000 0.999982 0.000000 0.006018 0.412328 0.412328 0.412328
7457.210449 0.000000 3095.029541 0.000000 0.997340 0.000000 0.072893 0.419129 0.419129 0.419129
7546.544434 0.000000 3090.579346 0.000000 0.738819 0.000000 0.673904 0.390105 0.390105 0.390105
7473.272949 0.000000 3140.265625 0.000000 0.980471 0.000000 0.196666 0.404312 0.404312 0.404312
7506.283691 0.000000 3107.773438 0.000000 0.989159 0.000000 0.146848 0.398582 0.398582 0.398582
7258.122559 0.000000 3230.417725 0.000000 0.931112 0.000000 0.364733 0.394780 0.394780 0.394780
7326.530273 0.000000 3243.069336 0.000000 0.879465 0.000000 0.475964 0.393090 0.393090 0.393090
7549.248047 0.000000 3265.611328 0.000000 0.902971 0.000000 0.429701 0.393790 0.393790 0.393790
7552.254883 0.000000 3266.750244 0.000000 0.936019 0.000000 0.351951 0.394972 0.394972 0.394972
7671.638184 0.000000 3235.352783 0.000000 0.869072 0.000000 0.494685 0.392791 0.392791 0.392791
7672.550781 0.000000 3252.468506 0.000000 0.932907 0.000000 0.360117 0.398020 0.398020 0.398020
7632.971680 0.000000 3268.786377 0.000000 0.982182 0.000000 0.187932 0.397357 0.397357 0.397357
7506.127930 0.000000 3289.369873 0.000000 0.970529 0.000000 0.240983 0.396816 0.396816 0.396816
7465.385742 0.000000 3365.496338 0.000000 0.921847 0.000000 0.387554 0.401404 0.401404 0.401404
7438.875488 0.000000 3377.340088 0.000000 0.714986 0.000000 0.699139 0.398398 0.398398 0.398398
7536.541992 0.000000 3355.163330 0.000000 0.990775 0.000000 0.135518 0.398181 0.398181 0.398181
7514.122559 0.000000 3343.386475 0.000000 0.882288 0.000000 0.470710 0.403843 0.403843 0.403843
7513.237793 0.000000 3338.737061 0.000000 0.980252 0.000000 0.197751 0.405584 0.405584 0.405584
7525.098633 0.000000 3375.449219 0.000000 0.999284 0.000000 0.037837 0.418370 0.418370 0.418370
7561.063965 0.000000 3306.555664 0.000000 0.988696 0.000000 0.149934 0.408879 0.408879 0.408879
7590.535645 0.000000 3305.601807 0.000000 0.958984 0.000000 0.283460 0.404291 0.404291 0.404291
7650.900879 0.000000 3276.158447 0.000000 0.955162 0.000000 0.296082 0.400264 0.400264 0.400264
7270.889160 0.000000 3412.502197 0.000000 0.936052 0.000000 0.351862 0.417220 0.417220 0.417220
7338.673340 0.000000 3445.690674 0.000000 0.956431 0.000000 0.291959 0.430982 0.430982 0.430982
7415.638184 0.000000 3461.290283 0.000000 0.956212 0.000000 0.292675 0.407984 0.407984 0.407984
7461.432617 0.000000 3400.089600 0.000000 0.832579 0.000000 0.553906 0.392144 0.392144 0.392144
7435.929688 0.000000 3401.068359 0.000000 0.836562 0.000000 0.547872 0.408760 0.408760 0.408760
7454.060547 0.000000 3437.217285 0.000000 0.904187 0.000000 0.427136 0.418458 0.418458 0.418458
7500.978516 0.000000 3389.798584 0.000000 0.895724 0.000000 0.444611 0.406801 0.406801 0.406801
7523.765137 0.000000 3414.909668 0.000000 0.981902 0.000000 0.189388 0.406997 0.406997 0.406997
7503.831543 0.000000 3393.234375 0.000000 0.991249 0.000000 0.132003 0.416912 0.416912 0.416912
7526.893555 0.000000 3464.994141 0.000000 0.846188 0.000000 0.532885 0.392143 0.392143 0.392143
7766.478027 0.000000 3198.018311 0.000000 0.980389 0.000000 0.197073 0.397326 0.397326 0.397326
7694.007324 0.000000 3250.499512 0.000000 0.994563 0.000000 0.104136 0.401782 0.401782 0.401782
7684.032715 0.000000 3251.220947 0.000000 0.898788 0.000000 0.438384 0.399330 0.399330 0.399330
7826.127930 0.000000 3176.401123 0.000000 0.937211 0.000000 0.348763 0.395286 0.395286 0.395286
7721.563477 0.000000 3302.584717 0.000000 0.782262 0.000000 0.622950 0.392445 0.392445 0.392445
7864.550781 0.000000 3308.952881 0.000000 0.967256 0.000000 0.253802 0.396451 0.396451 0.396451
"}
object={
	name="pine_dense_generator_1_3"
	clamp_to_water_level=no
	render_under_water=no
	generated_content=yes
	layer="semidynamic"
	pdxmesh="tree_fir_004_mesh"
	count=194
	transform="7909.982422 0.000000 389.168060 0.000000 0.973105 0.000000 -0.230364 0.425202 0.425202 0.425202
7902.236816 0.000000 391.436127 0.000000 0.804628 0.000000 -0.593779 0.569688 0.569688 0.569688
7924.365234 0.000000 378.172485 0.000000 0.861968 0.000000 -0.506963 0.568217 0.568217 0.568217
7906.932617 0.000000 392.983154 0.000000 0.976256 0.000000 -0.216620 0.480873 0.480873 0.480873
7920.647949 0.000000 379.381989 0.000000 0.971291 0.000000 -0.237893 0.561540 0.561540 0.561540
7895.371094 0.000000 381.920166 0.000000 0.909045 0.000000 -0.416697 0.568146 0.568146 0.568146
7901.392090 0.000000 383.579712 0.000000 0.976861 0.000000 -0.213877 0.539490 0.539490 0.539490
7899.595215 0.000000 389.429993 0.000000 0.978636 0.000000 -0.205599 0.559290 0.559290 0.559290
7895.191895 0.000000 384.796875 0.000000 0.992558 0.000000 -0.121777 0.558276 0.558276 0.558276
7900.793945 0.000000 398.232391 0.000000 0.995302 0.000000 -0.096814 0.517990 0.517990 0.517990
7909.432617 0.000000 406.417664 0.000000 0.963705 0.000000 -0.266970 0.554312 0.554312 0.554312
7916.083496 0.000000 415.451599 0.000000 0.930528 0.000000 -0.366221 0.453007 0.453007 0.453007
7912.763184 0.000000 410.512817 0.000000 0.949455 0.000000 -0.313902 0.544836 0.544836 0.544836
7910.337891 0.000000 409.126770 0.000000 0.977745 0.000000 -0.209798 0.551396 0.551396 0.551396
7921.394043 0.000000 420.720398 0.000000 0.778480 0.000000 -0.627669 0.505401 0.505401 0.505401
7928.742188 0.000000 425.284515 0.000000 0.741486 0.000000 -0.670969 0.533157 0.533157 0.533157
7951.130859 0.000000 378.278046 0.000000 0.810811 0.000000 -0.585308 0.478052 0.478052 0.478052
7950.007324 0.000000 369.796478 0.000000 0.788659 0.000000 -0.614830 0.573203 0.573203 0.573203
7936.254883 0.000000 386.047119 0.000000 0.998455 0.000000 -0.055564 0.446071 0.446071 0.446071
7945.203613 0.000000 374.607025 0.000000 0.987637 0.000000 -0.156755 0.540661 0.540661 0.540661
7942.215332 0.000000 387.843872 0.000000 0.803858 0.000000 -0.594821 0.544694 0.544694 0.544694
7945.641113 0.000000 392.094116 0.000000 0.925858 0.000000 -0.377872 0.462673 0.462673 0.462673
7954.817383 0.000000 369.350159 0.000000 0.828648 0.000000 -0.559770 0.550538 0.550538 0.550538
7944.908691 0.000000 384.806274 0.000000 0.761684 0.000000 -0.647949 0.515706 0.515706 0.515706
7936.009766 0.000000 381.098755 0.000000 0.946359 0.000000 -0.323117 0.554538 0.554538 0.554538
7961.681152 0.000000 372.683716 0.000000 0.727269 0.000000 -0.686352 0.574400 0.574400 0.574400
7942.724121 0.000000 372.413757 0.000000 0.855296 0.000000 -0.518139 0.462827 0.462827 0.462827
7942.507812 0.000000 390.997375 0.000000 0.712982 0.000000 -0.701182 0.569323 0.569323 0.569323
7942.057129 0.000000 383.843994 0.000000 0.880228 0.000000 -0.474552 0.564447 0.564447 0.564447
7948.721191 0.000000 377.231110 0.000000 0.946131 0.000000 -0.323785 0.538356 0.538356 0.538356
7952.716797 0.000000 371.004089 0.000000 0.710046 0.000000 -0.704155 0.576493 0.576493 0.576493
7946.235840 0.000000 382.590454 0.000000 0.736988 0.000000 -0.675906 0.555741 0.555741 0.555741
7937.118652 0.000000 383.636353 0.000000 0.883483 0.000000 -0.468464 0.565632 0.565632 0.565632
7966.236816 0.000000 447.920502 0.000000 0.842579 0.000000 -0.538573 0.418183 0.418183 0.418183
7946.235840 0.000000 439.074829 0.000000 0.846773 0.000000 -0.531954 0.534519 0.534519 0.534519
7994.511719 0.000000 472.384979 0.000000 0.997651 0.000000 -0.068505 0.469963 0.469963 0.469963
7983.663086 0.000000 461.886902 0.000000 0.916769 0.000000 -0.399419 0.532240 0.532240 0.532240
8004.032715 0.000000 483.486603 0.000000 0.905425 0.000000 -0.424506 0.524738 0.524738 0.524738
8029.392090 0.000000 496.548462 0.000000 0.985592 0.000000 -0.169137 0.502459 0.502459 0.502459
8009.604492 0.000000 479.329407 0.000000 0.979113 0.000000 -0.203319 0.461976 0.461976 0.461976
8033.448730 0.000000 475.171814 0.000000 0.880326 0.000000 -0.474369 0.500083 0.500083 0.500083
8025.237793 0.000000 514.518250 0.000000 0.750797 0.000000 -0.660533 0.507716 0.507716 0.507716
8025.661133 0.000000 511.425598 0.000000 0.798535 0.000000 -0.601948 0.518549 0.518549 0.518549
8024.077637 0.000000 517.755859 0.000000 0.997080 0.000000 -0.076364 0.503020 0.503020 0.503020
8101.432617 0.000000 519.386414 0.000000 0.999557 0.000000 -0.029768 0.466586 0.466586 0.466586
8125.212891 0.000000 590.235535 0.000000 0.742967 0.000000 -0.669328 0.480133 0.480133 0.480133
8108.083496 0.000000 584.904724 0.000000 0.974854 0.000000 -0.222843 0.471673 0.471673 0.471673
8104.974609 0.000000 576.365295 0.000000 0.794514 0.000000 -0.607246 0.452389 0.452389 0.452389
8102.337891 0.000000 578.579895 0.000000 0.980624 0.000000 -0.195899 0.476457 0.476457 0.476457
8147.991699 0.000000 598.071228 0.000000 0.996756 0.000000 -0.080478 0.464932 0.464932 0.464932
8141.099609 0.000000 584.620361 0.000000 0.877831 0.000000 -0.478971 0.476994 0.476994 0.476994
5311.487305 0.000000 3136.868408 0.000000 0.804822 0.000000 -0.593517 0.424645 0.424645 0.424645
5476.276367 0.000000 3026.918701 0.000000 0.722403 0.000000 -0.691472 0.426583 0.426583 0.426583
5463.491699 0.000000 3107.272217 0.000000 0.915799 0.000000 -0.401637 0.417241 0.417241 0.417241
5752.065918 0.000000 2962.550049 0.000000 0.969531 0.000000 -0.244970 0.403299 0.403299 0.403299
5710.953125 0.000000 2991.159180 0.000000 0.843001 0.000000 -0.537911 0.407827 0.407827 0.407827
5775.272949 0.000000 2959.105957 0.000000 0.989288 0.000000 -0.145974 0.418571 0.418571 0.418571
5779.771973 0.000000 2959.812988 0.000000 0.988305 0.000000 -0.152489 0.409415 0.409415 0.409415
5868.062988 0.000000 2946.176514 0.000000 0.848337 0.000000 -0.529457 0.434381 0.434381 0.434381
5800.763184 0.000000 3008.793945 0.000000 0.985345 0.000000 -0.170573 0.424248 0.424248 0.424248
5859.991211 0.000000 3009.398438 0.000000 0.964861 0.000000 -0.262762 0.420389 0.420389 0.420389
5737.563477 0.000000 3076.647217 0.000000 0.998402 0.000000 -0.056507 0.400762 0.400762 0.400762
5732.276367 0.000000 3083.403076 0.000000 0.954906 0.000000 -0.296910 0.406226 0.406226 0.406226
5734.893555 0.000000 3126.087891 0.000000 0.950334 0.000000 -0.311231 0.415805 0.415805 0.415805
5783.491699 0.000000 3050.787842 0.000000 0.872901 0.000000 -0.487898 0.422743 0.422743 0.422743
5854.530273 0.000000 3073.616211 0.000000 0.920384 0.000000 -0.391015 0.419763 0.419763 0.419763
5914.074219 0.000000 2967.703857 0.000000 0.825058 0.000000 -0.565047 0.411823 0.411823 0.411823
5246.624512 0.000000 3228.429443 0.000000 0.867516 0.000000 -0.497409 0.422908 0.422908 0.422908
5256.407715 0.000000 3170.937256 0.000000 0.968221 0.000000 -0.250096 0.425519 0.425519 0.425519
5248.098633 0.000000 3170.073975 0.000000 0.989859 0.000000 -0.142056 0.403978 0.403978 0.403978
5273.505859 0.000000 3216.896729 0.000000 0.958080 0.000000 -0.286501 0.428783 0.428783 0.428783
5274.364746 0.000000 3188.686279 0.000000 0.924046 0.000000 -0.382282 0.434435 0.434435 0.434435
5370.544434 0.000000 3203.548096 0.000000 0.987410 0.000000 -0.158182 0.402054 0.402054 0.402054
5249.451172 0.000000 3231.784912 0.000000 0.973933 0.000000 -0.226834 0.403073 0.403073 0.403073
5366.173828 0.000000 3225.793701 0.000000 0.976442 0.000000 -0.215782 0.419652 0.419652 0.419652
5374.270020 0.000000 3224.040771 0.000000 0.969160 0.000000 -0.246431 0.417468 0.417468 0.417468
5286.889160 0.000000 3299.533447 0.000000 0.963659 0.000000 -0.267135 0.427130 0.427130 0.427130
5361.519043 0.000000 3282.423340 0.000000 0.889376 0.000000 -0.457177 0.420861 0.420861 0.420861
5384.407715 0.000000 3227.421631 0.000000 0.936107 0.000000 -0.351715 0.416441 0.416441 0.416441
5380.047852 0.000000 3227.959473 0.000000 0.909784 0.000000 -0.415082 0.418809 0.418809 0.418809
5929.385742 0.000000 3196.043213 0.000000 0.995195 0.000000 -0.097917 0.401366 0.401366 0.401366
6124.760254 0.000000 3371.083252 0.000000 0.936898 0.000000 -0.349604 0.431181 0.431181 0.431181
6125.311035 0.000000 3366.927979 0.000000 0.971124 0.000000 -0.238577 0.424002 0.424002 0.424002
6105.237793 0.000000 3395.221436 0.000000 0.844033 0.000000 -0.536292 0.444069 0.444069 0.444069
6101.668945 0.000000 3398.851318 0.000000 0.840063 0.000000 -0.542489 0.445558 0.445558 0.445558
6080.514160 0.000000 3461.627686 0.000000 0.835032 0.000000 -0.550201 0.429308 0.429308 0.429308
6264.065918 0.000000 3132.003174 0.000000 0.832053 0.000000 -0.554696 0.408221 0.408221 0.408221
6263.638184 0.000000 3122.384033 0.000000 0.961158 0.000000 -0.275998 0.403658 0.403658 0.403658
6249.260742 0.000000 3150.862793 0.000000 0.999495 0.000000 -0.031778 0.401100 0.401100 0.401100
6263.107910 0.000000 3151.842041 0.000000 0.885870 0.000000 -0.463934 0.406745 0.406745 0.406745
6287.272949 0.000000 3128.559082 0.000000 0.951272 0.000000 -0.308354 0.404351 0.404351 0.404351
6323.456055 0.000000 3156.928955 0.000000 0.876564 0.000000 -0.481284 0.406970 0.406970 0.406970
6327.107910 0.000000 3151.842041 0.000000 0.896491 0.000000 -0.443063 0.406303 0.406303 0.406303
7098.368164 0.000000 3158.566650 0.000000 0.750356 0.000000 -0.661034 0.409556 0.409556 0.409556
6387.456055 0.000000 3213.413330 0.000000 0.950345 0.000000 -0.311199 0.413128 0.413128 0.413128
6376.832520 0.000000 3223.110596 0.000000 0.986244 0.000000 -0.165297 0.408280 0.408280 0.408280
6153.400879 0.000000 3348.697266 0.000000 0.871465 0.000000 -0.490458 0.421429 0.421429 0.421429
6155.929688 0.000000 3344.583984 0.000000 0.999984 0.000000 -0.005679 0.412503 0.412503 0.412503
6438.535645 0.000000 3249.117432 0.000000 0.990043 0.000000 -0.140768 0.421133 0.421133 0.421133
6626.932617 0.000000 3386.655029 0.000000 0.715033 0.000000 -0.699090 0.419826 0.419826 0.419826
6335.487305 0.000000 3475.774658 0.000000 0.968202 0.000000 -0.250170 0.441519 0.441519 0.441519
6281.641113 0.000000 3498.734619 0.000000 0.858713 0.000000 -0.512457 0.451785 0.451785 0.451785
6377.260742 0.000000 3489.769043 0.000000 0.995124 0.000000 -0.098634 0.449463 0.449463 0.449463
6372.620605 0.000000 3492.255371 0.000000 0.999044 0.000000 -0.043726 0.448487 0.448487 0.448487
6374.893555 0.000000 3521.478516 0.000000 0.998702 0.000000 -0.050941 0.400700 0.400700 0.400700
6622.953613 0.000000 3445.314941 0.000000 0.892111 0.000000 -0.451816 0.435670 0.435670 0.435670
6426.074219 0.000000 3532.547607 0.000000 0.991648 0.000000 -0.128975 0.471147 0.471147 0.471147
6415.197266 0.000000 3513.664062 0.000000 0.920786 0.000000 -0.390069 0.468321 0.468321 0.468321
6486.478027 0.000000 3536.924561 0.000000 0.850464 0.000000 -0.526033 0.407385 0.407385 0.407385
6473.063965 0.000000 3532.493164 0.000000 0.717872 0.000000 -0.696175 0.490601 0.490601 0.490601
6562.735840 0.000000 3541.684326 0.000000 0.858849 0.000000 -0.512229 0.473633 0.473633 0.473633
6537.866211 0.000000 3541.103516 0.000000 0.996485 0.000000 -0.083775 0.468945 0.468945 0.468945
6540.083496 0.000000 3547.545166 0.000000 0.968675 0.000000 -0.248332 0.473516 0.473516 0.473516
6594.396484 0.000000 3503.893311 0.000000 0.720730 0.000000 -0.693215 0.462672 0.462672 0.462672
6597.464844 0.000000 3506.813232 0.000000 0.904603 0.000000 -0.426255 0.458223 0.458223 0.458223
6594.356934 0.000000 3506.929443 0.000000 0.707561 0.000000 -0.706652 0.464399 0.464399 0.464399
6721.318848 0.000000 3314.982178 0.000000 0.949677 0.000000 -0.313230 0.404391 0.404391 0.404391
6746.979980 0.000000 3317.926514 0.000000 0.949363 0.000000 -0.314182 0.406483 0.406483 0.406483
6757.982422 0.000000 3326.355469 0.000000 0.963803 0.000000 -0.266616 0.411113 0.411113 0.411113
6724.032715 0.000000 3307.705322 0.000000 0.751298 0.000000 -0.659963 0.409933 0.409933 0.409933
6746.122559 0.000000 3286.902100 0.000000 0.933994 0.000000 -0.357288 0.405090 0.405090 0.405090
6746.709961 0.000000 3313.133789 0.000000 0.950356 0.000000 -0.311164 0.406438 0.406438 0.406438
6714.368164 0.000000 3384.504150 0.000000 0.710138 0.000000 -0.704063 0.410296 0.410296 0.410296
6687.826172 0.000000 3340.700439 0.000000 0.897034 0.000000 -0.441961 0.406309 0.406309 0.406309
6824.832520 0.000000 3279.594971 0.000000 0.780654 0.000000 -0.624963 0.427994 0.427994 0.427994
6810.122559 0.000000 3343.386475 0.000000 0.745350 0.000000 -0.666673 0.437118 0.437118 0.437118
6799.831543 0.000000 3336.750000 0.000000 0.838986 0.000000 -0.544154 0.429196 0.429196 0.429196
6822.686523 0.000000 3332.883789 0.000000 0.912271 0.000000 -0.409588 0.433565 0.433565 0.433565
6869.705078 0.000000 3359.445801 0.000000 0.847150 0.000000 -0.531353 0.441240 0.441240 0.441240
6878.060547 0.000000 3380.732910 0.000000 0.948945 0.000000 -0.315443 0.439986 0.439986 0.439986
6996.968750 0.000000 3271.734375 0.000000 0.999125 0.000000 -0.041819 0.400556 0.400556 0.400556
6968.065918 0.000000 3301.456299 0.000000 0.976226 0.000000 -0.216756 0.403011 0.403011 0.403011
6970.807129 0.000000 3282.748291 0.000000 0.852640 0.000000 -0.522499 0.407494 0.407494 0.407494
6973.512207 0.000000 3276.119873 0.000000 0.999381 0.000000 -0.035191 0.400478 0.400478 0.400478
6977.884766 0.000000 3383.630615 0.000000 0.938706 0.000000 -0.344718 0.419015 0.419015 0.419015
7103.586426 0.000000 3386.012695 0.000000 0.951904 0.000000 -0.306397 0.419744 0.419744 0.419744
7104.254883 0.000000 3379.718994 0.000000 0.708676 0.000000 -0.705534 0.424111 0.424111 0.424111
7129.237793 0.000000 3338.737061 0.000000 0.923473 0.000000 -0.383662 0.412914 0.412914 0.412914
7105.884766 0.000000 3383.630615 0.000000 0.987171 0.000000 -0.159668 0.416135 0.416135 0.416135
6685.237305 0.000000 3422.584717 0.000000 0.733420 0.000000 -0.679776 0.431868 0.431868 0.431868
6720.163086 0.000000 3423.809082 0.000000 0.791206 0.000000 -0.611549 0.434601 0.434601 0.434601
6694.230957 0.000000 3484.075928 0.000000 0.868891 0.000000 -0.495004 0.407188 0.407188 0.407188
6700.662598 0.000000 3496.126953 0.000000 0.987574 0.000000 -0.157157 0.402120 0.402120 0.402120
6710.173828 0.000000 3451.731201 0.000000 0.915184 0.000000 -0.403036 0.438849 0.438849 0.438849
6714.385254 0.000000 3448.138916 0.000000 0.999687 0.000000 -0.025030 0.432438 0.432438 0.432438
6708.003906 0.000000 3448.874512 0.000000 0.997499 0.000000 -0.070678 0.431875 0.431875 0.431875
6704.918945 0.000000 3460.532959 0.000000 0.990387 0.000000 -0.138325 0.436952 0.436952 0.436952
6903.107910 0.000000 3434.263916 0.000000 0.889500 0.000000 -0.456935 0.410028 0.410028 0.410028
6862.953125 0.000000 3443.034180 0.000000 0.996655 0.000000 -0.081718 0.434687 0.434687 0.434687
6861.506836 0.000000 3424.876953 0.000000 0.830409 0.000000 -0.557154 0.458182 0.458182 0.458182
6905.910645 0.000000 3437.013428 0.000000 0.933289 0.000000 -0.359126 0.447488 0.447488 0.447488
6883.666992 0.000000 3425.548828 0.000000 0.939753 0.000000 -0.341853 0.448515 0.448515 0.448515
6865.722656 0.000000 3441.239746 0.000000 0.817764 0.000000 -0.575554 0.462698 0.462698 0.462698
7153.519043 0.000000 3395.392090 0.000000 0.760284 0.000000 -0.649591 0.409391 0.409391 0.409391
7077.432617 0.000000 3456.573975 0.000000 0.864819 0.000000 -0.502083 0.407223 0.407223 0.407223
7051.929688 0.000000 3457.552734 0.000000 0.820863 0.000000 -0.571125 0.443395 0.443395 0.443395
7116.978516 0.000000 3446.282959 0.000000 0.990344 0.000000 -0.138633 0.401896 0.401896 0.401896
6962.842773 0.000000 3519.901123 0.000000 0.801807 0.000000 -0.597583 0.409655 0.409655 0.409655
6967.531250 0.000000 3512.635010 0.000000 0.930047 0.000000 -0.367442 0.434177 0.434177 0.434177
7303.979980 0.000000 3092.291504 0.000000 0.841675 0.000000 -0.539984 0.407747 0.407747 0.407747
7433.641113 0.000000 3159.828369 0.000000 0.982671 0.000000 -0.185356 0.402588 0.402588 0.402588
7502.953125 0.000000 3160.612305 0.000000 0.999521 0.000000 -0.030960 0.400431 0.400431 0.400431
7168.254883 0.000000 3266.750244 0.000000 0.997856 0.000000 -0.065453 0.408142 0.408142 0.408142
7269.982422 0.000000 3382.839844 0.000000 0.803787 0.000000 -0.594918 0.413714 0.413714 0.413714
7469.516602 0.000000 3234.342773 0.000000 0.913580 0.000000 -0.406660 0.405604 0.405604 0.405604
7526.230957 0.000000 3258.138428 0.000000 0.930631 0.000000 -0.365958 0.405201 0.405201 0.405201
7520.032227 0.000000 3256.547363 0.000000 0.795399 0.000000 -0.606085 0.409103 0.409103 0.409103
7546.807129 0.000000 3282.748291 0.000000 0.973107 0.000000 -0.230354 0.407909 0.407909 0.407909
7543.531250 0.000000 3286.697510 0.000000 0.907517 0.000000 -0.420016 0.413491 0.413491 0.413491
7499.929688 0.000000 3344.583984 0.000000 0.999990 0.000000 -0.004440 0.407254 0.407254 0.407254
7553.017578 0.000000 3302.786865 0.000000 0.965372 0.000000 -0.260877 0.415025 0.415025 0.415025
7634.127930 0.000000 3289.369873 0.000000 0.867219 0.000000 -0.497927 0.413408 0.413408 0.413408
7652.045898 0.000000 3281.368652 0.000000 0.930922 0.000000 -0.365219 0.411281 0.411281 0.411281
7660.083496 0.000000 3296.154785 0.000000 0.790097 0.000000 -0.612981 0.422269 0.422269 0.422269
7627.929688 0.000000 3288.099609 0.000000 0.965456 0.000000 -0.260565 0.405691 0.405691 0.405691
7633.260254 0.000000 3302.550781 0.000000 0.723587 0.000000 -0.690233 0.421027 0.421027 0.421027
7597.943359 0.000000 3334.933105 0.000000 0.815244 0.000000 -0.579117 0.428483 0.428483 0.428483
7556.047852 0.000000 3340.928223 0.000000 0.896073 0.000000 -0.443907 0.428757 0.428757 0.428757
7650.900879 0.000000 3332.642822 0.000000 0.740721 0.000000 -0.671813 0.427557 0.427557 0.427557
7359.958008 0.000000 3409.961426 0.000000 0.955551 0.000000 -0.294825 0.428921 0.428921 0.428921
7338.009766 0.000000 3443.999268 0.000000 0.811557 0.000000 -0.584273 0.447779 0.447779 0.447779
7379.007324 0.000000 3407.140869 0.000000 0.931329 0.000000 -0.364178 0.427394 0.427394 0.427394
7372.552734 0.000000 3471.740967 0.000000 0.998313 0.000000 -0.058056 0.443488 0.443488 0.443488
7378.190430 0.000000 3455.069092 0.000000 0.722405 0.000000 -0.691470 0.448745 0.448745 0.448745
7459.765137 0.000000 3414.909668 0.000000 0.996163 0.000000 -0.087520 0.424254 0.424254 0.424254
7522.900879 0.000000 3389.127197 0.000000 0.999778 0.000000 -0.021071 0.415351 0.415351 0.415351
7551.586426 0.000000 3442.497070 0.000000 0.744324 0.000000 -0.667819 0.410114 0.410114 0.410114
7524.045898 0.000000 3394.337402 0.000000 0.874279 0.000000 -0.485423 0.410488 0.410488 0.410488
7543.531250 0.000000 3399.666260 0.000000 0.716186 0.000000 -0.697910 0.419802 0.419802 0.419802
7507.771973 0.000000 3411.687988 0.000000 0.993946 0.000000 -0.109873 0.415380 0.415380 0.415380
7514.122559 0.000000 3456.355225 0.000000 0.997499 0.000000 -0.070678 0.404276 0.404276 0.404276
7853.516602 0.000000 3234.342773 0.000000 0.977006 0.000000 -0.213211 0.402864 0.402864 0.402864
7874.500488 0.000000 3239.353516 0.000000 0.878233 0.000000 -0.478233 0.406797 0.406797 0.406797
7770.074219 0.000000 3306.610107 0.000000 0.769507 0.000000 -0.638639 0.409477 0.409477 0.409477
"}
object={
	name="pine_dense_generator_1_4"
	clamp_to_water_level=no
	render_under_water=no
	generated_content=yes
	layer="semidynamic"
	pdxmesh="tree_fir_005_mesh"
	count=178
	transform="7898.979980 0.000000 380.739075 0.000000 0.178009 0.000000 -0.984029 0.594863 0.594863 0.594863
7905.210449 0.000000 383.779572 0.000000 0.686964 0.000000 -0.726692 0.564647 0.564647 0.564647
7897.621582 0.000000 386.781128 0.000000 0.601500 0.000000 -0.798873 0.569036 0.569036 0.569036
7933.248047 0.000000 384.908295 0.000000 0.633899 0.000000 -0.773416 0.459171 0.459171 0.459171
7934.419434 0.000000 381.053558 0.000000 0.487094 0.000000 -0.873350 0.507896 0.507896 0.507896
7908.620605 0.000000 385.614746 0.000000 0.420614 0.000000 -0.907240 0.535447 0.535447 0.535447
7930.305176 0.000000 382.887695 0.000000 0.123625 0.000000 -0.992329 0.591887 0.591887 0.591887
7905.910645 0.000000 381.229126 0.000000 0.054907 0.000000 -0.998491 0.535266 0.535266 0.535266
7903.328613 0.000000 389.228149 0.000000 0.668206 0.000000 -0.743976 0.576670 0.576670 0.576670
7920.541992 0.000000 417.975891 0.000000 0.415417 0.000000 -0.909631 0.452242 0.452242 0.452242
7922.584961 0.000000 423.284882 0.000000 0.501668 0.000000 -0.865060 0.537641 0.537641 0.537641
7904.426758 0.000000 407.828430 0.000000 0.636477 0.000000 -0.771295 0.504096 0.504096 0.504096
7923.863281 0.000000 419.763367 0.000000 0.664648 0.000000 -0.747156 0.564030 0.564030 0.564030
7930.631836 0.000000 430.527069 0.000000 0.516092 0.000000 -0.856533 0.563125 0.563125 0.563125
7925.519043 0.000000 422.016052 0.000000 0.219288 0.000000 -0.975660 0.487628 0.487628 0.487628
7908.575195 0.000000 397.779633 0.000000 0.039640 0.000000 -0.999214 0.591171 0.591171 0.591171
7905.491699 0.000000 401.285889 0.000000 0.465385 0.000000 -0.885108 0.579126 0.579126 0.579126
7926.158691 0.000000 427.450378 0.000000 0.554586 0.000000 -0.832126 0.564820 0.564820 0.564820
7936.156738 0.000000 393.806427 0.000000 0.459376 0.000000 -0.888242 0.561903 0.561903 0.561903
7947.941895 0.000000 380.710266 0.000000 0.348829 0.000000 -0.937186 0.584058 0.584058 0.584058
7945.866211 0.000000 377.978577 0.000000 0.228514 0.000000 -0.973541 0.538684 0.538684 0.538684
7954.230469 0.000000 376.941772 0.000000 0.487378 0.000000 -0.873191 0.581346 0.581346 0.581346
7945.278320 0.000000 388.989838 0.000000 0.425900 0.000000 -0.904770 0.580322 0.580322 0.580322
7939.510742 0.000000 385.834229 0.000000 0.610887 0.000000 -0.791718 0.544496 0.544496 0.544496
7943.437500 0.000000 393.949890 0.000000 0.627256 0.000000 -0.778813 0.524139 0.524139 0.524139
7952.244141 0.000000 368.104065 0.000000 0.291604 0.000000 -0.956539 0.590137 0.590137 0.590137
7938.575684 0.000000 380.033325 0.000000 0.273513 0.000000 -0.961868 0.587697 0.587697 0.587697
7938.552734 0.000000 394.982483 0.000000 0.521583 0.000000 -0.853201 0.541399 0.541399 0.541399
7937.318848 0.000000 434.279022 0.000000 0.085428 0.000000 -0.996344 0.573404 0.573404 0.573404
7963.595215 0.000000 445.914368 0.000000 0.125589 0.000000 -0.992082 0.554470 0.554470 0.554470
7936.042480 0.000000 395.397949 0.000000 0.663806 0.000000 -0.747904 0.480880 0.480880 0.480880
7948.083496 0.000000 440.904480 0.000000 0.551154 0.000000 -0.834404 0.550583 0.550583 0.550583
7938.311035 0.000000 432.001709 0.000000 0.629758 0.000000 -0.776791 0.558119 0.558119 0.558119
7989.566895 0.000000 464.337219 0.000000 0.117624 0.000000 -0.993058 0.556154 0.556154 0.556154
8041.563477 0.000000 478.365997 0.000000 0.296731 0.000000 -0.954961 0.544377 0.544377 0.544377
8002.822754 0.000000 485.843109 0.000000 0.655780 0.000000 -0.754952 0.521885 0.521885 0.521885
8023.491699 0.000000 508.990906 0.000000 0.039093 0.000000 -0.999236 0.482214 0.482214 0.482214
8115.634277 0.000000 551.087219 0.000000 0.053889 0.000000 -0.998547 0.473115 0.473115 0.473115
8099.200195 0.000000 521.156372 0.000000 0.416980 0.000000 -0.908916 0.523972 0.523972 0.523972
8084.569336 0.000000 570.230225 0.000000 0.569936 0.000000 -0.821689 0.446481 0.446481 0.446481
8119.531250 0.000000 575.447449 0.000000 0.433430 0.000000 -0.901187 0.470455 0.470455 0.470455
8104.763184 0.000000 579.965942 0.000000 0.281660 0.000000 -0.959514 0.498023 0.498023 0.498023
8108.194824 0.000000 576.921143 0.000000 0.546299 0.000000 -0.837590 0.492227 0.492227 0.492227
8108.352051 0.000000 582.104858 0.000000 0.314477 0.000000 -0.949265 0.494443 0.494443 0.494443
8149.208496 0.000000 604.722961 0.000000 0.000010 0.000000 -1.000000 0.488847 0.488847 0.488847
8134.330566 0.000000 576.940552 0.000000 0.638907 0.000000 -0.769284 0.426916 0.426916 0.426916
8132.755371 0.000000 592.716431 0.000000 0.275270 0.000000 -0.961367 0.490889 0.490889 0.490889
5515.959473 0.000000 2929.194092 0.000000 0.521193 0.000000 -0.853439 0.414041 0.414041 0.414041
5579.959473 0.000000 2929.194092 0.000000 0.368880 0.000000 -0.929477 0.416262 0.416262 0.416262
5252.458496 0.000000 3104.622314 0.000000 0.039510 0.000000 -0.999219 0.420644 0.420644 0.420644
5289.563477 0.000000 3076.647217 0.000000 0.584373 0.000000 -0.811485 0.412526 0.412526 0.412526
5475.765137 0.000000 3019.519043 0.000000 0.347504 0.000000 -0.937678 0.430571 0.430571 0.430571
5407.453613 0.000000 3066.886475 0.000000 0.209021 0.000000 -0.977911 0.417658 0.417658 0.417658
5494.864258 0.000000 3161.639160 0.000000 0.453546 0.000000 -0.891233 0.424596 0.424596 0.424596
5519.272949 0.000000 3128.559082 0.000000 0.238373 0.000000 -0.971174 0.438034 0.438034 0.438034
5523.007324 0.000000 3124.718994 0.000000 0.686267 0.000000 -0.727349 0.428742 0.428742 0.428742
5663.758301 0.000000 3023.831543 0.000000 0.508332 0.000000 -0.861161 0.413573 0.413573 0.413573
5810.584961 0.000000 2965.081787 0.000000 0.370825 0.000000 -0.928703 0.447324 0.447324 0.447324
5864.015625 0.000000 2944.816162 0.000000 0.402530 0.000000 -0.915407 0.445343 0.445343 0.445343
5823.958008 0.000000 3014.570801 0.000000 0.682117 0.000000 -0.731243 0.420499 0.420499 0.420499
5743.722656 0.000000 3094.475830 0.000000 0.343994 0.000000 -0.938972 0.424919 0.424919 0.424919
5796.620605 0.000000 3096.864746 0.000000 0.679321 0.000000 -0.733841 0.435837 0.435837 0.435837
5922.900879 0.000000 3106.705322 0.000000 0.679329 0.000000 -0.733834 0.411149 0.411149 0.411149
5178.544434 0.000000 3203.548096 0.000000 0.602216 0.000000 -0.798333 0.412233 0.412233 0.412233
5183.487305 0.000000 3193.352783 0.000000 0.285801 0.000000 -0.958289 0.417141 0.417141 0.417141
5217.210449 0.000000 3207.998291 0.000000 0.346873 0.000000 -0.937912 0.417008 0.417008 0.417008
5269.502930 0.000000 3211.444092 0.000000 0.230057 0.000000 -0.973177 0.445377 0.445377 0.445377
5367.107910 0.000000 3208.326416 0.000000 0.603627 0.000000 -0.797267 0.412624 0.412624 0.412624
5248.098633 0.000000 3226.558350 0.000000 0.687325 0.000000 -0.726350 0.428720 0.428720 0.428720
5302.173828 0.000000 3225.793701 0.000000 0.069780 0.000000 -0.997562 0.456714 0.456714 0.456714
5744.023926 0.000000 3385.113037 0.000000 0.134401 0.000000 -0.990927 0.442560 0.442560 0.442560
5989.432617 0.000000 3513.058350 0.000000 0.177471 0.000000 -0.984126 0.476753 0.476753 0.476753
5987.104004 0.000000 3510.573242 0.000000 0.562387 0.000000 -0.826874 0.467784 0.467784 0.467784
6182.230957 0.000000 3088.685303 0.000000 0.173623 0.000000 -0.984812 0.417918 0.417918 0.417918
6231.890625 0.000000 3069.213867 0.000000 0.020863 0.000000 -0.999782 0.421669 0.421669 0.421669
6269.212891 0.000000 3132.032471 0.000000 0.231064 0.000000 -0.972939 0.418634 0.418634 0.418634
6243.991211 0.000000 3122.367188 0.000000 0.077446 0.000000 -0.996997 0.424541 0.424541 0.424541
6219.959473 0.000000 3268.100342 0.000000 0.506861 0.000000 -0.862028 0.413595 0.413595 0.413595
6292.569336 0.000000 3168.511475 0.000000 0.191688 0.000000 -0.981456 0.419195 0.419195 0.419195
6149.119141 0.000000 3349.012451 0.000000 0.365814 0.000000 -0.930688 0.433130 0.433130 0.433130
6606.953125 0.000000 3330.065430 0.000000 0.558831 0.000000 -0.829282 0.413475 0.413475 0.413475
6273.884766 0.000000 3496.599365 0.000000 0.465517 0.000000 -0.885039 0.435718 0.435718 0.435718
6377.322754 0.000000 3493.822510 0.000000 0.450502 0.000000 -0.892775 0.468688 0.468688 0.468688
6592.156738 0.000000 3500.447021 0.000000 0.625653 0.000000 -0.780101 0.463565 0.463565 0.463565
6643.634277 0.000000 3488.274658 0.000000 0.276419 0.000000 -0.961037 0.463354 0.463354 0.463354
6461.658691 0.000000 3537.346924 0.000000 0.294673 0.000000 -0.955598 0.421384 0.421384 0.421384
6418.190430 0.000000 3511.553467 0.000000 0.048098 0.000000 -0.998843 0.483524 0.483524 0.483524
6470.395508 0.000000 3532.086914 0.000000 0.550749 0.000000 -0.834671 0.494962 0.494962 0.494962
6445.943359 0.000000 3560.870605 0.000000 0.160234 0.000000 -0.987079 0.421910 0.421910 0.421910
6560.032227 0.000000 3538.969238 0.000000 0.238025 0.000000 -0.971259 0.488719 0.488719 0.488719
6563.666992 0.000000 3538.517578 0.000000 0.504116 0.000000 -0.863636 0.483237 0.483237 0.483237
6535.213379 0.000000 3540.231201 0.000000 0.639503 0.000000 -0.768788 0.484304 0.484304 0.484304
6639.722656 0.000000 3546.350830 0.000000 0.601342 0.000000 -0.798992 0.450058 0.450058 0.450058
6600.407715 0.000000 3509.843506 0.000000 0.226928 0.000000 -0.973912 0.418224 0.418224 0.418224
6592.098633 0.000000 3508.980225 0.000000 0.055308 0.000000 -0.998469 0.420884 0.420884 0.420884
6762.009766 0.000000 3274.546143 0.000000 0.442427 0.000000 -0.896805 0.415553 0.415553 0.415553
6742.478027 0.000000 3310.987061 0.000000 0.440712 0.000000 -0.897649 0.415580 0.415580 0.415580
6753.210449 0.000000 3320.967041 0.000000 0.700190 0.000000 -0.713956 0.415979 0.415979 0.415979
6751.826172 0.000000 3284.216064 0.000000 0.656162 0.000000 -0.754620 0.411698 0.411698 0.411698
6726.215332 0.000000 3325.031494 0.000000 0.054816 0.000000 -0.998496 0.420967 0.420967 0.420967
6704.541992 0.000000 3355.163330 0.000000 0.234037 0.000000 -0.972228 0.419409 0.419409 0.419409
6717.248047 0.000000 3378.580078 0.000000 0.051119 0.000000 -0.998693 0.421094 0.421094 0.421094
6700.062988 0.000000 3341.567139 0.000000 0.134005 0.000000 -0.990981 0.419867 0.419867 0.419867
6778.368164 0.000000 3384.504150 0.000000 0.466153 0.000000 -0.884704 0.414910 0.414910 0.414910
6751.758301 0.000000 3362.737793 0.000000 0.334868 0.000000 -0.942265 0.417064 0.417064 0.417064
6764.760254 0.000000 3371.083252 0.000000 0.422045 0.000000 -0.906575 0.435045 0.435045 0.435045
6756.276367 0.000000 3365.824951 0.000000 0.296681 0.000000 -0.954976 0.432805 0.432805 0.432805
6731.929688 0.000000 3344.583984 0.000000 0.655674 0.000000 -0.755044 0.415459 0.415459 0.415459
6810.979980 0.000000 3317.926514 0.000000 0.512000 0.000000 -0.858985 0.413569 0.413569 0.413569
6845.658691 0.000000 3311.409424 0.000000 0.368653 0.000000 -0.929567 0.441646 0.441646 0.441646
6842.305176 0.000000 3320.075195 0.000000 0.072692 0.000000 -0.997354 0.456666 0.456666 0.456666
6807.890625 0.000000 3351.635742 0.000000 0.255251 0.000000 -0.966875 0.417762 0.417762 0.417762
6815.826172 0.000000 3340.700439 0.000000 0.685550 0.000000 -0.728025 0.411278 0.411278 0.411278
6792.908691 0.000000 3378.478027 0.000000 0.448970 0.000000 -0.893547 0.438842 0.438842 0.438842
6991.130859 0.000000 3258.981201 0.000000 0.275965 0.000000 -0.961168 0.417149 0.417149 0.417149
7106.396484 0.000000 3164.987061 0.000000 0.360197 0.000000 -0.932876 0.415909 0.415909 0.415909
7068.793945 0.000000 3222.451172 0.000000 0.229828 0.000000 -0.973231 0.417582 0.417582 0.417582
7167.487305 0.000000 3249.837158 0.000000 0.581226 0.000000 -0.813742 0.412910 0.412910 0.412910
6919.671387 0.000000 3300.950195 0.000000 0.139726 0.000000 -0.990190 0.419358 0.419358 0.419358
6961.272949 0.000000 3366.203125 0.000000 0.184214 0.000000 -0.982886 0.431660 0.431660 0.431660
6966.816895 0.000000 3333.828857 0.000000 0.263929 0.000000 -0.964542 0.420408 0.420408 0.420408
6975.586426 0.000000 3386.012695 0.000000 0.435819 0.000000 -0.900034 0.415488 0.415488 0.415488
6928.971680 0.000000 3381.755127 0.000000 0.100103 0.000000 -0.994977 0.444552 0.444552 0.444552
7070.236816 0.000000 3385.107910 0.000000 0.494829 0.000000 -0.868990 0.414040 0.414040 0.414040
7152.205566 0.000000 3389.036865 0.000000 0.553698 0.000000 -0.832718 0.439762 0.439762 0.439762
7157.994141 0.000000 3353.864258 0.000000 0.681736 0.000000 -0.731599 0.430226 0.430226 0.430226
7163.211426 0.000000 3362.196289 0.000000 0.624548 0.000000 -0.780986 0.435576 0.435576 0.435576
6696.832520 0.000000 3392.563721 0.000000 0.383762 0.000000 -0.923432 0.425721 0.425721 0.425721
6730.351562 0.000000 3409.941406 0.000000 0.486785 0.000000 -0.873522 0.438173 0.438173 0.438173
6717.212891 0.000000 3470.938721 0.000000 0.570546 0.000000 -0.821266 0.421198 0.421198 0.421198
6690.932617 0.000000 3499.623779 0.000000 0.301157 0.000000 -0.953574 0.468678 0.468678 0.468678
6718.624512 0.000000 3454.366943 0.000000 0.499393 0.000000 -0.866376 0.450678 0.450678 0.450678
6820.620605 0.000000 3435.770996 0.000000 0.342404 0.000000 -0.939553 0.452115 0.452115 0.452115
6866.127930 0.000000 3402.338623 0.000000 0.150860 0.000000 -0.988555 0.419347 0.419347 0.419347
6882.932617 0.000000 3443.139404 0.000000 0.000571 0.000000 -1.000000 0.475531 0.475531 0.475531
6890.835938 0.000000 3451.553223 0.000000 0.159244 0.000000 -0.987239 0.472708 0.472708 0.472708
6949.432617 0.000000 3456.573975 0.000000 0.068822 0.000000 -0.997629 0.465517 0.465517 0.465517
6948.045898 0.000000 3450.821777 0.000000 0.074049 0.000000 -0.997255 0.420775 0.420775 0.420775
7091.456055 0.000000 3439.350830 0.000000 0.405123 0.000000 -0.914262 0.448149 0.448149 0.448149
7067.131348 0.000000 3405.183594 0.000000 0.487401 0.000000 -0.873178 0.432507 0.432507 0.432507
7134.530273 0.000000 3412.522461 0.000000 0.429997 0.000000 -0.902830 0.446282 0.446282 0.446282
7109.464844 0.000000 3450.328857 0.000000 0.242330 0.000000 -0.970194 0.456727 0.456727 0.456727
7340.083496 0.000000 3126.701660 0.000000 0.328405 0.000000 -0.944537 0.430874 0.430874 0.430874
7455.334473 0.000000 3091.141602 0.000000 0.189711 0.000000 -0.981840 0.441689 0.441689 0.441689
7492.458496 0.000000 3104.622314 0.000000 0.628021 0.000000 -0.778196 0.420153 0.420153 0.420153
7378.127930 0.000000 3176.401123 0.000000 0.406091 0.000000 -0.913832 0.415078 0.415078 0.415078
7532.760254 0.000000 3258.114502 0.000000 0.227432 0.000000 -0.973794 0.419504 0.419504 0.419504
7580.793945 0.000000 3222.451172 0.000000 0.643240 0.000000 -0.765665 0.411626 0.411626 0.411626
7572.089355 0.000000 3264.426270 0.000000 0.514797 0.000000 -0.857312 0.414298 0.414298 0.414298
7613.658691 0.000000 3254.925049 0.000000 0.210565 0.000000 -0.977580 0.418656 0.418656 0.418656
7622.215332 0.000000 3268.547119 0.000000 0.027524 0.000000 -0.999621 0.421191 0.421191 0.421191
7536.541992 0.000000 3298.678955 0.000000 0.699022 0.000000 -0.715100 0.420157 0.420157 0.420157
7549.512207 0.000000 3276.119873 0.000000 0.013057 0.000000 -0.999915 0.421389 0.421389 0.421389
7513.621582 0.000000 3323.968506 0.000000 0.419464 0.000000 -0.907772 0.422314 0.422314 0.422314
7538.584961 0.000000 3303.988037 0.000000 0.444921 0.000000 -0.895570 0.426153 0.426153 0.426153
7492.032715 0.000000 3364.189697 0.000000 0.439012 0.000000 -0.898481 0.427667 0.427667 0.427667
7518.530273 0.000000 3356.038086 0.000000 0.430166 0.000000 -0.902750 0.432068 0.432068 0.432068
7601.272949 0.000000 3309.718750 0.000000 0.535310 0.000000 -0.844655 0.424624 0.424624 0.424624
7566.007324 0.000000 3306.983887 0.000000 0.369097 0.000000 -0.929391 0.428801 0.428801 0.428801
7556.032715 0.000000 3307.705322 0.000000 0.011090 0.000000 -0.999938 0.434243 0.434243 0.434243
7604.365234 0.000000 3315.360107 0.000000 0.078518 0.000000 -0.996913 0.421624 0.421624 0.421624
7564.552734 0.000000 3302.287842 0.000000 0.646693 0.000000 -0.762751 0.412086 0.412086 0.412086
7625.400879 0.000000 3292.212891 0.000000 0.616598 0.000000 -0.787278 0.418970 0.418970 0.418970
7672.550781 0.000000 3308.952881 0.000000 0.220244 0.000000 -0.975445 0.436878 0.436878 0.436878
7613.512207 0.000000 3332.604248 0.000000 0.493502 0.000000 -0.869745 0.414166 0.414166 0.414166
7577.237793 0.000000 3338.737061 0.000000 0.061590 0.000000 -0.998102 0.443696 0.443696 0.443696
7233.451172 0.000000 3401.238037 0.000000 0.001607 0.000000 -0.999999 0.421155 0.421155 0.421155
7273.563477 0.000000 3415.553467 0.000000 0.239075 0.000000 -0.971001 0.417789 0.417789 0.417789
7234.500488 0.000000 3408.806641 0.000000 0.431522 0.000000 -0.902103 0.420705 0.420705 0.420705
7347.456055 0.000000 3439.350830 0.000000 0.148087 0.000000 -0.988974 0.419812 0.419812 0.419812
7350.381836 0.000000 3418.390137 0.000000 0.075575 0.000000 -0.997140 0.452234 0.452234 0.452234
7411.213867 0.000000 3435.319824 0.000000 0.566270 0.000000 -0.824220 0.443740 0.443740 0.443740
7401.322754 0.000000 3437.338135 0.000000 0.491963 0.000000 -0.870616 0.446570 0.446570 0.446570
7513.237793 0.000000 3451.705811 0.000000 0.013653 0.000000 -0.999907 0.428367 0.428367 0.428367
7689.203613 0.000000 3255.310059 0.000000 0.033618 0.000000 -0.999435 0.420953 0.420953 0.420953
7839.453613 0.000000 3236.339600 0.000000 0.018212 0.000000 -0.999834 0.420466 0.420466 0.420466
7873.451172 0.000000 3231.784912 0.000000 0.462063 0.000000 -0.886847 0.414810 0.414810 0.414810
7698.283691 0.000000 3277.226562 0.000000 0.116818 0.000000 -0.993153 0.425425 0.425425 0.425425
"}
