object={
	name="rainforest_generator_3_0"
	clamp_to_water_level=no
	render_under_water=no
	generated_content=yes
	layer="semidynamic_high"
	pdxmesh="tree_rainforest_001_mesh"
	count=148
	transform="190.581940 0.000000 1201.038940 0.000000 0.386827 0.000000 0.922152 0.199163 0.199163 0.199163
134.952942 0.000000 1221.782104 0.000000 0.561192 0.000000 0.827686 0.202416 0.202416 0.202416
160.608612 0.000000 1217.703125 0.000000 0.130144 0.000000 0.991495 0.258189 0.258189 0.258189
151.724457 0.000000 1213.301392 0.000000 0.470992 0.000000 0.882137 0.269826 0.269826 0.269826
154.203171 0.000000 1218.777710 0.000000 0.351452 0.000000 0.936206 0.297432 0.297432 0.297432
145.357849 0.000000 1219.587524 0.000000 0.459162 0.000000 0.888353 0.312199 0.312199 0.312199
152.817276 0.000000 1219.205444 0.000000 0.077541 0.000000 0.996989 0.270469 0.270469 0.270469
159.978973 0.000000 1215.239868 0.000000 0.426693 0.000000 0.904396 0.315011 0.315011 0.315011
154.147797 0.000000 1210.717407 0.000000 0.109380 0.000000 0.994000 0.302235 0.302235 0.302235
139.374542 0.000000 1218.202637 0.000000 0.464096 0.000000 0.885785 0.298996 0.298996 0.298996
151.335571 0.000000 1221.666260 0.000000 0.421691 0.000000 0.906739 0.323177 0.323177 0.323177
183.855301 0.000000 1203.991577 0.000000 0.354186 0.000000 0.935175 0.307658 0.307658 0.307658
148.185303 0.000000 1214.700317 0.000000 0.183880 0.000000 0.982949 0.294128 0.294128 0.294128
147.048859 0.000000 1219.417480 0.000000 0.298523 0.000000 0.954403 0.315799 0.315799 0.315799
144.566467 0.000000 1217.354858 0.000000 0.132494 0.000000 0.991184 0.290152 0.290152 0.290152
154.909698 0.000000 1221.382446 0.000000 0.212701 0.000000 0.977117 0.296374 0.296374 0.296374
152.802734 0.000000 1220.139160 0.000000 0.194244 0.000000 0.980953 0.294934 0.294934 0.294934
183.098206 0.000000 1205.391357 0.000000 0.479819 0.000000 0.877368 0.318231 0.318231 0.318231
143.908066 0.000000 1217.859619 0.000000 0.509894 0.000000 0.860237 0.320876 0.320876 0.320876
149.557983 0.000000 1214.671997 0.000000 0.476980 0.000000 0.878914 0.317984 0.317984 0.317984
186.257172 0.000000 1202.443115 0.000000 0.231816 0.000000 0.972760 0.297872 0.297872 0.297872
187.056824 0.000000 1202.698608 0.000000 0.512268 0.000000 0.858826 0.321087 0.321087 0.321087
180.718094 0.000000 1205.074829 0.000000 0.471462 0.000000 0.881886 0.317506 0.317506 0.317506
241.364136 0.000000 1188.461182 0.000000 0.155136 0.000000 0.987893 0.283533 0.283533 0.283533
192.030182 0.000000 1203.561035 0.000000 0.455769 0.000000 0.890098 0.301443 0.301443 0.301443
194.628021 0.000000 1200.718872 0.000000 0.246237 0.000000 0.969210 0.299007 0.299007 0.299007
194.182022 0.000000 1198.847534 0.000000 0.120858 0.000000 0.992670 0.289255 0.289255 0.289255
197.606552 0.000000 1200.534058 0.000000 0.152914 0.000000 0.988240 0.291728 0.291728 0.291728
212.540039 0.000000 1192.581421 0.000000 0.174340 0.000000 0.984685 0.293387 0.293387 0.293387
210.726227 0.000000 1192.406616 0.000000 0.423127 0.000000 0.906071 0.313376 0.313376 0.313376
695.338501 0.000000 1105.727295 0.000000 0.327099 0.000000 0.944990 0.252715 0.252715 0.252715
691.848633 0.000000 1109.878296 0.000000 0.537156 0.000000 0.843483 0.335850 0.335850 0.335850
644.163086 0.000000 1124.986084 0.000000 0.202139 0.000000 0.979357 0.312275 0.312275 0.312275
692.704163 0.000000 1111.646484 0.000000 0.446628 0.000000 0.894720 0.328179 0.328179 0.328179
690.226990 0.000000 1107.010620 0.000000 0.419914 0.000000 0.907564 0.316513 0.316513 0.316513
906.256531 0.000000 1303.371338 0.000000 0.478080 0.000000 0.878316 0.244907 0.244907 0.244907
492.134277 0.000000 2011.934448 0.000000 0.053409 0.000000 0.998573 0.282862 0.282862 0.282862
542.023010 0.000000 1963.881592 0.000000 0.253545 0.000000 0.967324 0.249105 0.249105 0.249105
555.446167 0.000000 1962.080322 0.000000 0.317174 0.000000 0.948367 0.284976 0.284976 0.284976
549.454834 0.000000 1949.652588 0.000000 0.101612 0.000000 0.994824 0.262525 0.262525 0.262525
536.030273 0.000000 1990.258301 0.000000 0.418745 0.000000 0.908104 0.255440 0.255440 0.255440
537.534424 0.000000 1986.515137 0.000000 0.147846 0.000000 0.989010 0.278295 0.278295 0.278295
7464.284180 0.000000 490.341522 0.000000 0.098352 0.000000 0.995152 0.217444 0.217444 0.217444
7435.583984 0.000000 455.432648 0.000000 0.256489 0.000000 0.966547 0.240847 0.240847 0.240847
6487.836426 0.000000 1406.237915 0.000000 0.305083 0.000000 0.952326 0.189298 0.189298 0.189298
6461.248047 0.000000 1797.017700 0.000000 0.203916 0.000000 0.978988 0.190285 0.190285 0.190285
6461.212891 0.000000 1776.407349 0.000000 0.562862 0.000000 0.826551 0.192713 0.192713 0.192713
6500.045898 0.000000 1756.290527 0.000000 0.477632 0.000000 0.878560 0.191697 0.191697 0.191697
6514.318359 0.000000 1751.221558 0.000000 0.446708 0.000000 0.894680 0.191012 0.191012 0.191012
6467.837402 0.000000 1774.577759 0.000000 0.426228 0.000000 0.904616 0.191392 0.191392 0.191392
6506.673340 0.000000 1751.159546 0.000000 0.446055 0.000000 0.895005 0.191283 0.191283 0.191283
6516.003906 0.000000 1754.343140 0.000000 0.480893 0.000000 0.876779 0.191192 0.191192 0.191192
6523.100586 0.000000 1761.108398 0.000000 0.191720 0.000000 0.981450 0.188304 0.188304 0.188304
6528.156738 0.000000 1805.915771 0.000000 0.126362 0.000000 0.991984 0.188463 0.188463 0.188463
6541.506836 0.000000 1786.830078 0.000000 0.571115 0.000000 0.820870 0.191826 0.191826 0.191826
6549.502930 0.000000 1799.334839 0.000000 0.248594 0.000000 0.968608 0.188634 0.188634 0.188634
6534.724121 0.000000 1784.523071 0.000000 0.529241 0.000000 0.848472 0.191527 0.191527 0.191527
6553.916992 0.000000 1795.781860 0.000000 0.492256 0.000000 0.870450 0.190640 0.190640 0.190640
6399.586426 0.000000 1860.934570 0.000000 0.486989 0.000000 0.873408 0.192310 0.192310 0.192310
6336.254883 0.000000 1911.125244 0.000000 0.272382 0.000000 0.962189 0.191110 0.191110 0.191110
6392.550781 0.000000 1896.843506 0.000000 0.107636 0.000000 0.994190 0.189773 0.189773 0.189773
6359.491699 0.000000 1864.615845 0.000000 0.253562 0.000000 0.967319 0.190483 0.190483 0.190483
6345.063965 0.000000 1894.446411 0.000000 0.499128 0.000000 0.866528 0.192018 0.192018 0.192018
6336.163086 0.000000 1898.730957 0.000000 0.452270 0.000000 0.891881 0.191475 0.191475 0.191475
6245.432617 0.000000 1987.980225 0.000000 0.534444 0.000000 0.845204 0.193087 0.193087 0.193087
6320.541992 0.000000 1943.053955 0.000000 0.135875 0.000000 0.990726 0.190151 0.190151 0.190151
6293.208496 0.000000 1960.348022 0.000000 0.193650 0.000000 0.981071 0.189695 0.189695 0.189695
6327.531250 0.000000 1931.072388 0.000000 0.452599 0.000000 0.891714 0.192028 0.192028 0.192028
6283.929688 0.000000 1932.474609 0.000000 0.124574 0.000000 0.992210 0.189171 0.189171 0.189171
6278.424805 0.000000 1940.828857 0.000000 0.351522 0.000000 0.936180 0.190623 0.190623 0.190623
6362.074219 0.000000 1950.985229 0.000000 0.049352 0.000000 0.998781 0.188605 0.188605 0.188605
6343.914551 0.000000 1922.305664 0.000000 0.359295 0.000000 0.933224 0.190838 0.190838 0.190838
6353.256836 0.000000 1955.183594 0.000000 0.281010 0.000000 0.959705 0.190850 0.190850 0.190850
6361.505859 0.000000 1974.240479 0.000000 0.394641 0.000000 0.918835 0.191274 0.191274 0.191274
6313.260742 0.000000 2021.175293 0.000000 0.343017 0.000000 0.939329 0.191162 0.191162 0.191162
6278.215332 0.000000 2025.890747 0.000000 0.212618 0.000000 0.977135 0.190348 0.190348 0.190348
6325.994141 0.000000 1998.239258 0.000000 0.520049 0.000000 0.854136 0.192204 0.192204 0.192204
6342.330566 0.000000 1989.049927 0.000000 0.302978 0.000000 0.952997 0.190541 0.190541 0.190541
6461.212891 0.000000 1832.891724 0.000000 0.126573 0.000000 0.991957 0.189546 0.189546 0.189546
6406.330566 0.000000 1819.596802 0.000000 0.433277 0.000000 0.901261 0.191171 0.191171 0.191171
6419.771973 0.000000 1830.125488 0.000000 0.128407 0.000000 0.991722 0.188300 0.188300 0.188300
6454.864258 0.000000 1862.498657 0.000000 0.279852 0.000000 0.960043 0.189556 0.189556 0.189556
6441.204590 0.000000 1844.061401 0.000000 0.403545 0.000000 0.914960 0.190770 0.190770 0.190770
6499.765137 0.000000 1833.347290 0.000000 0.430172 0.000000 0.902747 0.191706 0.191706 0.191706
6502.346680 0.000000 1861.757690 0.000000 0.473845 0.000000 0.880608 0.191260 0.191260 0.191260
6519.062500 0.000000 1858.517456 0.000000 0.132971 0.000000 0.991120 0.188158 0.188158 0.188158
6411.929688 0.000000 1875.990234 0.000000 0.582673 0.000000 0.812707 0.193012 0.193012 0.193012
6440.763184 0.000000 1879.106567 0.000000 0.052512 0.000000 0.998620 0.188060 0.188060 0.188060
6453.994141 0.000000 1885.270508 0.000000 0.185071 0.000000 0.982725 0.189284 0.189284 0.189284
6462.270020 0.000000 1868.415771 0.000000 0.397430 0.000000 0.917632 0.190426 0.190426 0.190426
6458.385254 0.000000 1866.576416 0.000000 0.215571 0.000000 0.976488 0.188849 0.188849 0.188849
6508.083496 0.000000 1884.045410 0.000000 0.374575 0.000000 0.927197 0.190963 0.190963 0.190963
6514.318359 0.000000 1864.190308 0.000000 0.397896 0.000000 0.917431 0.190575 0.190575 0.190575
6556.431641 0.000000 1815.007812 0.000000 0.029774 0.000000 0.999557 0.186342 0.186342 0.186342
6580.463867 0.000000 1822.581787 0.000000 0.482531 0.000000 0.875879 0.190541 0.190541 0.190541
6423.890625 0.000000 1939.526489 0.000000 0.319042 0.000000 0.947741 0.191289 0.191289 0.191289
6436.276367 0.000000 1953.715454 0.000000 0.452258 0.000000 0.891887 0.191888 0.191888 0.191888
6461.248047 0.000000 2022.955200 0.000000 0.458302 0.000000 0.888797 0.192348 0.192348 0.192348
6421.208496 0.000000 2016.832397 0.000000 0.173440 0.000000 0.984844 0.189715 0.189715 0.189715
6429.237305 0.000000 2010.475342 0.000000 0.321778 0.000000 0.946815 0.190534 0.190534 0.190534
6489.621582 0.000000 2024.828003 0.000000 0.152773 0.000000 0.988261 0.189915 0.189915 0.189915
6485.208496 0.000000 2016.832397 0.000000 0.409711 0.000000 0.912215 0.191684 0.191684 0.191684
6271.487305 0.000000 2063.665283 0.000000 0.238293 0.000000 0.971193 0.191034 0.191034 0.191034
6276.032715 0.000000 2065.049072 0.000000 0.089741 0.000000 0.995965 0.190018 0.190018 0.190018
6298.074219 0.000000 2063.953857 0.000000 0.014487 0.000000 0.999895 0.189121 0.189121 0.189121
6297.505859 0.000000 2087.209229 0.000000 0.088287 0.000000 0.996095 0.188712 0.188712 0.188712
6293.668945 0.000000 2099.710693 0.000000 0.540127 0.000000 0.841583 0.192134 0.192134 0.192134
6326.816895 0.000000 2147.656982 0.000000 0.182476 0.000000 0.983210 0.190476 0.190476 0.190476
6437.432617 0.000000 2044.464600 0.000000 0.454118 0.000000 0.890941 0.192452 0.192452 0.192452
6419.771973 0.000000 2112.547363 0.000000 0.065111 0.000000 0.997878 0.188911 0.188911 0.188911
6546.230469 0.000000 2184.441895 0.000000 0.110768 0.000000 0.993846 0.187791 0.187791 0.187791
6630.535645 0.000000 2175.914307 0.000000 0.504459 0.000000 0.863436 0.192065 0.192065 0.192065
6628.620605 0.000000 2193.114746 0.000000 0.329167 0.000000 0.944272 0.190439 0.190439 0.190439
6615.371094 0.000000 2189.420166 0.000000 0.204290 0.000000 0.978910 0.188924 0.188924 0.188924
6639.663086 0.000000 2212.902588 0.000000 0.006752 0.000000 0.999977 0.187700 0.187700 0.187700
6702.042969 0.000000 2039.292114 0.000000 0.531721 0.000000 0.846919 0.191173 0.191173 0.191173
6717.611816 0.000000 2072.197266 0.000000 0.071093 0.000000 0.997470 0.187458 0.187458 0.187458
6715.100586 0.000000 2043.530273 0.000000 0.584116 0.000000 0.811670 0.191489 0.191489 0.191489
6755.666992 0.000000 2069.923828 0.000000 0.514775 0.000000 0.857325 0.190614 0.190614 0.190614
6744.572266 0.000000 2072.901855 0.000000 0.523110 0.000000 0.852265 0.190830 0.190830 0.190830
6749.422852 0.000000 2071.989258 0.000000 0.072108 0.000000 0.997397 0.186531 0.186531 0.186531
6745.706543 0.000000 2047.076904 0.000000 0.511700 0.000000 0.859164 0.191532 0.191532 0.191532
6862.875488 0.000000 2191.168213 0.000000 0.204834 0.000000 0.978797 0.189440 0.189440 0.189440
6613.668945 0.000000 2269.163818 0.000000 0.012597 0.000000 0.999921 0.187357 0.187357 0.187357
6674.283691 0.000000 2260.507812 0.000000 0.435821 0.000000 0.900033 0.191613 0.191613 0.191613
6668.112305 0.000000 2443.734863 0.000000 0.452979 0.000000 0.891521 0.193632 0.193632 0.193632
6663.408691 0.000000 2446.665527 0.000000 0.208585 0.000000 0.978004 0.191806 0.191806 0.191806
6901.101074 0.000000 2474.153564 0.000000 0.178030 0.000000 0.984025 0.198307 0.198307 0.198307
7078.469727 0.000000 2285.968994 0.000000 0.017263 0.000000 0.999851 0.187267 0.187267 0.187267
7085.942871 0.000000 2281.315918 0.000000 0.230512 0.000000 0.973070 0.187305 0.187305 0.187305
7078.385742 0.000000 2276.219971 0.000000 0.082541 0.000000 0.996588 0.188769 0.188769 0.188769
7096.639160 0.000000 2320.831787 0.000000 0.257408 0.000000 0.966303 0.187731 0.187731 0.187731
7134.952637 0.000000 2335.371582 0.000000 0.338193 0.000000 0.941077 0.193229 0.193229 0.193229
7160.742188 0.000000 2345.753174 0.000000 0.304688 0.000000 0.952452 0.191080 0.191080 0.191080
6878.952637 0.000000 2504.824707 0.000000 0.182949 0.000000 0.983122 0.188934 0.188934 0.188934
6822.792969 0.000000 2544.608887 0.000000 0.127291 0.000000 0.991865 0.206759 0.206759 0.206759
6859.316406 0.000000 2542.713867 0.000000 0.139054 0.000000 0.990285 0.211790 0.211790 0.211790
6974.582031 0.000000 2500.179688 0.000000 0.063422 0.000000 0.997987 0.192769 0.192769 0.192769
6966.180664 0.000000 2509.162598 0.000000 0.454011 0.000000 0.890996 0.200029 0.200029 0.200029
6948.682129 0.000000 2509.101807 0.000000 0.224728 0.000000 0.974421 0.198027 0.198027 0.198027
6941.739258 0.000000 2506.775635 0.000000 0.174330 0.000000 0.984687 0.198262 0.198262 0.198262
6973.282227 0.000000 2529.267822 0.000000 0.326345 0.000000 0.945251 0.201911 0.201911 0.201911
6933.843750 0.000000 2535.597168 0.000000 0.193916 0.000000 0.981018 0.204400 0.204400 0.204400
6919.784180 0.000000 2538.628906 0.000000 0.503221 0.000000 0.864158 0.211590 0.211590 0.211590
7009.412109 0.000000 2500.269531 0.000000 0.548564 0.000000 0.836109 0.196651 0.196651 0.196651
6976.712402 0.000000 2503.533447 0.000000 0.308193 0.000000 0.951324 0.195546 0.195546 0.195546
7018.678223 0.000000 2523.487549 0.000000 0.525285 0.000000 0.850927 0.200985 0.200985 0.200985
7019.060059 0.000000 2519.446045 0.000000 0.415314 0.000000 0.909678 0.198627 0.198627 0.198627
"}
object={
	name="rainforest_generator_3_1"
	clamp_to_water_level=no
	render_under_water=no
	generated_content=yes
	layer="semidynamic_high"
	pdxmesh="tree_rainforest_002_mesh"
	count=158
	transform="158.609543 0.000000 1211.834473 0.000000 0.899553 0.000000 0.436813 0.224040 0.224040 0.224040
180.467667 0.000000 1207.296631 0.000000 0.773171 0.000000 0.634197 0.304950 0.304950 0.304950
161.533234 0.000000 1212.231201 0.000000 0.865128 0.000000 0.501551 0.364716 0.364716 0.364716
181.110764 0.000000 1203.019653 0.000000 0.920502 0.000000 0.390737 0.369333 0.369333 0.369333
184.765884 0.000000 1205.573853 0.000000 0.789790 0.000000 0.613377 0.349555 0.349555 0.349555
181.304230 0.000000 1206.699707 0.000000 0.672682 0.000000 0.739932 0.299037 0.299037 0.299037
185.661316 0.000000 1203.903931 0.000000 0.720523 0.000000 0.693431 0.341464 0.341464 0.341464
140.066605 0.000000 1216.437256 0.000000 0.872132 0.000000 0.489272 0.360943 0.360943 0.360943
156.799316 0.000000 1218.691650 0.000000 0.760306 0.000000 0.649565 0.348283 0.348283 0.348283
161.560242 0.000000 1215.178345 0.000000 0.603515 0.000000 0.797352 0.334104 0.334104 0.334104
158.966003 0.000000 1215.661133 0.000000 0.652621 0.000000 0.757685 0.329976 0.329976 0.329976
150.463898 0.000000 1210.414551 0.000000 0.860136 0.000000 0.510065 0.361247 0.361247 0.361247
144.493317 0.000000 1216.274170 0.000000 0.658125 0.000000 0.752908 0.334876 0.334876 0.334876
151.377655 0.000000 1220.677612 0.000000 0.702991 0.000000 0.711198 0.346470 0.346470 0.346470
148.944992 0.000000 1219.456177 0.000000 0.649312 0.000000 0.760522 0.341321 0.341321 0.341321
161.437317 0.000000 1213.679077 0.000000 0.615585 0.000000 0.788070 0.339044 0.339044 0.339044
158.477646 0.000000 1218.190308 0.000000 0.807646 0.000000 0.589667 0.358120 0.358120 0.358120
153.831146 0.000000 1223.410034 0.000000 0.653646 0.000000 0.756800 0.338923 0.338923 0.338923
180.485947 0.000000 1203.695435 0.000000 0.682368 0.000000 0.731009 0.337372 0.337372 0.337372
150.437180 0.000000 1218.566895 0.000000 0.800163 0.000000 0.599782 0.354715 0.354715 0.354715
140.858170 0.000000 1216.865112 0.000000 0.828367 0.000000 0.560186 0.354575 0.354575 0.354575
152.531067 0.000000 1223.895508 0.000000 0.855146 0.000000 0.518387 0.361225 0.361225 0.361225
152.190033 0.000000 1211.052002 0.000000 0.907139 0.000000 0.420830 0.369528 0.369528 0.369528
146.036804 0.000000 1216.439697 0.000000 0.754721 0.000000 0.656046 0.345335 0.345335 0.345335
158.248596 0.000000 1217.299316 0.000000 0.737113 0.000000 0.675769 0.345538 0.345538 0.345538
216.077560 0.000000 1195.568359 0.000000 0.874595 0.000000 0.484855 0.199795 0.199795 0.199795
192.213211 0.000000 1198.273560 0.000000 0.638277 0.000000 0.769807 0.343632 0.343632 0.343632
193.121689 0.000000 1203.280396 0.000000 0.599368 0.000000 0.800473 0.309395 0.309395 0.309395
212.296036 0.000000 1194.901855 0.000000 0.873006 0.000000 0.487709 0.314972 0.314972 0.314972
239.757812 0.000000 1188.937134 0.000000 0.707980 0.000000 0.706233 0.340094 0.340094 0.340094
209.511261 0.000000 1193.751953 0.000000 0.706065 0.000000 0.708147 0.342834 0.342834 0.342834
197.510666 0.000000 1198.805054 0.000000 0.852204 0.000000 0.523210 0.362473 0.362473 0.362473
213.219788 0.000000 1192.137451 0.000000 0.762647 0.000000 0.646815 0.346264 0.346264 0.346264
691.609192 0.000000 1103.369385 0.000000 0.895188 0.000000 0.445688 0.331267 0.331267 0.331267
690.699646 0.000000 1104.256104 0.000000 0.922831 0.000000 0.385205 0.306886 0.306886 0.306886
690.433777 0.000000 1110.961670 0.000000 0.590548 0.000000 0.807002 0.334427 0.334427 0.334427
690.101379 0.000000 1106.147949 0.000000 0.649666 0.000000 0.760219 0.336609 0.336609 0.336609
693.292664 0.000000 1102.769897 0.000000 0.878345 0.000000 0.478027 0.330492 0.330492 0.330492
645.068848 0.000000 1126.829468 0.000000 0.723583 0.000000 0.690238 0.343894 0.343894 0.343894
690.309204 0.000000 1109.015625 0.000000 0.645861 0.000000 0.763455 0.344483 0.344483 0.344483
645.709595 0.000000 1126.032593 0.000000 0.903539 0.000000 0.428505 0.367386 0.367386 0.367386
689.513184 0.000000 1107.699829 0.000000 0.922455 0.000000 0.386104 0.373972 0.373972 0.373972
499.318481 0.000000 2010.594604 0.000000 0.795282 0.000000 0.606239 0.210227 0.210227 0.210227
493.249664 0.000000 2008.191895 0.000000 0.742705 0.000000 0.669619 0.284603 0.284603 0.284603
547.666992 0.000000 1956.954956 0.000000 0.606644 0.000000 0.794974 0.191970 0.191970 0.191970
550.014160 0.000000 1951.297363 0.000000 0.724904 0.000000 0.688850 0.246696 0.246696 0.246696
554.652222 0.000000 1960.121460 0.000000 0.927665 0.000000 0.373414 0.321225 0.321225 0.321225
547.967163 0.000000 1954.742920 0.000000 0.938238 0.000000 0.345991 0.309454 0.309454 0.309454
536.231201 0.000000 1991.961914 0.000000 0.680755 0.000000 0.732511 0.264172 0.264172 0.264172
7430.070312 0.000000 458.914978 0.000000 0.694991 0.000000 0.719019 0.203503 0.203503 0.203503
6453.994141 0.000000 1433.395508 0.000000 0.894723 0.000000 0.446621 0.196475 0.196475 0.196475
6465.017578 0.000000 1438.802490 0.000000 0.855275 0.000000 0.518175 0.195988 0.195988 0.195988
6618.245605 0.000000 1487.105591 0.000000 0.944977 0.000000 0.327137 0.200528 0.200528 0.200528
6388.463867 0.000000 1653.128662 0.000000 0.815982 0.000000 0.578077 0.194614 0.194614 0.194614
6371.765137 0.000000 1720.378540 0.000000 0.725357 0.000000 0.688373 0.194598 0.194598 0.194598
6350.873047 0.000000 1759.062744 0.000000 0.745274 0.000000 0.666759 0.194807 0.194807 0.194807
6413.099609 0.000000 1657.823486 0.000000 0.665128 0.000000 0.746729 0.192422 0.192422 0.192422
6461.658691 0.000000 1786.331421 0.000000 0.800008 0.000000 0.599989 0.195261 0.195261 0.195261
6509.311035 0.000000 1785.365479 0.000000 0.744978 0.000000 0.667089 0.194439 0.194439 0.194439
6470.424805 0.000000 1771.375732 0.000000 0.917785 0.000000 0.397078 0.196891 0.196891 0.196891
6536.908691 0.000000 1796.915649 0.000000 0.665624 0.000000 0.746287 0.192954 0.192954 0.192954
6560.449219 0.000000 1777.010986 0.000000 0.656369 0.000000 0.754440 0.192317 0.192317 0.192317
6545.722656 0.000000 1803.192993 0.000000 0.947947 0.000000 0.318428 0.197249 0.197249 0.197249
6545.664551 0.000000 1757.671631 0.000000 0.908818 0.000000 0.417193 0.196132 0.196132 0.196132
6549.934570 0.000000 1805.827637 0.000000 0.941824 0.000000 0.336108 0.197048 0.197048 0.197048
6353.256836 0.000000 1842.214844 0.000000 0.872790 0.000000 0.488097 0.196372 0.196372 0.196372
6294.478027 0.000000 1898.877686 0.000000 0.659328 0.000000 0.751856 0.194158 0.194158 0.194158
6331.211426 0.000000 1893.602539 0.000000 0.756793 0.000000 0.653655 0.194664 0.194664 0.194664
6357.208496 0.000000 1903.863647 0.000000 0.873691 0.000000 0.486482 0.196258 0.196258 0.196258
6340.763672 0.000000 1900.176636 0.000000 0.938166 0.000000 0.346186 0.197264 0.197264 0.197264
6337.884766 0.000000 1915.036865 0.000000 0.856708 0.000000 0.515801 0.195806 0.195806 0.195806
6344.908691 0.000000 1909.884399 0.000000 0.718857 0.000000 0.695158 0.194051 0.194051 0.194051
6269.212891 0.000000 1945.860474 0.000000 0.936853 0.000000 0.349724 0.197280 0.197280 0.197280
6250.009766 0.000000 1975.405396 0.000000 0.901253 0.000000 0.433292 0.196755 0.196755 0.196755
6322.789551 0.000000 1932.556030 0.000000 0.883623 0.000000 0.468199 0.196472 0.196472 0.196472
6275.505371 0.000000 1963.894897 0.000000 0.874711 0.000000 0.484645 0.196021 0.196021 0.196021
6273.884766 0.000000 1971.521240 0.000000 0.814706 0.000000 0.579875 0.195290 0.195290 0.195290
6276.755371 0.000000 1948.341431 0.000000 0.859635 0.000000 0.510909 0.195783 0.195783 0.195783
6362.364746 0.000000 1946.030029 0.000000 0.913440 0.000000 0.406974 0.196861 0.196861 0.196861
6357.668945 0.000000 1930.257690 0.000000 0.782458 0.000000 0.622703 0.194882 0.194882 0.194882
6363.932617 0.000000 1940.738403 0.000000 0.858189 0.000000 0.513333 0.195895 0.195895 0.195895
6273.017578 0.000000 2003.646240 0.000000 0.793311 0.000000 0.608816 0.195343 0.195343 0.195343
6290.817383 0.000000 2007.396973 0.000000 0.812051 0.000000 0.583587 0.195333 0.195333 0.195333
6376.763184 0.000000 1992.075317 0.000000 0.938392 0.000000 0.345574 0.197357 0.197357 0.197357
6389.994141 0.000000 1998.239258 0.000000 0.725870 0.000000 0.687832 0.194319 0.194319 0.194319
6359.836426 0.000000 2027.566040 0.000000 0.621156 0.000000 0.783687 0.192468 0.192468 0.192468
6445.434082 0.000000 1837.229248 0.000000 0.846889 0.000000 0.531769 0.195661 0.195661 0.195661
6417.260254 0.000000 1833.957153 0.000000 0.622622 0.000000 0.782522 0.192596 0.192596 0.192596
6404.755371 0.000000 1835.372681 0.000000 0.777311 0.000000 0.629117 0.194479 0.194479 0.194479
6422.628418 0.000000 1837.527222 0.000000 0.641295 0.000000 0.767295 0.192794 0.192794 0.192794
6498.900879 0.000000 1807.564697 0.000000 0.804316 0.000000 0.594203 0.195473 0.195473 0.195473
6519.531250 0.000000 1818.103638 0.000000 0.861522 0.000000 0.507721 0.195879 0.195879 0.195879
6464.156738 0.000000 1862.400146 0.000000 0.802937 0.000000 0.596063 0.194898 0.194898 0.194898
6522.385254 0.000000 1810.092041 0.000000 0.694262 0.000000 0.719722 0.193782 0.193782 0.193782
6515.402344 0.000000 1861.467285 0.000000 0.610912 0.000000 0.791699 0.192473 0.192473 0.192473
6444.760254 0.000000 1902.489502 0.000000 0.841652 0.000000 0.540021 0.195941 0.195941 0.195941
6414.953125 0.000000 1917.956055 0.000000 0.658870 0.000000 0.752257 0.194048 0.194048 0.194048
6409.641113 0.000000 1917.172241 0.000000 0.832752 0.000000 0.553647 0.195825 0.195825 0.195825
6419.007324 0.000000 1882.062744 0.000000 0.783472 0.000000 0.621427 0.194894 0.194894 0.194894
6418.817383 0.000000 1894.428223 0.000000 0.835461 0.000000 0.549550 0.195715 0.195715 0.195715
6440.974609 0.000000 1875.505981 0.000000 0.838071 0.000000 0.545561 0.195390 0.195390 0.195390
6469.464844 0.000000 1868.766357 0.000000 0.825570 0.000000 0.564300 0.195060 0.195060 0.195060
6559.334473 0.000000 1848.485474 0.000000 0.604420 0.000000 0.796666 0.192981 0.192981 0.192981
6531.510742 0.000000 1854.427979 0.000000 0.900933 0.000000 0.433959 0.196246 0.196246 0.196246
6540.526855 0.000000 1830.545776 0.000000 0.934455 0.000000 0.356082 0.196910 0.196910 0.196910
6450.584961 0.000000 1948.363037 0.000000 0.651117 0.000000 0.758977 0.193653 0.193653 0.193653
6474.351562 0.000000 1941.347656 0.000000 0.677001 0.000000 0.735982 0.193495 0.193495 0.193495
6491.932617 0.000000 1940.738403 0.000000 0.948817 0.000000 0.315826 0.197473 0.197473 0.197473
6436.045898 0.000000 1982.228027 0.000000 0.817244 0.000000 0.576292 0.195323 0.195323 0.195323
6504.763184 0.000000 1992.075317 0.000000 0.865536 0.000000 0.500847 0.196137 0.196137 0.196137
6302.530273 0.000000 2056.897461 0.000000 0.910074 0.000000 0.414447 0.197066 0.197066 0.197066
6316.760254 0.000000 2071.942627 0.000000 0.611286 0.000000 0.791410 0.193389 0.193389 0.193389
6313.260742 0.000000 2077.659668 0.000000 0.768807 0.000000 0.639481 0.194977 0.194977 0.194977
6316.062988 0.000000 2042.426636 0.000000 0.619041 0.000000 0.785359 0.193686 0.193686 0.193686
6298.709961 0.000000 2070.477539 0.000000 0.753171 0.000000 0.657825 0.194802 0.194802 0.194802
6380.083496 0.000000 2053.498535 0.000000 0.818698 0.000000 0.574225 0.195266 0.195266 0.195266
6376.763184 0.000000 2048.559570 0.000000 0.659728 0.000000 0.751505 0.193313 0.193313 0.193313
6368.426758 0.000000 2045.875366 0.000000 0.686336 0.000000 0.727284 0.193494 0.193494 0.193494
6501.098633 0.000000 2132.792969 0.000000 0.852535 0.000000 0.522669 0.195538 0.195538 0.195538
6515.863281 0.000000 2114.294678 0.000000 0.644474 0.000000 0.764626 0.192503 0.192503 0.192503
6470.215332 0.000000 2195.343994 0.000000 0.727963 0.000000 0.685617 0.194719 0.194719 0.194719
6473.063965 0.000000 2176.868164 0.000000 0.595766 0.000000 0.803158 0.193015 0.193015 0.193015
6583.531250 0.000000 2157.010010 0.000000 0.728773 0.000000 0.684755 0.194257 0.194257 0.194257
6541.506836 0.000000 2182.220703 0.000000 0.603390 0.000000 0.797447 0.192626 0.192626 0.192626
6586.028320 0.000000 2215.989258 0.000000 0.930534 0.000000 0.366206 0.196724 0.196724 0.196724
6610.579102 0.000000 2258.079590 0.000000 0.838681 0.000000 0.544623 0.195399 0.195399 0.195399
6624.449219 0.000000 2228.885986 0.000000 0.624036 0.000000 0.781395 0.192387 0.192387 0.192387
6857.084961 0.000000 1931.286621 0.000000 0.914395 0.000000 0.404824 0.196410 0.196410 0.196410
6690.015137 0.000000 2053.933105 0.000000 0.803515 0.000000 0.595284 0.194826 0.194826 0.194826
6694.686523 0.000000 2033.743286 0.000000 0.950977 0.000000 0.309261 0.197292 0.197292 0.197292
6696.974609 0.000000 2044.959106 0.000000 0.749001 0.000000 0.662569 0.193852 0.193852 0.193852
6703.917480 0.000000 2070.219482 0.000000 0.654222 0.000000 0.756303 0.192827 0.192827 0.192827
6729.063965 0.000000 2063.899414 0.000000 0.862324 0.000000 0.506357 0.196156 0.196156 0.196156
6721.017578 0.000000 2229.583740 0.000000 0.649783 0.000000 0.760119 0.193964 0.193964 0.193964
6653.251953 0.000000 2435.642578 0.000000 0.773492 0.000000 0.633806 0.194941 0.194941 0.194941
6681.237793 0.000000 2265.533936 0.000000 0.803154 0.000000 0.595772 0.195220 0.195220 0.195220
6674.230469 0.000000 2410.379395 0.000000 0.893103 0.000000 0.449853 0.195573 0.195573 0.195573
6680.572266 0.000000 2411.808105 0.000000 0.611056 0.000000 0.791587 0.191756 0.191756 0.191756
6675.991699 0.000000 2405.571289 0.000000 0.927917 0.000000 0.372786 0.196471 0.196471 0.196471
6883.689941 0.000000 2480.429688 0.000000 0.947591 0.000000 0.319485 0.196915 0.196915 0.196915
7128.795410 0.000000 2343.771484 0.000000 0.596774 0.000000 0.802409 0.194439 0.194439 0.194439
7112.614258 0.000000 2329.388184 0.000000 0.905036 0.000000 0.425336 0.197367 0.197367 0.197367
7123.640625 0.000000 2341.171143 0.000000 0.885551 0.000000 0.464542 0.197970 0.197970 0.197970
6807.416992 0.000000 2533.245361 0.000000 0.938531 0.000000 0.345194 0.224488 0.224488 0.224488
6907.739258 0.000000 2489.819092 0.000000 0.947469 0.000000 0.319846 0.213303 0.213303 0.213303
6912.156738 0.000000 2540.212646 0.000000 0.910236 0.000000 0.414090 0.196642 0.196642 0.196642
6914.269043 0.000000 2538.746338 0.000000 0.910569 0.000000 0.413358 0.220311 0.220311 0.220311
6912.712402 0.000000 2503.533447 0.000000 0.804393 0.000000 0.594097 0.210420 0.210420 0.210420
7009.099609 0.000000 2519.262207 0.000000 0.940807 0.000000 0.338943 0.196849 0.196849 0.196849
6986.564941 0.000000 2487.861328 0.000000 0.918222 0.000000 0.396065 0.200821 0.200821 0.200821
6985.795410 0.000000 2485.336914 0.000000 0.851488 0.000000 0.524375 0.198301 0.198301 0.198301
6990.686523 0.000000 2499.904053 0.000000 0.866739 0.000000 0.498762 0.198605 0.198605 0.198605
6999.105957 0.000000 2506.549072 0.000000 0.742910 0.000000 0.669391 0.201372 0.201372 0.201372
7007.005371 0.000000 2520.217285 0.000000 0.842587 0.000000 0.538560 0.206235 0.206235 0.206235
6996.141113 0.000000 2539.244385 0.000000 0.735787 0.000000 0.677213 0.209052 0.209052 0.209052
6945.049316 0.000000 2543.047119 0.000000 0.825746 0.000000 0.564042 0.215876 0.215876 0.215876
7179.616211 0.000000 2345.200439 0.000000 0.729652 0.000000 0.683819 0.197237 0.197237 0.197237
7181.872070 0.000000 2344.261963 0.000000 0.707054 0.000000 0.707160 0.195924 0.195924 0.195924
"}
object={
	name="rainforest_generator_3_2"
	clamp_to_water_level=no
	render_under_water=no
	generated_content=yes
	layer="semidynamic_high"
	pdxmesh="tree_rainforest_003_mesh"
	count=145
	transform="189.294662 0.000000 1201.687256 0.000000 0.999902 0.000000 0.013992 0.325512 0.325512 0.325512
148.959122 0.000000 1211.841675 0.000000 0.991969 0.000000 -0.126485 0.311183 0.311183 0.311183
155.464111 0.000000 1211.736328 0.000000 0.998785 0.000000 0.049278 0.396702 0.396702 0.396702
182.707474 0.000000 1201.455688 0.000000 0.953816 0.000000 -0.300391 0.423308 0.423308 0.423308
182.066498 0.000000 1203.226685 0.000000 0.994344 0.000000 0.106207 0.391871 0.391871 0.391871
156.115662 0.000000 1221.383789 0.000000 0.987858 0.000000 0.155360 0.388589 0.388589 0.388589
183.621231 0.000000 1201.064209 0.000000 0.998027 0.000000 0.062788 0.395200 0.395200 0.395200
189.711212 0.000000 1204.000732 0.000000 0.964321 0.000000 0.264737 0.379532 0.379532 0.379532
189.687531 0.000000 1205.037354 0.000000 0.998749 0.000000 -0.050006 0.403822 0.403822 0.403822
215.759094 0.000000 1194.590820 0.000000 0.970814 0.000000 0.239833 0.334352 0.334352 0.334352
194.988800 0.000000 1202.578369 0.000000 0.968372 0.000000 0.249509 0.383065 0.383065 0.383065
212.797928 0.000000 1193.787109 0.000000 0.990961 0.000000 -0.134148 0.410279 0.410279 0.410279
196.695160 0.000000 1201.909668 0.000000 0.956483 0.000000 0.291788 0.377380 0.377380 0.377380
192.843765 0.000000 1200.179443 0.000000 0.998308 0.000000 -0.058149 0.404445 0.404445 0.404445
644.298889 0.000000 1129.101562 0.000000 0.968001 0.000000 0.250947 0.284029 0.284029 0.284029
691.083069 0.000000 1105.617310 0.000000 0.998687 0.000000 0.051236 0.319665 0.319665 0.319665
691.089233 0.000000 1102.199951 0.000000 0.984139 0.000000 -0.177398 0.361309 0.361309 0.361309
645.351746 0.000000 1124.836182 0.000000 0.997383 0.000000 0.072301 0.395357 0.395357 0.395357
647.085571 0.000000 1127.289429 0.000000 0.967349 0.000000 -0.253447 0.418872 0.418872 0.418872
697.844849 0.000000 1107.632935 0.000000 0.990881 0.000000 0.134737 0.331594 0.331594 0.331594
646.803162 0.000000 1126.280640 0.000000 0.998716 0.000000 -0.050665 0.403733 0.403733 0.403733
692.764648 0.000000 1110.170654 0.000000 0.990951 0.000000 0.134226 0.389303 0.389303 0.389303
691.668579 0.000000 1107.669678 0.000000 0.995946 0.000000 0.089958 0.393388 0.393388 0.393388
907.583923 0.000000 1302.698242 0.000000 0.993783 0.000000 -0.111331 0.272642 0.272642 0.272642
903.231812 0.000000 1312.379883 0.000000 0.972182 0.000000 0.234226 0.263432 0.263432 0.263432
904.409363 0.000000 1313.960083 0.000000 0.959746 0.000000 0.280871 0.301743 0.301743 0.301743
494.693970 0.000000 2009.011719 0.000000 0.968362 0.000000 0.249551 0.205648 0.205648 0.205648
494.671387 0.000000 2010.489746 0.000000 0.994894 0.000000 -0.100926 0.288473 0.288473 0.288473
546.508118 0.000000 1967.034424 0.000000 0.953222 0.000000 -0.302270 0.223564 0.223564 0.223564
551.147339 0.000000 1957.372070 0.000000 0.969080 0.000000 0.246748 0.245155 0.245155 0.245155
549.210327 0.000000 1952.550293 0.000000 0.969507 0.000000 0.245062 0.278959 0.278959 0.278959
548.309021 0.000000 1949.854736 0.000000 0.999972 0.000000 -0.007482 0.313986 0.313986 0.313986
555.365051 0.000000 1963.456665 0.000000 0.992258 0.000000 -0.124192 0.342471 0.342471 0.342471
554.410095 0.000000 1961.504517 0.000000 0.993541 0.000000 -0.113473 0.342018 0.342018 0.342018
546.943115 0.000000 1958.903564 0.000000 0.977076 0.000000 -0.212891 0.321203 0.321203 0.321203
536.631836 0.000000 1987.566040 0.000000 0.983968 0.000000 -0.178343 0.345949 0.345949 0.345949
6387.863281 0.000000 1662.419556 0.000000 0.997272 0.000000 0.073813 0.199354 0.199354 0.199354
6409.084961 0.000000 1648.864746 0.000000 0.995424 0.000000 -0.095558 0.200836 0.200836 0.200836
6509.434082 0.000000 1780.744873 0.000000 0.994314 0.000000 0.106487 0.199174 0.199174 0.199174
6518.864258 0.000000 1806.014282 0.000000 0.965093 0.000000 0.261906 0.197949 0.197949 0.197949
6469.119141 0.000000 1767.449829 0.000000 0.981934 0.000000 -0.189221 0.201426 0.201426 0.201426
6520.315430 0.000000 1788.024658 0.000000 0.995839 0.000000 -0.091127 0.200718 0.200718 0.200718
6516.014648 0.000000 1759.858887 0.000000 0.973788 0.000000 -0.227458 0.201890 0.201890 0.201890
6540.552734 0.000000 1777.209717 0.000000 0.990710 0.000000 0.135995 0.198978 0.198978 0.198978
6532.957520 0.000000 1790.862671 0.000000 0.983769 0.000000 -0.179439 0.201486 0.201486 0.201486
6551.836426 0.000000 1801.628540 0.000000 0.975508 0.000000 0.219963 0.198062 0.198062 0.198062
6536.667480 0.000000 1755.794800 0.000000 0.969641 0.000000 0.244534 0.197841 0.197841 0.197841
6551.191895 0.000000 1796.906250 0.000000 0.951252 0.000000 0.308416 0.197260 0.197260 0.197260
6258.842773 0.000000 1881.854370 0.000000 0.988352 0.000000 0.152183 0.198894 0.198894 0.198894
6314.009766 0.000000 1918.921021 0.000000 0.996395 0.000000 0.084836 0.199364 0.199364 0.199364
6333.507812 0.000000 1913.761108 0.000000 0.990967 0.000000 0.134104 0.198942 0.198942 0.198942
6373.432617 0.000000 1875.011475 0.000000 0.970035 0.000000 0.242964 0.198346 0.198346 0.198346
6252.062988 0.000000 1929.457886 0.000000 0.980718 0.000000 0.195426 0.198601 0.198601 0.198601
6269.248047 0.000000 2022.955200 0.000000 0.995329 0.000000 -0.096538 0.200700 0.200700 0.200700
6289.256836 0.000000 1955.183594 0.000000 0.985886 0.000000 0.167420 0.198719 0.198719 0.198719
6284.552734 0.000000 1946.662842 0.000000 0.958150 0.000000 -0.286265 0.202247 0.202247 0.202247
6278.330566 0.000000 1932.565552 0.000000 0.990955 0.000000 -0.134198 0.201008 0.201008 0.201008
6304.426758 0.000000 1932.906616 0.000000 0.997544 0.000000 -0.070042 0.200525 0.200525 0.200525
6275.837402 0.000000 1944.030884 0.000000 0.952032 0.000000 -0.305999 0.202446 0.202446 0.202446
6376.015625 0.000000 1928.097290 0.000000 0.999294 0.000000 0.037559 0.199709 0.199709 0.199709
6299.932617 0.000000 1997.222778 0.000000 0.983271 0.000000 -0.182151 0.201440 0.201440 0.201440
6374.889160 0.000000 2000.392700 0.000000 0.997768 0.000000 0.066782 0.199483 0.199483 0.199483
6429.237305 0.000000 1841.022217 0.000000 0.964130 0.000000 0.265432 0.197787 0.197787 0.197787
6431.334473 0.000000 1848.485474 0.000000 0.955743 0.000000 0.294203 0.197540 0.197540 0.197540
6456.315430 0.000000 1844.509033 0.000000 0.994663 0.000000 0.103173 0.199213 0.199213 0.199213
6441.656250 0.000000 1847.609741 0.000000 0.951946 0.000000 -0.306264 0.202487 0.202487 0.202487
6489.505859 0.000000 1861.271729 0.000000 0.977166 0.000000 -0.212476 0.201711 0.201711 0.201711
6518.864258 0.000000 1862.498657 0.000000 0.997028 0.000000 0.077037 0.199374 0.199374 0.199374
6437.982422 0.000000 1914.246216 0.000000 0.967124 0.000000 -0.254305 0.201701 0.201701 0.201701
6451.456055 0.000000 1914.272583 0.000000 0.997894 0.000000 -0.064863 0.200454 0.200454 0.200454
6433.210449 0.000000 1908.857666 0.000000 0.986539 0.000000 0.163526 0.198872 0.198872 0.198872
6452.365234 0.000000 1903.250610 0.000000 0.979619 0.000000 -0.200864 0.201464 0.201464 0.201464
6426.074219 0.000000 1894.500854 0.000000 0.998117 0.000000 0.061339 0.199548 0.199548 0.199548
6450.584961 0.000000 1891.878662 0.000000 0.997606 0.000000 0.069154 0.199482 0.199482 0.199482
6436.276367 0.000000 1897.231079 0.000000 0.984109 0.000000 0.177564 0.198708 0.198708 0.198708
6421.208496 0.000000 1903.863647 0.000000 0.953642 0.000000 -0.300945 0.202175 0.202175 0.202175
6412.552734 0.000000 1890.178467 0.000000 0.999766 0.000000 -0.021627 0.200162 0.200162 0.200162
6406.330566 0.000000 1876.081177 0.000000 0.981048 0.000000 0.193766 0.198588 0.198588 0.198588
6454.381836 0.000000 1893.312012 0.000000 0.994214 0.000000 0.107418 0.199180 0.199180 0.199180
6478.875488 0.000000 1908.746460 0.000000 0.999919 0.000000 0.012698 0.199900 0.199900 0.199900
6470.424805 0.000000 1884.344482 0.000000 0.969318 0.000000 -0.245810 0.202015 0.202015 0.202015
6481.939453 0.000000 1905.779907 0.000000 0.989707 0.000000 -0.143106 0.201147 0.201147 0.201147
6493.020508 0.000000 1876.814697 0.000000 0.999852 0.000000 0.017183 0.199861 0.199861 0.199861
6578.318359 0.000000 1807.705933 0.000000 0.989889 0.000000 -0.141843 0.201137 0.201137 0.201137
6546.230469 0.000000 1845.535522 0.000000 0.998199 0.000000 0.059988 0.199476 0.199476 0.199476
6575.537109 0.000000 1834.628418 0.000000 0.992640 0.000000 0.121105 0.198879 0.198879 0.198879
6426.074219 0.000000 1950.985229 0.000000 0.993137 0.000000 -0.116953 0.200849 0.200849 0.200849
6448.023926 0.000000 1973.003784 0.000000 0.951937 0.000000 0.306292 0.197552 0.197552 0.197552
6495.334473 0.000000 1961.454224 0.000000 0.974600 0.000000 -0.223951 0.201833 0.201833 0.201833
6414.953125 0.000000 2030.924805 0.000000 0.961376 0.000000 -0.275239 0.201949 0.201949 0.201949
6448.918945 0.000000 1991.939331 0.000000 0.990331 0.000000 0.138724 0.198871 0.198871 0.198871
6496.032227 0.000000 2013.890991 0.000000 0.977304 0.000000 0.211842 0.198508 0.198508 0.198508
6490.364746 0.000000 2002.514404 0.000000 0.999941 0.000000 0.010856 0.199920 0.199920 0.199920
6281.203613 0.000000 2069.138184 0.000000 0.985552 0.000000 -0.169374 0.201168 0.201168 0.201168
6333.212891 0.000000 2058.829346 0.000000 0.957977 0.000000 0.286845 0.197894 0.197894 0.197894
6325.994141 0.000000 2054.723633 0.000000 0.964354 0.000000 -0.264617 0.201972 0.201972 0.201972
6287.831543 0.000000 2094.093750 0.000000 0.981229 0.000000 -0.192844 0.201502 0.201502 0.201502
6370.900879 0.000000 2089.986572 0.000000 0.969459 0.000000 0.245252 0.198268 0.198268 0.198268
6452.365234 0.000000 2072.703857 0.000000 0.999017 0.000000 0.044326 0.199685 0.199685 0.199685
6498.900879 0.000000 2033.502197 0.000000 0.958570 0.000000 0.284858 0.198017 0.198017 0.198017
6473.203613 0.000000 2069.138184 0.000000 0.984562 0.000000 -0.175036 0.201208 0.201208 0.201208
6431.826172 0.000000 2098.044189 0.000000 0.994913 0.000000 -0.100736 0.200705 0.200705 0.200705
6534.057129 0.000000 2134.859619 0.000000 0.960943 0.000000 0.276748 0.197585 0.197585 0.197585
6481.260254 0.000000 2172.863281 0.000000 0.990663 0.000000 0.136334 0.198959 0.198959 0.198959
6547.991699 0.000000 2179.633789 0.000000 0.953972 0.000000 0.299895 0.197301 0.197301 0.197301
6603.929688 0.000000 2158.412109 0.000000 0.968298 0.000000 -0.249798 0.201859 0.201859 0.201859
6597.119141 0.000000 2162.840576 0.000000 0.984046 0.000000 -0.177914 0.201362 0.201362 0.201362
6605.506836 0.000000 2182.220703 0.000000 0.995378 0.000000 -0.096035 0.200792 0.200792 0.200792
6615.293457 0.000000 2226.455322 0.000000 0.994722 0.000000 -0.102603 0.200885 0.200885 0.200885
6632.974609 0.000000 2214.412109 0.000000 0.998009 0.000000 0.063069 0.199496 0.199496 0.199496
6647.060547 0.000000 2244.490234 0.000000 0.965858 0.000000 -0.259072 0.202094 0.202094 0.202094
6633.204590 0.000000 2239.451904 0.000000 0.998449 0.000000 0.055682 0.199527 0.199527 0.199527
6859.486816 0.000000 1929.028320 0.000000 0.992614 0.000000 -0.121317 0.201047 0.201047 0.201047
6682.709961 0.000000 2070.477539 0.000000 0.953512 0.000000 0.301354 0.197631 0.197631 0.197631
6744.795410 0.000000 2061.349609 0.000000 0.979096 0.000000 -0.203399 0.201918 0.201918 0.201918
6750.952637 0.000000 2052.949707 0.000000 0.992310 0.000000 0.123779 0.199364 0.199364 0.199364
6726.395508 0.000000 2063.493164 0.000000 0.991956 0.000000 -0.126581 0.201157 0.201157 0.201157
6860.721191 0.000000 2071.762451 0.000000 0.993962 0.000000 -0.109729 0.214171 0.214171 0.214171
6850.069824 0.000000 2058.259277 0.000000 0.982825 0.000000 -0.184541 0.213899 0.213899 0.213899
6615.491699 0.000000 2260.006592 0.000000 0.996356 0.000000 0.085288 0.199392 0.199392 0.199392
6596.047852 0.000000 2267.725098 0.000000 0.999766 0.000000 -0.021650 0.200165 0.200165 0.200165
6621.530273 0.000000 2286.667480 0.000000 0.998839 0.000000 0.048164 0.199615 0.199615 0.199615
6670.979980 0.000000 2397.183838 0.000000 0.965288 0.000000 0.261187 0.197625 0.197625 0.197625
6670.650879 0.000000 2422.684570 0.000000 0.998583 0.000000 0.053213 0.200047 0.200047 0.200047
6672.939453 0.000000 2444.756836 0.000000 0.988185 0.000000 -0.153265 0.207786 0.207786 0.207786
7084.083496 0.000000 2279.436035 0.000000 0.993872 0.000000 -0.110534 0.200843 0.200843 0.200843
7084.051758 0.000000 2291.469238 0.000000 0.999766 0.000000 -0.021644 0.201893 0.201893 0.201893
7127.935547 0.000000 2296.430176 0.000000 0.954555 0.000000 -0.298035 0.209356 0.209356 0.209356
7132.947754 0.000000 2345.931152 0.000000 0.993668 0.000000 0.112354 0.203875 0.203875 0.203875
6973.738281 0.000000 2457.077393 0.000000 0.998010 0.000000 0.063050 0.199409 0.199409 0.199409
7006.953613 0.000000 2485.080566 0.000000 0.993585 0.000000 -0.113092 0.200990 0.200990 0.200990
6884.682129 0.000000 2509.101807 0.000000 0.998824 0.000000 -0.048475 0.225885 0.225885 0.225885
6863.799805 0.000000 2528.376221 0.000000 0.999793 0.000000 0.020326 0.233856 0.233856 0.233856
7026.798340 0.000000 2521.993652 0.000000 0.959888 0.000000 0.280382 0.202096 0.202096 0.202096
7029.566895 0.000000 2497.774658 0.000000 0.961769 0.000000 0.273861 0.203236 0.203236 0.203236
6979.913086 0.000000 2496.249023 0.000000 0.982112 0.000000 0.188296 0.206334 0.206334 0.206334
6982.363770 0.000000 2494.825195 0.000000 0.966218 0.000000 -0.257726 0.210082 0.210082 0.210082
6994.498535 0.000000 2489.130615 0.000000 0.997795 0.000000 0.066373 0.204353 0.204353 0.204353
7004.944336 0.000000 2521.179932 0.000000 0.999874 0.000000 0.015857 0.212700 0.212700 0.212700
7003.443848 0.000000 2517.577393 0.000000 0.965872 0.000000 0.259020 0.208752 0.208752 0.208752
6979.385254 0.000000 2523.747070 0.000000 0.999669 0.000000 -0.025745 0.215437 0.215437 0.215437
6996.821777 0.000000 2516.423584 0.000000 0.970276 0.000000 -0.241999 0.214575 0.214575 0.214575
6990.368652 0.000000 2541.166016 0.000000 0.980636 0.000000 -0.195841 0.222147 0.222147 0.222147
7229.032715 0.000000 2338.047363 0.000000 0.998655 0.000000 -0.051851 0.202190 0.202190 0.202190
7283.914062 0.000000 2378.132080 0.000000 0.961501 0.000000 -0.274802 0.211445 0.211445 0.211445
"}
object={
	name="rainforest_generator_3_3"
	clamp_to_water_level=no
	render_under_water=no
	generated_content=yes
	layer="semidynamic_high"
	pdxmesh="tree_rainforest_004_mesh"
	count=152
	transform="150.981552 0.000000 1214.396484 0.000000 0.923382 0.000000 -0.383883 0.260943 0.260943 0.260943
145.688278 0.000000 1214.398682 0.000000 0.766226 0.000000 -0.642571 0.290298 0.290298 0.290298
137.880356 0.000000 1219.690430 0.000000 0.589720 0.000000 -0.807608 0.312753 0.312753 0.312753
159.303284 0.000000 1213.183350 0.000000 0.938689 0.000000 -0.344765 0.274634 0.274634 0.274634
161.762115 0.000000 1208.069702 0.000000 0.761599 0.000000 -0.648048 0.291783 0.291783 0.291783
146.397873 0.000000 1208.307007 0.000000 0.811897 0.000000 -0.583801 0.343390 0.343390 0.343390
143.223297 0.000000 1214.518433 0.000000 0.823826 0.000000 -0.566843 0.362500 0.362500 0.362500
156.419861 0.000000 1217.714722 0.000000 0.846228 0.000000 -0.532821 0.326819 0.326819 0.326819
160.590866 0.000000 1213.312744 0.000000 0.843243 0.000000 -0.537533 0.438112 0.438112 0.438112
142.050064 0.000000 1218.324951 0.000000 0.950116 0.000000 -0.311898 0.388927 0.388927 0.388927
161.173447 0.000000 1210.569092 0.000000 0.658000 0.000000 -0.753018 0.358844 0.358844 0.358844
148.546143 0.000000 1218.332275 0.000000 0.733462 0.000000 -0.679730 0.450753 0.450753 0.450753
148.417801 0.000000 1216.267212 0.000000 0.588559 0.000000 -0.808454 0.471927 0.471927 0.471927
184.633820 0.000000 1201.568970 0.000000 0.801629 0.000000 -0.597822 0.448952 0.448952 0.448952
154.429382 0.000000 1220.659668 0.000000 0.745466 0.000000 -0.666543 0.455734 0.455734 0.455734
146.806198 0.000000 1215.065063 0.000000 0.925034 0.000000 -0.379885 0.376286 0.376286 0.376286
182.862228 0.000000 1202.491211 0.000000 0.848528 0.000000 -0.529150 0.442597 0.442597 0.442597
185.875793 0.000000 1200.267334 0.000000 0.930600 0.000000 -0.366039 0.428629 0.428629 0.428629
139.154312 0.000000 1217.276367 0.000000 0.732089 0.000000 -0.681209 0.407767 0.407767 0.407767
152.249756 0.000000 1222.338013 0.000000 0.708703 0.000000 -0.705507 0.455722 0.455722 0.455722
142.938782 0.000000 1217.401978 0.000000 0.632426 0.000000 -0.774621 0.467694 0.467694 0.467694
180.881180 0.000000 1202.094238 0.000000 0.668775 0.000000 -0.743464 0.464036 0.464036 0.464036
163.260834 0.000000 1212.846191 0.000000 0.821162 0.000000 -0.570695 0.413956 0.413956 0.413956
160.643524 0.000000 1215.839966 0.000000 0.747246 0.000000 -0.664548 0.451901 0.451901 0.451901
187.335022 0.000000 1203.442505 0.000000 0.624519 0.000000 -0.781010 0.468471 0.468471 0.468471
149.483658 0.000000 1217.906494 0.000000 0.895197 0.000000 -0.445670 0.435288 0.435288 0.435288
184.612900 0.000000 1202.485962 0.000000 0.934048 0.000000 -0.357148 0.427900 0.427900 0.427900
153.233032 0.000000 1221.850464 0.000000 0.887642 0.000000 -0.460534 0.436562 0.436562 0.436562
159.930344 0.000000 1217.208740 0.000000 0.867832 0.000000 -0.496858 0.438165 0.438165 0.438165
185.156967 0.000000 1200.651367 0.000000 0.617316 0.000000 -0.786715 0.469173 0.469173 0.469173
210.929276 0.000000 1191.646118 0.000000 0.825779 0.000000 -0.563994 0.281508 0.281508 0.281508
210.339035 0.000000 1194.205078 0.000000 0.885526 0.000000 -0.464590 0.271378 0.271378 0.271378
208.839233 0.000000 1192.227905 0.000000 0.590610 0.000000 -0.806957 0.468217 0.468217 0.468217
193.787140 0.000000 1201.511108 0.000000 0.726191 0.000000 -0.687493 0.457909 0.457909 0.457909
195.858154 0.000000 1200.946289 0.000000 0.708056 0.000000 -0.706156 0.459897 0.459897 0.459897
238.127670 0.000000 1189.474854 0.000000 0.607999 0.000000 -0.793938 0.470073 0.470073 0.470073
196.651245 0.000000 1199.510498 0.000000 0.723835 0.000000 -0.689974 0.451897 0.451897 0.451897
195.781967 0.000000 1199.013550 0.000000 0.799007 0.000000 -0.601322 0.449286 0.449286 0.449286
192.032547 0.000000 1200.521729 0.000000 0.754494 0.000000 -0.656307 0.454692 0.454692 0.454692
697.187744 0.000000 1104.688477 0.000000 0.699306 0.000000 -0.714822 0.335989 0.335989 0.335989
696.862793 0.000000 1107.326050 0.000000 0.905113 0.000000 -0.425171 0.355650 0.355650 0.355650
692.968506 0.000000 1104.950806 0.000000 0.736661 0.000000 -0.676262 0.311315 0.311315 0.311315
688.086670 0.000000 1108.884644 0.000000 0.674577 0.000000 -0.738205 0.403358 0.403358 0.403358
646.709900 0.000000 1129.333008 0.000000 0.709956 0.000000 -0.704246 0.448289 0.448289 0.448289
646.509827 0.000000 1128.050781 0.000000 0.950286 0.000000 -0.311378 0.418902 0.418902 0.418902
691.772217 0.000000 1111.729614 0.000000 0.658486 0.000000 -0.752593 0.442397 0.442397 0.442397
691.277222 0.000000 1110.681519 0.000000 0.690057 0.000000 -0.723755 0.439819 0.439819 0.439819
905.307617 0.000000 1303.203857 0.000000 0.908065 0.000000 -0.418829 0.389909 0.389909 0.389909
465.775757 0.000000 2024.526367 0.000000 0.847609 0.000000 -0.530622 0.306101 0.306101 0.306101
492.221954 0.000000 2010.338989 0.000000 0.621879 0.000000 -0.783113 0.398061 0.398061 0.398061
495.984985 0.000000 2010.533447 0.000000 0.616049 0.000000 -0.787708 0.310463 0.310463 0.310463
464.360870 0.000000 2023.497681 0.000000 0.913507 0.000000 -0.406823 0.385380 0.385380 0.385380
550.962219 0.000000 1964.648682 0.000000 0.841231 0.000000 -0.540676 0.226968 0.226968 0.226968
547.619446 0.000000 1962.375610 0.000000 0.928171 0.000000 -0.372154 0.259481 0.259481 0.259481
542.684265 0.000000 1962.729370 0.000000 0.940589 0.000000 -0.339548 0.293947 0.293947 0.293947
547.812317 0.000000 1955.892822 0.000000 0.606428 0.000000 -0.795139 0.357124 0.357124 0.357124
7461.817871 0.000000 485.441772 0.000000 0.611457 0.000000 -0.791278 0.295509 0.295509 0.295509
7458.934570 0.000000 511.928558 0.000000 0.781960 0.000000 -0.623329 0.227022 0.227022 0.227022
6442.009766 0.000000 1805.952271 0.000000 0.806232 0.000000 -0.591600 0.204662 0.204662 0.204662
6461.524414 0.000000 1768.085327 0.000000 0.706270 0.000000 -0.707943 0.205891 0.205891 0.205891
6500.276367 0.000000 1784.262329 0.000000 0.700646 0.000000 -0.713510 0.205950 0.205950 0.205950
6499.991211 0.000000 1766.742065 0.000000 0.618268 0.000000 -0.785968 0.207111 0.207111 0.207111
6502.535645 0.000000 1780.523682 0.000000 0.903203 0.000000 -0.429214 0.203378 0.203378 0.203378
6522.385254 0.000000 1753.607666 0.000000 0.893520 0.000000 -0.449022 0.203895 0.203895 0.203895
6521.910645 0.000000 1798.966675 0.000000 0.678966 0.000000 -0.734170 0.206381 0.206381 0.206381
6532.763672 0.000000 1787.207886 0.000000 0.782490 0.000000 -0.622663 0.205538 0.205538 0.205538
6561.448730 0.000000 1774.312378 0.000000 0.799202 0.000000 -0.601063 0.205795 0.205795 0.205795
6350.873047 0.000000 1815.547119 0.000000 0.784549 0.000000 -0.620067 0.204675 0.204675 0.204675
6391.107910 0.000000 1852.701294 0.000000 0.852603 0.000000 -0.522559 0.203844 0.203844 0.203844
6328.315430 0.000000 1900.993408 0.000000 0.695909 0.000000 -0.718130 0.206200 0.206200 0.206200
6397.248047 0.000000 1909.986450 0.000000 0.706788 0.000000 -0.707426 0.205788 0.205788 0.205788
6397.658691 0.000000 1899.300171 0.000000 0.876288 0.000000 -0.481787 0.203577 0.203577 0.203577
6339.505371 0.000000 1907.410522 0.000000 0.911999 0.000000 -0.410191 0.203324 0.203324 0.203324
6366.060547 0.000000 1912.139282 0.000000 0.618830 0.000000 -0.785525 0.206767 0.206767 0.206767
6269.524414 0.000000 1937.538452 0.000000 0.748550 0.000000 -0.663078 0.205520 0.205520 0.205520
6260.365234 0.000000 2016.219360 0.000000 0.849051 0.000000 -0.528311 0.203891 0.203891 0.203891
6323.456055 0.000000 1970.756958 0.000000 0.614736 0.000000 -0.788733 0.206239 0.206239 0.206239
6276.763672 0.000000 1956.661011 0.000000 0.711899 0.000000 -0.702282 0.206220 0.206220 0.206220
6380.760254 0.000000 1958.973877 0.000000 0.828529 0.000000 -0.559945 0.204229 0.204229 0.204229
6350.953125 0.000000 1974.440430 0.000000 0.919128 0.000000 -0.393960 0.202932 0.202932 0.202932
6372.045898 0.000000 1925.743652 0.000000 0.633489 0.000000 -0.773751 0.206847 0.206847 0.206847
6354.283691 0.000000 1921.601440 0.000000 0.876952 0.000000 -0.480577 0.203942 0.203942 0.203942
6358.937012 0.000000 1934.896118 0.000000 0.646558 0.000000 -0.762865 0.206607 0.206607 0.206607
6326.816895 0.000000 1978.203857 0.000000 0.880073 0.000000 -0.474839 0.203459 0.203459 0.203459
6347.929688 0.000000 1988.958984 0.000000 0.931773 0.000000 -0.363041 0.202783 0.202783 0.202783
6357.502930 0.000000 2025.272339 0.000000 0.669783 0.000000 -0.742556 0.206999 0.206999 0.206999
6461.658691 0.000000 1842.815796 0.000000 0.588847 0.000000 -0.808245 0.207049 0.207049 0.207049
6458.511719 0.000000 1828.010010 0.000000 0.844817 0.000000 -0.535056 0.204087 0.204087 0.204087
6433.947754 0.000000 1856.973511 0.000000 0.773967 0.000000 -0.633226 0.205649 0.205649 0.205649
6490.074219 0.000000 1838.016479 0.000000 0.772584 0.000000 -0.634912 0.205066 0.205066 0.205066
6512.023926 0.000000 1860.035034 0.000000 0.719259 0.000000 -0.694742 0.206328 0.206328 0.206328
6414.873047 0.000000 1872.031494 0.000000 0.925874 0.000000 -0.377831 0.202805 0.202805 0.202805
6426.364746 0.000000 1889.545654 0.000000 0.742726 0.000000 -0.669595 0.205495 0.205495 0.205495
6440.015625 0.000000 1871.612915 0.000000 0.946024 0.000000 -0.324096 0.202678 0.202678 0.202678
6447.663086 0.000000 1873.996216 0.000000 0.697396 0.000000 -0.716686 0.206383 0.206383 0.206383
6475.786133 0.000000 1869.037354 0.000000 0.616973 0.000000 -0.786984 0.207463 0.207463 0.207463
6516.003906 0.000000 1867.311890 0.000000 0.838821 0.000000 -0.544407 0.204671 0.204671 0.204671
6563.104004 0.000000 1816.042114 0.000000 0.901837 0.000000 -0.432076 0.204071 0.204071 0.204071
6551.836426 0.000000 1858.112915 0.000000 0.865553 0.000000 -0.500817 0.204387 0.204387 0.204387
6454.816895 0.000000 1921.719482 0.000000 0.910559 0.000000 -0.413380 0.203032 0.203032 0.203032
6493.237305 0.000000 1953.990967 0.000000 0.717477 0.000000 -0.696582 0.206253 0.206253 0.206253
6494.953613 0.000000 1976.721313 0.000000 0.884681 0.000000 -0.466198 0.203814 0.203814 0.203814
6491.131348 0.000000 1993.074341 0.000000 0.801429 0.000000 -0.598089 0.204882 0.204882 0.204882
6450.584961 0.000000 2061.331787 0.000000 0.935215 0.000000 -0.354079 0.202530 0.202530 0.202530
6419.007324 0.000000 2108.000244 0.000000 0.896009 0.000000 -0.444037 0.203331 0.203331 0.203331
6454.173828 0.000000 2096.106201 0.000000 0.939515 0.000000 -0.342507 0.202618 0.202618 0.202618
6461.524414 0.000000 2163.476074 0.000000 0.875937 0.000000 -0.482426 0.203708 0.203708 0.203708
6589.611816 0.000000 2185.166016 0.000000 0.912761 0.000000 -0.408495 0.203519 0.203519 0.203519
6550.628418 0.000000 2176.433350 0.000000 0.757237 0.000000 -0.653141 0.206219 0.206219 0.206219
6642.842773 0.000000 2164.276123 0.000000 0.685800 0.000000 -0.727790 0.206003 0.206003 0.206003
6614.937012 0.000000 2160.833496 0.000000 0.738767 0.000000 -0.673961 0.205539 0.205539 0.205539
6618.364746 0.000000 2171.967529 0.000000 0.906181 0.000000 -0.422891 0.203434 0.203434 0.203434
6596.755371 0.000000 2174.278809 0.000000 0.871343 0.000000 -0.490675 0.204097 0.204097 0.204097
6600.667480 0.000000 2207.669922 0.000000 0.690653 0.000000 -0.723186 0.207064 0.207064 0.207064
6849.884766 0.000000 1915.036865 0.000000 0.802224 0.000000 -0.597024 0.205191 0.205191 0.205191
6683.131348 0.000000 2049.558594 0.000000 0.706202 0.000000 -0.708010 0.206187 0.206187 0.206187
6685.020508 0.000000 2046.267822 0.000000 0.910063 0.000000 -0.414471 0.203468 0.203468 0.203468
6704.580566 0.000000 2063.878174 0.000000 0.782870 0.000000 -0.622186 0.205700 0.205700 0.205700
6698.835938 0.000000 2039.443726 0.000000 0.913339 0.000000 -0.407201 0.203612 0.203612 0.203612
6700.194824 0.000000 2045.514893 0.000000 0.913363 0.000000 -0.407146 0.203559 0.203559 0.203559
6749.392090 0.000000 2078.110840 0.000000 0.730119 0.000000 -0.683321 0.206386 0.206386 0.206386
6720.894531 0.000000 2063.737549 0.000000 0.942565 0.000000 -0.334023 0.203061 0.203061 0.203061
6729.084961 0.000000 2044.255371 0.000000 0.748679 0.000000 -0.662933 0.206785 0.206785 0.206785
6744.535645 0.000000 2049.792480 0.000000 0.771241 0.000000 -0.636543 0.208455 0.208455 0.208455
6859.442871 0.000000 2051.246094 0.000000 0.680932 0.000000 -0.732347 0.207796 0.207796 0.207796
6864.382324 0.000000 2089.253906 0.000000 0.609011 0.000000 -0.793162 0.221001 0.221001 0.221001
6712.550781 0.000000 2235.749756 0.000000 0.936416 0.000000 -0.350893 0.202461 0.202461 0.202461
6847.586426 0.000000 2199.840820 0.000000 0.950820 0.000000 -0.309744 0.202319 0.202319 0.202319
6807.293457 0.000000 2169.970947 0.000000 0.901446 0.000000 -0.432892 0.203800 0.203800 0.203800
6813.530273 0.000000 2173.698730 0.000000 0.922929 0.000000 -0.384969 0.203354 0.203354 0.203354
6601.641113 0.000000 2312.562744 0.000000 0.745263 0.000000 -0.666771 0.205284 0.205284 0.205284
6681.681152 0.000000 2406.121338 0.000000 0.675636 0.000000 -0.737235 0.207864 0.207864 0.207864
6665.278320 0.000000 2422.427246 0.000000 0.709952 0.000000 -0.704251 0.208092 0.208092 0.208092
6666.235840 0.000000 2416.028076 0.000000 0.879328 0.000000 -0.476216 0.204709 0.204709 0.204709
6657.451660 0.000000 2438.220459 0.000000 0.802630 0.000000 -0.596477 0.209192 0.209192 0.209192
6748.380371 0.000000 2483.678467 0.000000 0.807530 0.000000 -0.589826 0.210345 0.210345 0.210345
6886.819824 0.000000 2481.079834 0.000000 0.723533 0.000000 -0.690290 0.229424 0.229424 0.229424
7078.337891 0.000000 2273.111084 0.000000 0.943654 0.000000 -0.330934 0.207356 0.207356 0.207356
6994.579102 0.000000 2484.017090 0.000000 0.904044 0.000000 -0.427439 0.204025 0.204025 0.204025
6875.932617 0.000000 2505.582031 0.000000 0.633337 0.000000 -0.773876 0.207291 0.207291 0.207291
6904.246582 0.000000 2488.169434 0.000000 0.603181 0.000000 -0.797604 0.228891 0.228891 0.228891
6894.245605 0.000000 2505.235107 0.000000 0.928767 0.000000 -0.370663 0.228095 0.228095 0.228095
6848.597656 0.000000 2505.779785 0.000000 0.752645 0.000000 -0.658427 0.236483 0.236483 0.236483
6968.639160 0.000000 2490.284912 0.000000 0.651175 0.000000 -0.758927 0.216535 0.216535 0.216535
6935.348633 0.000000 2538.311035 0.000000 0.643027 0.000000 -0.765843 0.236047 0.236047 0.236047
7020.051758 0.000000 2517.406738 0.000000 0.790775 0.000000 -0.612107 0.211870 0.211870 0.211870
6914.026855 0.000000 2590.423096 0.000000 0.692915 0.000000 -0.721019 0.241583 0.241583 0.241583
7184.382324 0.000000 2315.191406 0.000000 0.780497 0.000000 -0.625159 0.210798 0.210798 0.210798
7209.064941 0.000000 2367.564941 0.000000 0.635038 0.000000 -0.772481 0.210348 0.210348 0.210348
7206.337891 0.000000 2329.595459 0.000000 0.606285 0.000000 -0.795248 0.213283 0.213283 0.213283
7170.822754 0.000000 2349.827393 0.000000 0.792109 0.000000 -0.610380 0.209366 0.209366 0.209366
7293.252441 0.000000 2382.770020 0.000000 0.932665 0.000000 -0.360743 0.214817 0.214817 0.214817
"}
object={
	name="rainforest_generator_3_4"
	clamp_to_water_level=no
	render_under_water=no
	generated_content=yes
	layer="semidynamic_high"
	pdxmesh="tree_rainforest_005_mesh"
	count=156
	transform="163.093079 0.000000 1208.547974 0.000000 0.072185 0.000000 -0.997391 0.259062 0.259062 0.259062
162.087219 0.000000 1211.227051 0.000000 0.472537 0.000000 -0.881311 0.255125 0.255125 0.255125
187.524094 0.000000 1199.631226 0.000000 0.381417 0.000000 -0.924403 0.309182 0.309182 0.309182
151.838669 0.000000 1217.195557 0.000000 0.581811 0.000000 -0.813324 0.339724 0.339724 0.339724
150.292526 0.000000 1217.592407 0.000000 0.505399 0.000000 -0.862886 0.342756 0.342756 0.342756
148.232025 0.000000 1209.959717 0.000000 0.129965 0.000000 -0.991519 0.337331 0.337331 0.337331
179.413452 0.000000 1205.722412 0.000000 0.151944 0.000000 -0.988389 0.341306 0.341306 0.341306
162.136795 0.000000 1214.295654 0.000000 0.254053 0.000000 -0.967190 0.364153 0.364153 0.364153
150.176849 0.000000 1223.594849 0.000000 0.569373 0.000000 -0.822079 0.374766 0.374766 0.374766
154.905151 0.000000 1219.745239 0.000000 0.539959 0.000000 -0.841691 0.402863 0.402863 0.402863
181.577484 0.000000 1201.203979 0.000000 0.301609 0.000000 -0.953432 0.496594 0.496594 0.496594
162.564316 0.000000 1212.151733 0.000000 0.483747 0.000000 -0.875208 0.439717 0.439717 0.439717
153.272690 0.000000 1220.925049 0.000000 0.281849 0.000000 -0.959459 0.498173 0.498173 0.498173
159.796021 0.000000 1214.086182 0.000000 0.156959 0.000000 -0.987605 0.455856 0.455856 0.455856
157.189392 0.000000 1223.091553 0.000000 0.027930 0.000000 -0.999610 0.433811 0.433811 0.433811
157.834366 0.000000 1218.907715 0.000000 0.185245 0.000000 -0.982692 0.501273 0.501273 0.501273
183.814514 0.000000 1202.883667 0.000000 0.132051 0.000000 -0.991243 0.509883 0.509883 0.509883
147.763916 0.000000 1216.975220 0.000000 0.306034 0.000000 -0.952021 0.496239 0.496239 0.496239
188.916687 0.000000 1202.552979 0.000000 0.129669 0.000000 -0.991557 0.510066 0.510066 0.510066
143.686371 0.000000 1216.005737 0.000000 0.574258 0.000000 -0.818674 0.473270 0.473270 0.473270
142.695007 0.000000 1216.622681 0.000000 0.107518 0.000000 -0.994203 0.511770 0.511770 0.511770
211.935532 0.000000 1195.930298 0.000000 0.558440 0.000000 -0.829545 0.281946 0.281946 0.281946
215.035385 0.000000 1196.609009 0.000000 0.312166 0.000000 -0.950027 0.322869 0.322869 0.322869
193.343918 0.000000 1199.485229 0.000000 0.317662 0.000000 -0.948204 0.480043 0.480043 0.480043
208.719742 0.000000 1193.253906 0.000000 0.571237 0.000000 -0.820785 0.469946 0.469946 0.469946
213.932236 0.000000 1193.878784 0.000000 0.439241 0.000000 -0.898369 0.485259 0.485259 0.485259
238.859100 0.000000 1188.860840 0.000000 0.581924 0.000000 -0.813243 0.472552 0.472552 0.472552
196.600647 0.000000 1200.319092 0.000000 0.441427 0.000000 -0.897297 0.485073 0.485073 0.485073
645.808838 0.000000 1128.686279 0.000000 0.129495 0.000000 -0.991580 0.332711 0.332711 0.332711
694.362793 0.000000 1106.844849 0.000000 0.285425 0.000000 -0.958401 0.311790 0.311790 0.311790
688.565186 0.000000 1107.796143 0.000000 0.554916 0.000000 -0.831906 0.464512 0.464512 0.464512
645.456116 0.000000 1127.759033 0.000000 0.577204 0.000000 -0.816600 0.470371 0.470371 0.470371
905.676575 0.000000 1313.817139 0.000000 0.581677 0.000000 -0.813420 0.343990 0.343990 0.343990
904.070984 0.000000 1302.933472 0.000000 0.377793 0.000000 -0.925890 0.428852 0.428852 0.428852
458.331238 0.000000 2022.289429 0.000000 0.490935 0.000000 -0.871196 0.330304 0.330304 0.330304
463.453247 0.000000 2025.928345 0.000000 0.319584 0.000000 -0.947558 0.307946 0.307946 0.307946
493.387482 0.000000 2009.741211 0.000000 0.107305 0.000000 -0.994226 0.358386 0.358386 0.358386
459.583191 0.000000 2023.897949 0.000000 0.429295 0.000000 -0.903164 0.332423 0.332423 0.332423
552.284058 0.000000 1958.935303 0.000000 0.421695 0.000000 -0.906738 0.264338 0.264338 0.264338
545.128357 0.000000 1961.231934 0.000000 0.496707 0.000000 -0.867918 0.262844 0.262844 0.262844
533.229004 0.000000 1991.045410 0.000000 0.358889 0.000000 -0.933380 0.261347 0.261347 0.261347
530.462097 0.000000 1993.533813 0.000000 0.249144 0.000000 -0.968466 0.279070 0.279070 0.279070
535.062134 0.000000 1993.074829 0.000000 0.146774 0.000000 -0.989170 0.295906 0.295906 0.295906
547.792847 0.000000 1977.929688 0.000000 0.405991 0.000000 -0.913877 0.388591 0.388591 0.388591
7427.095703 0.000000 467.325104 0.000000 0.565764 0.000000 -0.824567 0.237377 0.237377 0.237377
6444.662598 0.000000 1462.689575 0.000000 0.189502 0.000000 -0.981880 0.209820 0.209820 0.209820
6370.932617 0.000000 1692.123779 0.000000 0.295852 0.000000 -0.955234 0.209832 0.209832 0.209832
6358.937012 0.000000 1765.442993 0.000000 0.023279 0.000000 -0.999729 0.211397 0.211397 0.211397
6412.112305 0.000000 1652.953613 0.000000 0.376419 0.000000 -0.926449 0.210501 0.210501 0.210501
6515.634277 0.000000 1737.259155 0.000000 0.543519 0.000000 -0.839397 0.207958 0.207958 0.207958
6528.514160 0.000000 1767.096436 0.000000 0.531342 0.000000 -0.847157 0.208578 0.208578 0.208578
6551.371094 0.000000 1794.029541 0.000000 0.326363 0.000000 -0.945245 0.210821 0.210821 0.210821
6572.412598 0.000000 1793.289307 0.000000 0.440884 0.000000 -0.897564 0.209736 0.209736 0.209736
6569.064941 0.000000 1802.721191 0.000000 0.175412 0.000000 -0.984495 0.212533 0.212533 0.212533
6539.486816 0.000000 1759.575195 0.000000 0.558233 0.000000 -0.829684 0.208673 0.208673 0.208673
6531.820801 0.000000 1764.821045 0.000000 0.344070 0.000000 -0.938944 0.210504 0.210504 0.210504
6338.500488 0.000000 1827.244019 0.000000 0.034250 0.000000 -0.999413 0.210933 0.210933 0.210933
6362.364746 0.000000 1833.061279 0.000000 0.408569 0.000000 -0.912727 0.208612 0.208612 0.208612
6355.771973 0.000000 1830.125488 0.000000 0.196780 0.000000 -0.980448 0.210110 0.210110 0.210110
6329.910645 0.000000 1911.935425 0.000000 0.482817 0.000000 -0.875721 0.208390 0.208390 0.208390
6377.260742 0.000000 1908.206543 0.000000 0.056195 0.000000 -0.998420 0.210965 0.210965 0.210965
6269.292480 0.000000 1989.512085 0.000000 0.428527 0.000000 -0.903529 0.208025 0.208025 0.208025
6307.991211 0.000000 1936.195190 0.000000 0.104445 0.000000 -0.994531 0.210798 0.210798 0.210798
6272.514160 0.000000 1936.549561 0.000000 0.410172 0.000000 -0.912008 0.208743 0.208743 0.208743
6362.709961 0.000000 1957.508667 0.000000 0.192183 0.000000 -0.981359 0.210316 0.210316 0.210316
6347.786133 0.000000 1925.521729 0.000000 0.243299 0.000000 -0.969951 0.210089 0.210089 0.210089
6289.256836 0.000000 2011.667969 0.000000 0.532960 0.000000 -0.846141 0.207555 0.207555 0.207555
6341.119141 0.000000 1993.387329 0.000000 0.109127 0.000000 -0.994028 0.210946 0.210946 0.210946
6365.237305 0.000000 2010.475342 0.000000 0.120538 0.000000 -0.992709 0.211946 0.211946 0.211946
6461.292480 0.000000 1820.058960 0.000000 0.280070 0.000000 -0.959980 0.208996 0.208996 0.208996
6450.584961 0.000000 1835.394287 0.000000 0.384622 0.000000 -0.923074 0.208808 0.208808 0.208808
6426.364746 0.000000 1833.061279 0.000000 0.105729 0.000000 -0.994395 0.210971 0.210971 0.210971
6405.119141 0.000000 1823.934204 0.000000 0.248670 0.000000 -0.968588 0.210541 0.210541 0.210541
6427.932617 0.000000 1827.769653 0.000000 0.095948 0.000000 -0.995386 0.211781 0.211781 0.211781
6400.514160 0.000000 1823.580811 0.000000 0.551660 0.000000 -0.834069 0.207881 0.207881 0.207881
6403.837402 0.000000 1831.062134 0.000000 0.545381 0.000000 -0.838188 0.208065 0.208065 0.208065
6406.424805 0.000000 1827.860107 0.000000 0.147089 0.000000 -0.989123 0.211547 0.211547 0.211547
6451.213867 0.000000 1853.757202 0.000000 0.139625 0.000000 -0.990204 0.211430 0.211430 0.211430
6448.647949 0.000000 1847.975708 0.000000 0.571076 0.000000 -0.820897 0.207573 0.207573 0.207573
6447.868652 0.000000 1855.911011 0.000000 0.525729 0.000000 -0.850652 0.208254 0.208254 0.208254
6430.953613 0.000000 1863.752563 0.000000 0.507712 0.000000 -0.861527 0.208424 0.208424 0.208424
6444.412598 0.000000 1849.773682 0.000000 0.545973 0.000000 -0.837803 0.207935 0.207935 0.207935
6423.293457 0.000000 1831.064819 0.000000 0.374561 0.000000 -0.927202 0.209630 0.209630 0.209630
6459.981445 0.000000 1862.719238 0.000000 0.276716 0.000000 -0.960952 0.210470 0.210470 0.210470
6473.400879 0.000000 1823.619141 0.000000 0.450147 0.000000 -0.892955 0.207441 0.207441 0.207441
6479.272949 0.000000 1829.418579 0.000000 0.561622 0.000000 -0.827394 0.206690 0.206690 0.206690
6518.173828 0.000000 1813.684204 0.000000 0.438802 0.000000 -0.898584 0.208502 0.208502 0.208502
6465.884766 0.000000 1858.552490 0.000000 0.469697 0.000000 -0.882828 0.208508 0.208508 0.208508
6464.163086 0.000000 1842.246582 0.000000 0.040086 0.000000 -0.999196 0.211464 0.211464 0.211464
6420.089355 0.000000 1908.801270 0.000000 0.360112 0.000000 -0.932909 0.208405 0.208405 0.208405
6432.032227 0.000000 1900.922241 0.000000 0.096507 0.000000 -0.995332 0.210489 0.210489 0.210489
6441.260742 0.000000 1908.206543 0.000000 0.056774 0.000000 -0.998387 0.210394 0.210394 0.210394
6461.248047 0.000000 1909.986450 0.000000 0.431641 0.000000 -0.902046 0.208282 0.208282 0.208282
6417.256836 0.000000 1898.699219 0.000000 0.269897 0.000000 -0.962889 0.209394 0.209394 0.209394
6409.063965 0.000000 1894.446411 0.000000 0.440240 0.000000 -0.897880 0.208211 0.208211 0.208211
6414.220703 0.000000 1881.065308 0.000000 0.494941 0.000000 -0.868927 0.207887 0.207887 0.207887
6417.260254 0.000000 1890.441528 0.000000 0.471242 0.000000 -0.882004 0.208090 0.208090 0.208090
6459.211426 0.000000 1893.602539 0.000000 0.161673 0.000000 -0.986844 0.210724 0.210724 0.210724
6504.763184 0.000000 1879.106567 0.000000 0.271668 0.000000 -0.962391 0.210189 0.210189 0.210189
6511.663086 0.000000 1873.996216 0.000000 0.172107 0.000000 -0.985078 0.211167 0.211167 0.211167
6542.875488 0.000000 1852.262085 0.000000 0.447654 0.000000 -0.894207 0.208427 0.208427 0.208427
6573.375000 0.000000 1832.421631 0.000000 0.288075 0.000000 -0.957608 0.211013 0.211013 0.211013
6534.424805 0.000000 1827.860107 0.000000 0.308426 0.000000 -0.951248 0.210358 0.210358 0.210358
6445.311035 0.000000 2011.302979 0.000000 0.450573 0.000000 -0.892740 0.208402 0.208402 0.208402
6438.889160 0.000000 2000.392700 0.000000 0.535063 0.000000 -0.844812 0.208039 0.208039 0.208039
6494.236816 0.000000 2029.483032 0.000000 0.234008 0.000000 -0.972235 0.209163 0.209163 0.209163
6281.641113 0.000000 2086.625244 0.000000 0.239157 0.000000 -0.970981 0.209956 0.209956 0.209956
6334.624512 0.000000 2042.257690 0.000000 0.533456 0.000000 -0.845828 0.207676 0.207676 0.207676
6386.842773 0.000000 2051.307373 0.000000 0.563277 0.000000 -0.826268 0.207283 0.207283 0.207283
6290.283691 0.000000 2091.054688 0.000000 0.285096 0.000000 -0.958499 0.209759 0.209759 0.209759
6395.211426 0.000000 2176.024414 0.000000 0.440215 0.000000 -0.897892 0.208351 0.208351 0.208351
6478.875488 0.000000 2134.683838 0.000000 0.065629 0.000000 -0.997844 0.211085 0.211085 0.211085
6491.131348 0.000000 2106.042969 0.000000 0.434789 0.000000 -0.900532 0.208956 0.208956 0.208956
6557.237305 0.000000 2123.444092 0.000000 0.181019 0.000000 -0.983480 0.211095 0.211095 0.211095
6591.586426 0.000000 2199.840820 0.000000 0.416624 0.000000 -0.909079 0.208546 0.208546 0.208546
6611.007324 0.000000 2164.484619 0.000000 0.362508 0.000000 -0.931981 0.209136 0.209136 0.209136
6619.932617 0.000000 2166.675781 0.000000 0.387472 0.000000 -0.921882 0.209078 0.209078 0.209078
6592.514160 0.000000 2162.487061 0.000000 0.216339 0.000000 -0.976318 0.210300 0.210300 0.210300
6646.864258 0.000000 2257.889160 0.000000 0.557879 0.000000 -0.829922 0.207943 0.207943 0.207943
6703.663086 0.000000 2043.449341 0.000000 0.567731 0.000000 -0.823214 0.208329 0.208329 0.208329
6729.866211 0.000000 2072.509766 0.000000 0.438466 0.000000 -0.898748 0.210038 0.210038 0.210038
6735.197266 0.000000 2045.070312 0.000000 0.415782 0.000000 -0.909464 0.210834 0.210834 0.210834
6740.984863 0.000000 2070.635498 0.000000 0.002134 0.000000 -0.999998 0.214098 0.214098 0.214098
6730.329590 0.000000 2058.142090 0.000000 0.327781 0.000000 -0.944754 0.211579 0.211579 0.211579
6862.401855 0.000000 2075.133301 0.000000 0.470805 0.000000 -0.882237 0.224190 0.224190 0.224190
6857.322266 0.000000 2052.405029 0.000000 0.309348 0.000000 -0.950949 0.230307 0.230307 0.230307
6705.272949 0.000000 2236.515625 0.000000 0.286929 0.000000 -0.957952 0.208467 0.208467 0.208467
6704.541992 0.000000 2225.475830 0.000000 0.453337 0.000000 -0.891339 0.207417 0.207417 0.207417
6707.456055 0.000000 2253.178955 0.000000 0.165661 0.000000 -0.986183 0.209817 0.209817 0.209817
6687.826172 0.000000 2211.012939 0.000000 0.256477 0.000000 -0.966550 0.209331 0.209331 0.209331
6836.014648 0.000000 2155.249512 0.000000 0.208694 0.000000 -0.977981 0.211719 0.211719 0.211719
6610.817383 0.000000 2289.818848 0.000000 0.566948 0.000000 -0.823754 0.207612 0.207612 0.207612
6668.083496 0.000000 2417.857666 0.000000 0.117100 0.000000 -0.993120 0.213788 0.213788 0.213788
6658.356934 0.000000 2433.726318 0.000000 0.525596 0.000000 -0.850734 0.211670 0.211670 0.211670
6676.094727 0.000000 2444.229004 0.000000 0.530820 0.000000 -0.847484 0.218141 0.218141 0.218141
6656.090332 0.000000 2432.123779 0.000000 0.532206 0.000000 -0.846615 0.211593 0.211593 0.211593
6678.077637 0.000000 2446.002686 0.000000 0.065338 0.000000 -0.997863 0.224852 0.224852 0.224852
6684.838379 0.000000 2453.895508 0.000000 0.497678 0.000000 -0.867362 0.219874 0.219874 0.219874
7083.659668 0.000000 2295.554688 0.000000 0.573118 0.000000 -0.819473 0.209818 0.209818 0.209818
7136.544434 0.000000 2306.706543 0.000000 0.525086 0.000000 -0.851049 0.218214 0.218214 0.218214
7157.519043 0.000000 2342.484863 0.000000 0.510718 0.000000 -0.859748 0.215768 0.215768 0.215768
7128.535645 0.000000 2332.214355 0.000000 0.132407 0.000000 -0.991195 0.219948 0.219948 0.219948
7142.792969 0.000000 2318.671387 0.000000 0.501764 0.000000 -0.865005 0.221141 0.221141 0.221141
6908.013184 0.000000 2500.177246 0.000000 0.045440 0.000000 -0.998967 0.225069 0.225069 0.225069
6851.095703 0.000000 2500.762695 0.000000 0.305308 0.000000 -0.952254 0.244137 0.244137 0.244137
6860.970703 0.000000 2532.298340 0.000000 0.285014 0.000000 -0.958523 0.255624 0.255624 0.255624
6872.512695 0.000000 2549.529785 0.000000 0.034397 0.000000 -0.999408 0.261125 0.261125 0.261125
6872.779785 0.000000 2546.333496 0.000000 0.262870 0.000000 -0.964831 0.257400 0.257400 0.257400
6965.449707 0.000000 2535.204102 0.000000 0.515493 0.000000 -0.856894 0.232868 0.232868 0.232868
6979.820801 0.000000 2499.117920 0.000000 0.004574 0.000000 -0.999990 0.225516 0.225516 0.225516
7010.111328 0.000000 2516.927734 0.000000 0.334445 0.000000 -0.942415 0.225906 0.225906 0.225906
6999.339844 0.000000 2517.719971 0.000000 0.308091 0.000000 -0.951357 0.226226 0.226226 0.226226
7019.659668 0.000000 2521.492188 0.000000 0.505097 0.000000 -0.863062 0.225061 0.225061 0.225061
6992.382324 0.000000 2541.128906 0.000000 0.232003 0.000000 -0.972715 0.236830 0.236830 0.236830
7021.814941 0.000000 2521.858643 0.000000 0.399892 0.000000 -0.916562 0.226441 0.226441 0.226441
7182.033691 0.000000 2321.750244 0.000000 0.528416 0.000000 -0.848986 0.215554 0.215554 0.215554
"}
