object={
	name="rainforest_generator_1_0"
	clamp_to_water_level=no
	render_under_water=no
	generated_content=yes
	layer="semidynamic"
	pdxmesh="tree_rainforest_001_mesh"
	count=20
	transform="159.758545 0.000000 1216.331543 0.000000 0.517556 0.000000 0.855650 0.324634 0.324634 0.324634
142.007309 0.000000 1217.062134 0.000000 0.112885 0.000000 0.993608 0.288642 0.288642 0.288642
157.237427 0.000000 1219.694092 0.000000 0.326070 0.000000 0.945346 0.309394 0.309394 0.309394
186.462234 0.000000 1203.241943 0.000000 0.097015 0.000000 0.995283 0.287423 0.287423 0.287423
189.638245 0.000000 1205.895142 0.000000 0.385851 0.000000 0.922561 0.310262 0.310262 0.310262
159.330505 0.000000 1218.593018 0.000000 0.376612 0.000000 0.926371 0.321329 0.321329 0.321329
148.822006 0.000000 1217.282837 0.000000 0.319319 0.000000 0.947647 0.304829 0.304829 0.304829
149.008392 0.000000 1215.276978 0.000000 0.344784 0.000000 0.938682 0.306892 0.306892 0.306892
185.814362 0.000000 1205.014282 0.000000 0.185923 0.000000 0.982564 0.294287 0.294287 0.294287
184.654144 0.000000 1203.384766 0.000000 0.175412 0.000000 0.984495 0.293470 0.293470 0.293470
151.955353 0.000000 1219.962402 0.000000 0.341886 0.000000 0.939741 0.313977 0.313977 0.313977
193.451385 0.000000 1198.347534 0.000000 0.176846 0.000000 0.984239 0.310622 0.310622 0.310622
195.095566 0.000000 1201.621948 0.000000 0.274118 0.000000 0.961696 0.301213 0.301213 0.301213
196.846695 0.000000 1201.079224 0.000000 0.495477 0.000000 0.868621 0.319602 0.319602 0.319602
689.272949 0.000000 1106.828003 0.000000 0.186263 0.000000 0.982500 0.309164 0.309164 0.309164
696.550964 0.000000 1106.062256 0.000000 0.520274 0.000000 0.853999 0.294377 0.294377 0.294377
904.667542 0.000000 1303.919800 0.000000 0.113072 0.000000 0.993587 0.291953 0.291953 0.291953
465.360931 0.000000 2023.113525 0.000000 0.557250 0.000000 0.830345 0.314490 0.314490 0.314490
546.900940 0.000000 1977.017822 0.000000 0.540594 0.000000 0.841283 0.296920 0.296920 0.296920
534.937195 0.000000 1991.380493 0.000000 0.203980 0.000000 0.978975 0.283253 0.283253 0.283253
"}
object={
	name="rainforest_generator_1_1"
	clamp_to_water_level=no
	render_under_water=no
	generated_content=yes
	layer="semidynamic"
	pdxmesh="tree_rainforest_002_mesh"
	count=23
	transform="163.764938 0.000000 1212.019165 0.000000 0.774018 0.000000 0.633164 0.341310 0.341310 0.341310
146.817444 0.000000 1216.615723 0.000000 0.904508 0.000000 0.426458 0.366343 0.366343 0.366343
147.362854 0.000000 1214.159668 0.000000 0.883446 0.000000 0.468534 0.333817 0.333817 0.333817
151.885269 0.000000 1211.952026 0.000000 0.918323 0.000000 0.395832 0.370535 0.370535 0.370535
160.801392 0.000000 1214.487061 0.000000 0.766953 0.000000 0.641703 0.350254 0.350254 0.350254
140.079956 0.000000 1217.460693 0.000000 0.704981 0.000000 0.709227 0.339771 0.339771 0.339771
146.362778 0.000000 1218.808472 0.000000 0.667421 0.000000 0.744681 0.341934 0.341934 0.341934
154.057098 0.000000 1221.635010 0.000000 0.810300 0.000000 0.586015 0.352167 0.352167 0.352167
182.403381 0.000000 1205.857666 0.000000 0.932557 0.000000 0.361023 0.371783 0.371783 0.371783
143.736130 0.000000 1216.933105 0.000000 0.834470 0.000000 0.551054 0.355414 0.355414 0.355414
182.998260 0.000000 1203.474121 0.000000 0.918447 0.000000 0.395544 0.368933 0.368933 0.368933
140.996094 0.000000 1216.003784 0.000000 0.625570 0.000000 0.780168 0.331632 0.331632 0.331632
147.521729 0.000000 1217.947510 0.000000 0.699549 0.000000 0.714584 0.339188 0.339188 0.339188
180.156082 0.000000 1204.539917 0.000000 0.699661 0.000000 0.714475 0.339200 0.339200 0.339200
186.872940 0.000000 1201.920776 0.000000 0.699152 0.000000 0.714973 0.339145 0.339145 0.339145
212.569412 0.000000 1191.558350 0.000000 0.855119 0.000000 0.518432 0.321840 0.321840 0.321840
237.943573 0.000000 1188.526855 0.000000 0.858069 0.000000 0.513535 0.358801 0.358801 0.358801
213.668732 0.000000 1195.960815 0.000000 0.793985 0.000000 0.607937 0.308990 0.308990 0.308990
240.746597 0.000000 1189.409546 0.000000 0.905588 0.000000 0.424159 0.327587 0.327587 0.327587
195.820877 0.000000 1199.977295 0.000000 0.634508 0.000000 0.772916 0.332511 0.332511 0.332511
690.798096 0.000000 1109.884277 0.000000 0.639627 0.000000 0.768685 0.343963 0.343963 0.343963
691.318481 0.000000 1106.844604 0.000000 0.872256 0.000000 0.489050 0.362493 0.362493 0.362493
644.679749 0.000000 1125.818115 0.000000 0.738877 0.000000 0.673841 0.352559 0.352559 0.352559
"}
object={
	name="rainforest_generator_1_2"
	clamp_to_water_level=no
	render_under_water=no
	generated_content=yes
	layer="semidynamic"
	pdxmesh="tree_rainforest_003_mesh"
	count=23
	transform="181.993912 0.000000 1207.458008 0.000000 0.977650 0.000000 0.210239 0.324194 0.324194 0.324194
180.463928 0.000000 1201.253662 0.000000 0.998712 0.000000 -0.050737 0.403878 0.403878 0.403878
160.448990 0.000000 1212.167236 0.000000 0.999831 0.000000 0.018390 0.398765 0.398765 0.398765
147.991608 0.000000 1219.399414 0.000000 0.959592 0.000000 -0.281397 0.410712 0.410712 0.410712
144.716858 0.000000 1218.269653 0.000000 0.999713 0.000000 -0.023970 0.371009 0.371009 0.371009
142.389343 0.000000 1219.556641 0.000000 0.984373 0.000000 0.176095 0.362536 0.362536 0.362536
156.944550 0.000000 1222.039307 0.000000 0.998192 0.000000 0.060111 0.355609 0.355609 0.355609
187.815216 0.000000 1204.891724 0.000000 0.962034 0.000000 -0.272929 0.421118 0.421118 0.421118
185.677979 0.000000 1201.293457 0.000000 0.976981 0.000000 0.213327 0.383577 0.383577 0.383577
155.528442 0.000000 1220.711060 0.000000 0.998909 0.000000 0.046703 0.396431 0.396431 0.396431
162.177551 0.000000 1213.104980 0.000000 0.999780 0.000000 -0.020953 0.381009 0.381009 0.381009
187.993332 0.000000 1202.715454 0.000000 0.971201 0.000000 0.238262 0.381621 0.381621 0.381621
184.379440 0.000000 1200.552612 0.000000 0.955062 0.000000 0.296405 0.377011 0.377011 0.377011
150.404526 0.000000 1211.787231 0.000000 0.959671 0.000000 -0.281125 0.420631 0.420631 0.420631
189.038879 0.000000 1204.513062 0.000000 0.997674 0.000000 0.068161 0.394789 0.394789 0.394789
211.894379 0.000000 1193.943604 0.000000 0.989959 0.000000 -0.141357 0.410835 0.410835 0.410835
194.944717 0.000000 1203.567871 0.000000 0.999731 0.000000 0.023208 0.398441 0.398441 0.398441
239.105347 0.000000 1189.733276 0.000000 0.993733 0.000000 -0.111778 0.408557 0.408557 0.408557
192.233856 0.000000 1199.615112 0.000000 0.969800 0.000000 0.243902 0.384191 0.384191 0.384191
196.635590 0.000000 1198.574707 0.000000 0.994462 0.000000 -0.105100 0.407176 0.407176 0.407176
194.597580 0.000000 1199.636841 0.000000 0.958212 0.000000 0.286058 0.377837 0.377837 0.377837
644.458557 0.000000 1127.669067 0.000000 0.999312 0.000000 -0.037084 0.402732 0.402732 0.402732
646.073303 0.000000 1126.990601 0.000000 0.976224 0.000000 0.216765 0.383908 0.383908 0.383908
"}
object={
	name="rainforest_generator_1_3"
	clamp_to_water_level=no
	render_under_water=no
	generated_content=yes
	layer="semidynamic"
	pdxmesh="tree_rainforest_004_mesh"
	count=15
	transform="189.524185 0.000000 1203.241577 0.000000 0.857967 0.000000 -0.513704 0.441214 0.441214 0.441214
139.406174 0.000000 1219.242676 0.000000 0.914648 0.000000 -0.404252 0.367376 0.367376 0.367376
181.428070 0.000000 1204.013062 0.000000 0.611028 0.000000 -0.791609 0.469781 0.469781 0.469781
180.679245 0.000000 1205.861206 0.000000 0.942098 0.000000 -0.335339 0.426124 0.426124 0.426124
152.332703 0.000000 1221.376343 0.000000 0.771207 0.000000 -0.636584 0.452717 0.452717 0.452717
149.609955 0.000000 1218.820923 0.000000 0.595266 0.000000 -0.803528 0.463370 0.463370 0.463370
180.078308 0.000000 1202.842529 0.000000 0.655298 0.000000 -0.755370 0.465410 0.465410 0.465410
158.348206 0.000000 1216.510254 0.000000 0.799617 0.000000 -0.600511 0.447279 0.447279 0.447279
209.664764 0.000000 1192.827881 0.000000 0.847567 0.000000 -0.530688 0.440641 0.440641 0.440641
193.654297 0.000000 1200.530029 0.000000 0.905745 0.000000 -0.423823 0.433435 0.433435 0.433435
195.049561 0.000000 1198.442749 0.000000 0.876660 0.000000 -0.481111 0.438344 0.438344 0.438344
647.437256 0.000000 1128.246704 0.000000 0.655256 0.000000 -0.755407 0.453026 0.453026 0.453026
693.633789 0.000000 1110.260376 0.000000 0.750852 0.000000 -0.660470 0.443072 0.443072 0.443072
647.784241 0.000000 1126.519531 0.000000 0.837269 0.000000 -0.546792 0.442607 0.442607 0.442607
556.412659 0.000000 1962.742432 0.000000 0.796631 0.000000 -0.604466 0.363097 0.363097 0.363097
"}
object={
	name="rainforest_generator_1_4"
	clamp_to_water_level=no
	render_under_water=no
	generated_content=yes
	layer="semidynamic"
	pdxmesh="tree_rainforest_005_mesh"
	count=15
	transform="183.637939 0.000000 1201.915283 0.000000 0.143030 0.000000 -0.989718 0.509036 0.509036 0.509036
150.477798 0.000000 1221.065186 0.000000 0.407818 0.000000 -0.913063 0.477855 0.477855 0.477855
154.709885 0.000000 1223.211792 0.000000 0.217580 0.000000 -0.976042 0.445809 0.445809 0.445809
154.364716 0.000000 1211.733154 0.000000 0.123810 0.000000 -0.992306 0.496793 0.496793 0.496793
183.819290 0.000000 1205.002808 0.000000 0.322545 0.000000 -0.946554 0.494911 0.494911 0.494911
151.340027 0.000000 1218.579346 0.000000 0.507438 0.000000 -0.861688 0.473119 0.473119 0.473119
182.302399 0.000000 1200.459351 0.000000 0.374796 0.000000 -0.927107 0.490651 0.490651 0.490651
181.929581 0.000000 1202.242554 0.000000 0.100794 0.000000 -0.994907 0.512287 0.512287 0.512287
145.266998 0.000000 1216.805664 0.000000 0.187750 0.000000 -0.982217 0.505571 0.505571 0.505571
192.513977 0.000000 1202.252686 0.000000 0.270472 0.000000 -0.962728 0.413793 0.413793 0.413793
213.209427 0.000000 1193.034180 0.000000 0.340359 0.000000 -0.940296 0.493468 0.493468 0.493468
211.737244 0.000000 1192.653564 0.000000 0.500198 0.000000 -0.865911 0.479983 0.479983 0.479983
690.362488 0.000000 1107.900757 0.000000 0.587357 0.000000 -0.809328 0.469215 0.469215 0.469215
646.912720 0.000000 1129.689087 0.000000 0.435417 0.000000 -0.900229 0.469721 0.469721 0.469721
493.311035 0.000000 2011.302979 0.000000 0.487330 0.000000 -0.873218 0.405788 0.405788 0.405788
"}
