object={
	name="rainforest_generator_2_0"
	clamp_to_water_level=no
	render_under_water=no
	generated_content=yes
	layer="semidynamic_medium"
	pdxmesh="tree_rainforest_001_mesh"
	count=137
	transform="140.552628 0.000000 1212.365967 0.000000 0.466773 0.000000 0.884377 0.190518 0.190518 0.190518
186.028488 0.000000 1199.270508 0.000000 0.320505 0.000000 0.947247 0.247135 0.247135 0.247135
141.872208 0.000000 1214.574341 0.000000 0.318273 0.000000 0.947999 0.248622 0.248622 0.248622
136.722107 0.000000 1218.690918 0.000000 0.404050 0.000000 0.914737 0.254996 0.254996 0.254996
178.516357 0.000000 1202.203369 0.000000 0.118099 0.000000 0.993002 0.250979 0.250979 0.250979
153.034561 0.000000 1218.118408 0.000000 0.008100 0.000000 0.999967 0.267725 0.267725 0.267725
141.021332 0.000000 1218.800903 0.000000 0.042189 0.000000 0.999110 0.273225 0.273225 0.273225
143.217514 0.000000 1218.320435 0.000000 0.237419 0.000000 0.971407 0.300909 0.300909 0.300909
138.576370 0.000000 1216.515625 0.000000 0.104144 0.000000 0.994562 0.292039 0.292039 0.292039
182.647034 0.000000 1204.660522 0.000000 0.222930 0.000000 0.974835 0.297175 0.297175 0.297175
149.042908 0.000000 1214.075806 0.000000 0.179205 0.000000 0.983812 0.293765 0.293765 0.293765
146.234283 0.000000 1217.635132 0.000000 0.254861 0.000000 0.966978 0.299687 0.299687 0.299687
156.615662 0.000000 1220.658569 0.000000 0.582336 0.000000 0.812948 0.330567 0.330567 0.330567
214.782501 0.000000 1193.475220 0.000000 0.177342 0.000000 0.984149 0.271182 0.271182 0.271182
212.029861 0.000000 1190.098633 0.000000 0.513569 0.000000 0.858049 0.300081 0.300081 0.300081
193.945602 0.000000 1202.475708 0.000000 0.031538 0.000000 0.999503 0.280719 0.280719 0.280719
197.597885 0.000000 1199.639526 0.000000 0.180500 0.000000 0.983575 0.305311 0.305311 0.305311
192.649200 0.000000 1201.086914 0.000000 0.038115 0.000000 0.999273 0.282912 0.282912 0.282912
692.316956 0.000000 1102.328979 0.000000 0.300882 0.000000 0.953661 0.294231 0.294231 0.294231
693.385376 0.000000 1103.810425 0.000000 0.581877 0.000000 0.813277 0.309147 0.309147 0.309147
693.635254 0.000000 1111.725708 0.000000 0.369107 0.000000 0.929387 0.322844 0.322844 0.322844
902.474854 0.000000 1313.731323 0.000000 0.575788 0.000000 0.817599 0.246737 0.246737 0.246737
900.635559 0.000000 1311.543457 0.000000 0.519557 0.000000 0.854436 0.282747 0.282747 0.282747
456.908508 0.000000 2022.853149 0.000000 0.176953 0.000000 0.984219 0.217231 0.217231 0.217231
495.917358 0.000000 2013.735107 0.000000 0.155015 0.000000 0.987912 0.213654 0.213654 0.213654
464.398438 0.000000 2022.009521 0.000000 0.068103 0.000000 0.997678 0.287988 0.287988 0.287988
548.915894 0.000000 1948.531128 0.000000 0.214461 0.000000 0.976733 0.266511 0.266511 0.266511
554.281250 0.000000 1962.680542 0.000000 0.183622 0.000000 0.982997 0.279193 0.279193 0.279193
552.727783 0.000000 1963.282349 0.000000 0.533200 0.000000 0.845989 0.295014 0.295014 0.295014
537.706726 0.000000 1990.592529 0.000000 0.489946 0.000000 0.871753 0.257645 0.257645 0.257645
7414.381836 0.000000 481.202606 0.000000 0.318539 0.000000 0.947910 0.188485 0.188485 0.188485
7460.276367 0.000000 485.121765 0.000000 0.300475 0.000000 0.953790 0.242724 0.242724 0.242724
7465.656250 0.000000 491.984772 0.000000 0.034482 0.000000 0.999405 0.216327 0.216327 0.216327
6351.130859 0.000000 1790.387451 0.000000 0.064782 0.000000 0.997899 0.190037 0.190037 0.190037
6411.929688 0.000000 1650.052734 0.000000 0.527463 0.000000 0.849578 0.191003 0.191003 0.191003
6456.065918 0.000000 1776.378174 0.000000 0.112230 0.000000 0.993682 0.189260 0.189260 0.189260
6465.451172 0.000000 1763.191284 0.000000 0.279777 0.000000 0.960065 0.190680 0.190680 0.190680
6522.807129 0.000000 1757.670166 0.000000 0.414159 0.000000 0.910205 0.190434 0.190434 0.190434
6519.638184 0.000000 1766.759033 0.000000 0.043681 0.000000 0.999046 0.187228 0.187228 0.187228
6525.524414 0.000000 1768.085327 0.000000 0.373999 0.000000 0.927429 0.190069 0.190069 0.190069
6532.032715 0.000000 1782.627197 0.000000 0.572848 0.000000 0.819662 0.191964 0.191964 0.191964
6548.089355 0.000000 1795.832520 0.000000 0.238931 0.000000 0.971037 0.188383 0.188383 0.188383
6573.434082 0.000000 1780.744873 0.000000 0.549716 0.000000 0.835352 0.191484 0.191484 0.191484
6553.505859 0.000000 1804.787354 0.000000 0.037309 0.000000 0.999304 0.186601 0.186601 0.186601
6532.047852 0.000000 1759.365723 0.000000 0.517178 0.000000 0.855878 0.191024 0.191024 0.191024
6387.456055 0.000000 1857.788208 0.000000 0.536257 0.000000 0.844055 0.192725 0.192725 0.192725
6273.318848 0.000000 1902.872803 0.000000 0.039098 0.000000 0.999235 0.189867 0.189867 0.189867
6256.541992 0.000000 1943.053955 0.000000 0.343229 0.000000 0.939252 0.191164 0.191164 0.191164
6259.456055 0.000000 2027.241333 0.000000 0.132602 0.000000 0.991169 0.189590 0.189590 0.189590
6286.873047 0.000000 1928.515869 0.000000 0.493507 0.000000 0.869742 0.192232 0.192232 0.192232
6351.130859 0.000000 1959.840576 0.000000 0.456429 0.000000 0.889760 0.192196 0.192196 0.192196
6366.530273 0.000000 1943.928833 0.000000 0.282648 0.000000 0.959224 0.190061 0.190061 0.190061
6328.550781 0.000000 2009.812256 0.000000 0.309435 0.000000 0.950921 0.190121 0.190121 0.190121
6369.210449 0.000000 2021.826416 0.000000 0.270166 0.000000 0.962814 0.189151 0.189151 0.189151
6366.530273 0.000000 2000.413208 0.000000 0.067568 0.000000 0.997715 0.187991 0.187991 0.187991
6407.671387 0.000000 1832.356567 0.000000 0.553548 0.000000 0.832817 0.192015 0.192015 0.192015
6463.487305 0.000000 1837.727661 0.000000 0.555150 0.000000 0.831750 0.192888 0.192888 0.192888
6414.007324 0.000000 1838.390259 0.000000 0.576878 0.000000 0.816830 0.192244 0.192244 0.192244
6402.500488 0.000000 1827.244019 0.000000 0.073656 0.000000 0.997284 0.187853 0.187853 0.187853
6433.210449 0.000000 1852.373291 0.000000 0.498667 0.000000 0.866794 0.191360 0.191360 0.191360
6452.365234 0.000000 1846.766235 0.000000 0.509067 0.000000 0.860727 0.191977 0.191977 0.191977
6414.873047 0.000000 1815.547119 0.000000 0.070495 0.000000 0.997512 0.188576 0.188576 0.188576
6409.063965 0.000000 1837.962036 0.000000 0.249922 0.000000 0.968266 0.189304 0.189304 0.189304
6414.220703 0.000000 1824.580933 0.000000 0.501022 0.000000 0.865434 0.191643 0.191643 0.191643
6419.007324 0.000000 1825.578369 0.000000 0.185730 0.000000 0.982601 0.188943 0.188943 0.188943
6410.351562 0.000000 1828.378906 0.000000 0.352609 0.000000 0.935771 0.190179 0.190179 0.190179
6502.893555 0.000000 1826.947388 0.000000 0.530034 0.000000 0.847976 0.192672 0.192672 0.192672
6484.089355 0.000000 1852.316895 0.000000 0.345876 0.000000 0.938280 0.190576 0.190576 0.190576
6515.456055 0.000000 1857.788208 0.000000 0.207196 0.000000 0.978299 0.188778 0.188778 0.188778
6525.248047 0.000000 1853.502075 0.000000 0.020891 0.000000 0.999782 0.187037 0.187037 0.187037
6415.130859 0.000000 1903.356201 0.000000 0.567287 0.000000 0.823520 0.192995 0.192995 0.192995
6404.032715 0.000000 1895.595947 0.000000 0.208747 0.000000 0.977970 0.190320 0.190320 0.190320
6454.816895 0.000000 1865.235107 0.000000 0.522662 0.000000 0.852540 0.191590 0.191590 0.191590
6476.978516 0.000000 1864.720337 0.000000 0.341439 0.000000 0.939904 0.190082 0.190082 0.190082
6471.671387 0.000000 1888.840942 0.000000 0.386544 0.000000 0.922271 0.190622 0.190622 0.190622
6495.758301 0.000000 1894.144043 0.000000 0.431121 0.000000 0.902294 0.191574 0.191574 0.191574
6502.893555 0.000000 1883.431763 0.000000 0.525490 0.000000 0.850800 0.191998 0.191998 0.191998
6505.385742 0.000000 1896.902466 0.000000 0.259070 0.000000 0.965859 0.190198 0.190198 0.190198
6485.668945 0.000000 1873.773315 0.000000 0.122767 0.000000 0.992436 0.187892 0.187892 0.187892
6535.671387 0.000000 1832.356567 0.000000 0.319261 0.000000 0.947667 0.189736 0.189736 0.189736
6578.842773 0.000000 1825.369995 0.000000 0.206597 0.000000 0.978426 0.187753 0.187753 0.187753
6531.505371 0.000000 1850.926147 0.000000 0.069640 0.000000 0.997572 0.187258 0.187258 0.187258
6582.173828 0.000000 1813.684204 0.000000 0.498725 0.000000 0.866760 0.190968 0.190968 0.190968
6581.994141 0.000000 1828.786133 0.000000 0.353072 0.000000 0.935596 0.189126 0.189126 0.189126
6540.978516 0.000000 1864.720337 0.000000 0.192310 0.000000 0.981334 0.188825 0.188825 0.188825
6458.544434 0.000000 1960.891846 0.000000 0.088781 0.000000 0.996051 0.188346 0.188346 0.188346
6431.758301 0.000000 1950.628418 0.000000 0.050475 0.000000 0.998725 0.188993 0.188993 0.188993
6414.007324 0.000000 1951.359009 0.000000 0.270731 0.000000 0.962655 0.190936 0.190936 0.190936
6471.671387 0.000000 1945.325317 0.000000 0.025824 0.000000 0.999667 0.188814 0.188814 0.188814
6490.074219 0.000000 1950.985229 0.000000 0.459343 0.000000 0.888259 0.191127 0.191127 0.191127
6445.516602 0.000000 1991.686401 0.000000 0.229969 0.000000 0.973198 0.189305 0.189305 0.189305
6438.893555 0.000000 1996.400513 0.000000 0.365571 0.000000 0.930783 0.190590 0.190590 0.190590
6279.671387 0.000000 2058.293945 0.000000 0.286031 0.000000 0.958220 0.191527 0.191527 0.191527
6303.453613 0.000000 2050.167725 0.000000 0.368342 0.000000 0.929690 0.191955 0.191955 0.191955
6385.519043 0.000000 2039.767090 0.000000 0.147372 0.000000 0.989081 0.189165 0.189165 0.189165
6300.793945 0.000000 2092.763672 0.000000 0.088195 0.000000 0.996103 0.188712 0.188712 0.188712
6283.929688 0.000000 2101.927734 0.000000 0.399447 0.000000 0.916756 0.190734 0.190734 0.190734
6374.230957 0.000000 2128.450928 0.000000 0.450744 0.000000 0.892653 0.192564 0.192564 0.192564
6391.107910 0.000000 2191.607666 0.000000 0.345313 0.000000 0.938488 0.190420 0.190420 0.190420
6471.979980 0.000000 2132.057129 0.000000 0.063468 0.000000 0.997984 0.189275 0.189275 0.189275
6537.203613 0.000000 2125.622559 0.000000 0.280764 0.000000 0.959777 0.188922 0.188922 0.188922
6478.007324 0.000000 2177.296387 0.000000 0.259509 0.000000 0.965741 0.190201 0.190201 0.190201
6471.671387 0.000000 2227.747070 0.000000 0.047533 0.000000 0.998870 0.189922 0.189922 0.189922
6550.937012 0.000000 2160.833496 0.000000 0.236103 0.000000 0.971728 0.188690 0.188690 0.188690
6637.516602 0.000000 2161.139648 0.000000 0.503779 0.000000 0.863833 0.192190 0.192190 0.192190
6632.763184 0.000000 2218.012695 0.000000 0.320900 0.000000 0.947113 0.189906 0.189906 0.189906
6714.807129 0.000000 2040.092041 0.000000 0.214962 0.000000 0.976622 0.187830 0.187830 0.187830
6678.478027 0.000000 2068.330811 0.000000 0.363623 0.000000 0.931546 0.190873 0.190873 0.190873
6691.765137 0.000000 2059.284668 0.000000 0.199195 0.000000 0.979960 0.188882 0.188882 0.188882
6701.434082 0.000000 2063.166748 0.000000 0.517336 0.000000 0.855783 0.191410 0.191410 0.191410
6863.130859 0.000000 2072.809326 0.000000 0.160337 0.000000 0.987062 0.190321 0.190321 0.190321
6857.400879 0.000000 2049.556641 0.000000 0.554192 0.000000 0.832389 0.191775 0.191775 0.191775
6714.544434 0.000000 2243.313721 0.000000 0.139050 0.000000 0.990285 0.189995 0.189995 0.189995
6804.089355 0.000000 2191.223145 0.000000 0.409622 0.000000 0.912255 0.190536 0.190536 0.190536
6849.017578 0.000000 2173.099365 0.000000 0.337263 0.000000 0.941410 0.189893 0.189893 0.189893
6674.127930 0.000000 2442.104248 0.000000 0.440802 0.000000 0.897604 0.194405 0.194405 0.194405
6679.890625 0.000000 2447.885742 0.000000 0.535927 0.000000 0.844264 0.197421 0.197421 0.197421
6877.530273 0.000000 2456.120605 0.000000 0.527908 0.000000 0.849302 0.199172 0.199172 0.199172
7078.535645 0.000000 2288.883057 0.000000 0.416817 0.000000 0.908990 0.190479 0.190479 0.190479
7085.311035 0.000000 2293.724854 0.000000 0.492170 0.000000 0.870499 0.191310 0.191310 0.191310
7123.771973 0.000000 2338.484863 0.000000 0.535196 0.000000 0.844728 0.192741 0.192741 0.192741
7121.260254 0.000000 2342.316406 0.000000 0.242613 0.000000 0.970123 0.188664 0.188664 0.188664
7034.807129 0.000000 2378.998291 0.000000 0.522328 0.000000 0.852745 0.192989 0.192989 0.192989
6860.083496 0.000000 2530.826416 0.000000 0.256576 0.000000 0.966524 0.214496 0.214496 0.214496
6862.604980 0.000000 2532.889404 0.000000 0.361982 0.000000 0.932185 0.216255 0.216255 0.216255
6879.328613 0.000000 2535.634277 0.000000 0.244932 0.000000 0.969540 0.211818 0.211818 0.211818
6822.686523 0.000000 2542.102539 0.000000 0.377434 0.000000 0.926037 0.201707 0.201707 0.201707
6937.505859 0.000000 2539.084229 0.000000 0.052299 0.000000 0.998631 0.186542 0.186542 0.186542
6973.524414 0.000000 2502.382324 0.000000 0.521356 0.000000 0.853339 0.199085 0.199085 0.199085
6928.939453 0.000000 2501.241211 0.000000 0.434717 0.000000 0.900567 0.201579 0.201579 0.201579
7005.237305 0.000000 2518.834717 0.000000 0.503342 0.000000 0.864087 0.200686 0.200686 0.200686
7021.311035 0.000000 2519.662354 0.000000 0.428612 0.000000 0.903489 0.198796 0.198796 0.198796
6995.991699 0.000000 2518.540039 0.000000 0.218066 0.000000 0.975934 0.197089 0.197089 0.197089
7198.236816 0.000000 2368.389160 0.000000 0.587049 0.000000 0.809551 0.191050 0.191050 0.191050
7183.831543 0.000000 2320.031250 0.000000 0.544880 0.000000 0.838514 0.194733 0.194733 0.194733
7293.292480 0.000000 2384.902832 0.000000 0.240293 0.000000 0.970701 0.194761 0.194761 0.194761
7290.028320 0.000000 2385.442383 0.000000 0.399832 0.000000 0.916589 0.196636 0.196636 0.196636
"}
object={
	name="rainforest_generator_2_1"
	clamp_to_water_level=no
	render_under_water=no
	generated_content=yes
	layer="semidynamic_medium"
	pdxmesh="tree_rainforest_002_mesh"
	count=139
	transform="134.724258 0.000000 1219.679321 0.000000 0.885133 0.000000 0.465338 0.218475 0.218475 0.218475
188.013062 0.000000 1201.036621 0.000000 0.906498 0.000000 0.422211 0.309286 0.309286 0.309286
145.436584 0.000000 1210.040894 0.000000 0.817677 0.000000 0.575677 0.222609 0.222609 0.222609
151.935638 0.000000 1223.227051 0.000000 0.708321 0.000000 0.705890 0.302733 0.302733 0.302733
159.005478 0.000000 1221.076538 0.000000 0.852125 0.000000 0.523338 0.301119 0.301119 0.301119
178.709778 0.000000 1200.261719 0.000000 0.784768 0.000000 0.619790 0.265615 0.265615 0.265615
178.132309 0.000000 1205.593018 0.000000 0.879624 0.000000 0.475670 0.282916 0.282916 0.282916
189.240158 0.000000 1200.203125 0.000000 0.806980 0.000000 0.590579 0.301751 0.301751 0.301751
146.172470 0.000000 1211.319214 0.000000 0.862028 0.000000 0.506861 0.311245 0.311245 0.311245
142.835587 0.000000 1215.812500 0.000000 0.900947 0.000000 0.433929 0.318453 0.318453 0.318453
153.036407 0.000000 1211.106812 0.000000 0.720168 0.000000 0.693799 0.346210 0.346210 0.346210
147.693665 0.000000 1215.507568 0.000000 0.735850 0.000000 0.677145 0.321413 0.321413 0.321413
159.786453 0.000000 1219.893311 0.000000 0.806226 0.000000 0.591607 0.357960 0.357960 0.357960
156.046219 0.000000 1219.485962 0.000000 0.830991 0.000000 0.556285 0.356849 0.356849 0.356849
186.833588 0.000000 1205.581055 0.000000 0.822999 0.000000 0.568043 0.353848 0.353848 0.353848
188.159882 0.000000 1203.808105 0.000000 0.609364 0.000000 0.792891 0.330058 0.330058 0.330058
186.830078 0.000000 1204.426147 0.000000 0.882165 0.000000 0.470941 0.362539 0.362539 0.362539
184.792282 0.000000 1204.441406 0.000000 0.898178 0.000000 0.439633 0.365226 0.365226 0.365226
141.138763 0.000000 1217.710205 0.000000 0.888849 0.000000 0.458199 0.363639 0.363639 0.363639
213.272583 0.000000 1194.541382 0.000000 0.641166 0.000000 0.767402 0.299797 0.299797 0.299797
214.733231 0.000000 1194.942993 0.000000 0.921980 0.000000 0.387238 0.327455 0.327455 0.327455
236.737030 0.000000 1188.993896 0.000000 0.874264 0.000000 0.485451 0.361277 0.361277 0.361277
210.778961 0.000000 1193.191162 0.000000 0.721241 0.000000 0.692684 0.341543 0.341543 0.341543
642.552795 0.000000 1129.279297 0.000000 0.943561 0.000000 0.331198 0.223659 0.223659 0.223659
689.324829 0.000000 1108.800415 0.000000 0.705741 0.000000 0.708470 0.322602 0.322602 0.322602
446.419189 0.000000 2019.100464 0.000000 0.950347 0.000000 0.311193 0.236568 0.236568 0.236568
492.051788 0.000000 2009.047485 0.000000 0.810897 0.000000 0.585189 0.288250 0.288250 0.288250
495.436127 0.000000 2011.674438 0.000000 0.703888 0.000000 0.710311 0.264162 0.264162 0.264162
549.098633 0.000000 1963.339722 0.000000 0.852061 0.000000 0.523442 0.215533 0.215533 0.215533
546.111389 0.000000 1952.083984 0.000000 0.632717 0.000000 0.774383 0.222169 0.222169 0.222169
6391.638184 0.000000 1653.790283 0.000000 0.917822 0.000000 0.396992 0.196433 0.196433 0.196433
6366.236816 0.000000 1690.576782 0.000000 0.638253 0.000000 0.769826 0.193310 0.193310 0.193310
6430.060547 0.000000 1629.717407 0.000000 0.798369 0.000000 0.602169 0.194434 0.194434 0.194434
6406.330566 0.000000 1650.143677 0.000000 0.936025 0.000000 0.351934 0.196858 0.196858 0.196858
6505.385742 0.000000 1727.449341 0.000000 0.665170 0.000000 0.746692 0.193475 0.193475 0.193475
6505.563477 0.000000 1777.506592 0.000000 0.817514 0.000000 0.575909 0.195250 0.195250 0.195250
6502.893555 0.000000 1770.463013 0.000000 0.646053 0.000000 0.763293 0.193171 0.193171 0.193171
6525.292480 0.000000 1763.574585 0.000000 0.720974 0.000000 0.692962 0.193501 0.193501 0.193501
6522.511719 0.000000 1771.525635 0.000000 0.894458 0.000000 0.447151 0.196123 0.196123 0.196123
6548.968750 0.000000 1803.140747 0.000000 0.793338 0.000000 0.608781 0.194363 0.194363 0.194363
6535.979980 0.000000 1793.150879 0.000000 0.787239 0.000000 0.616648 0.194526 0.194526 0.194526
6569.260742 0.000000 1795.237793 0.000000 0.889773 0.000000 0.456404 0.195800 0.195800 0.195800
6542.953125 0.000000 1804.987305 0.000000 0.768509 0.000000 0.639839 0.194107 0.194107 0.194107
6555.932617 0.000000 1771.285278 0.000000 0.904654 0.000000 0.426148 0.195988 0.195988 0.195988
6351.130859 0.000000 1846.871826 0.000000 0.808748 0.000000 0.588155 0.195605 0.195605 0.195605
6399.487305 0.000000 1837.727661 0.000000 0.811907 0.000000 0.583787 0.195098 0.195098 0.195098
6344.407715 0.000000 1815.312378 0.000000 0.751339 0.000000 0.659916 0.194962 0.194962 0.194962
6358.478027 0.000000 1842.393311 0.000000 0.901784 0.000000 0.432187 0.196709 0.196709 0.196709
6313.260742 0.000000 1908.206543 0.000000 0.645191 0.000000 0.764021 0.193488 0.193488 0.193488
6350.953125 0.000000 1917.956055 0.000000 0.631203 0.000000 0.775617 0.193019 0.193019 0.193019
6245.982422 0.000000 1970.730591 0.000000 0.878097 0.000000 0.478483 0.196325 0.196325 0.196325
6256.205566 0.000000 2033.411865 0.000000 0.928369 0.000000 0.371659 0.197243 0.197243 0.197243
6248.832520 0.000000 1980.454224 0.000000 0.917566 0.000000 0.397583 0.197142 0.197142 0.197142
6274.500488 0.000000 1940.212769 0.000000 0.777079 0.000000 0.629403 0.194731 0.194731 0.194731
6303.826172 0.000000 1928.591187 0.000000 0.814168 0.000000 0.580629 0.195283 0.195283 0.195283
6281.641113 0.000000 1973.656616 0.000000 0.922506 0.000000 0.385983 0.196933 0.196933 0.196933
6377.563477 0.000000 1946.959717 0.000000 0.751107 0.000000 0.660180 0.194690 0.194690 0.194690
6376.832520 0.000000 1923.969849 0.000000 0.883152 0.000000 0.469086 0.196282 0.196282 0.196282
6367.758301 0.000000 1950.628418 0.000000 0.936402 0.000000 0.350929 0.197270 0.197270 0.197270
6384.541992 0.000000 1943.053955 0.000000 0.618565 0.000000 0.785734 0.193456 0.193456 0.193456
6371.765137 0.000000 1946.316040 0.000000 0.765637 0.000000 0.643273 0.194767 0.194767 0.194767
6303.826172 0.000000 1985.075562 0.000000 0.677488 0.000000 0.735534 0.193810 0.193810 0.193810
6337.318848 0.000000 2015.841553 0.000000 0.925216 0.000000 0.379440 0.196891 0.196891 0.196891
6458.544434 0.000000 1847.923096 0.000000 0.855512 0.000000 0.517782 0.195856 0.195856 0.195856
6428.793945 0.000000 1810.341797 0.000000 0.939596 0.000000 0.342284 0.197427 0.197427 0.197427
6463.958008 0.000000 1828.399048 0.000000 0.744358 0.000000 0.667781 0.194797 0.194797 0.194797
6409.400879 0.000000 1823.619141 0.000000 0.821965 0.000000 0.569538 0.195159 0.195159 0.195159
6415.272949 0.000000 1829.418579 0.000000 0.870821 0.000000 0.491600 0.195830 0.195830 0.195830
6444.760254 0.000000 1846.005127 0.000000 0.788579 0.000000 0.614934 0.194792 0.194792 0.194792
6401.017578 0.000000 1834.193115 0.000000 0.683833 0.000000 0.729639 0.193467 0.193467 0.193467
6465.451172 0.000000 1819.675659 0.000000 0.881846 0.000000 0.471538 0.196629 0.196629 0.196629
6495.758301 0.000000 1837.659668 0.000000 0.639038 0.000000 0.769175 0.193537 0.193537 0.193537
6525.512207 0.000000 1807.526123 0.000000 0.695273 0.000000 0.718746 0.193693 0.193693 0.193693
6494.530273 0.000000 1830.960083 0.000000 0.645379 0.000000 0.763863 0.193706 0.193706 0.193706
6496.032227 0.000000 1844.437866 0.000000 0.696448 0.000000 0.717607 0.193906 0.193906 0.193906
6470.215332 0.000000 1856.437622 0.000000 0.600054 0.000000 0.799960 0.192708 0.192708 0.192708
6527.586426 0.000000 1860.934570 0.000000 0.817845 0.000000 0.575439 0.194949 0.194949 0.194949
6426.979980 0.000000 1905.817139 0.000000 0.892499 0.000000 0.451050 0.196729 0.196729 0.196729
6463.487305 0.000000 1894.212036 0.000000 0.790196 0.000000 0.612855 0.194977 0.194977 0.194977
6414.007324 0.000000 1894.874634 0.000000 0.863068 0.000000 0.505088 0.196034 0.196034 0.196034
6422.478027 0.000000 1898.877686 0.000000 0.643239 0.000000 0.765666 0.193686 0.193686 0.193686
6430.530273 0.000000 1887.444458 0.000000 0.790512 0.000000 0.612447 0.195063 0.195063 0.195063
6512.205566 0.000000 1920.443115 0.000000 0.874077 0.000000 0.485788 0.196454 0.196454 0.196454
6471.914551 0.000000 1865.821289 0.000000 0.858070 0.000000 0.513533 0.195624 0.195624 0.195624
6537.400879 0.000000 1823.619141 0.000000 0.772304 0.000000 0.635253 0.194329 0.194329 0.194329
6528.254883 0.000000 1854.640869 0.000000 0.766543 0.000000 0.642193 0.194168 0.194168 0.194168
6551.491699 0.000000 1808.131470 0.000000 0.864746 0.000000 0.502210 0.195403 0.195403 0.195403
6554.122559 0.000000 1874.792725 0.000000 0.901161 0.000000 0.433485 0.196474 0.196474 0.196474
6420.089355 0.000000 2021.770020 0.000000 0.597912 0.000000 0.801562 0.193268 0.193268 0.193268
6461.512207 0.000000 1976.979248 0.000000 0.605813 0.000000 0.795607 0.192420 0.192420 0.192420
6330.544434 0.000000 2073.860596 0.000000 0.662841 0.000000 0.748760 0.194190 0.194190 0.194190
6293.705078 0.000000 2060.305176 0.000000 0.627251 0.000000 0.778817 0.193871 0.193871 0.193871
6287.130859 0.000000 2072.809326 0.000000 0.601804 0.000000 0.798644 0.193418 0.193418 0.193418
6309.982422 0.000000 2083.699219 0.000000 0.712705 0.000000 0.701464 0.194274 0.194274 0.194274
6354.127930 0.000000 2046.713501 0.000000 0.762906 0.000000 0.646509 0.194647 0.194647 0.194647
6449.519043 0.000000 2039.767090 0.000000 0.702419 0.000000 0.711764 0.194464 0.194464 0.194464
6504.832520 0.000000 2036.938599 0.000000 0.790463 0.000000 0.612510 0.195556 0.195556 0.195556
6494.236816 0.000000 2142.451660 0.000000 0.701508 0.000000 0.712662 0.193662 0.193662 0.193662
6468.032715 0.000000 2121.533447 0.000000 0.945669 0.000000 0.325131 0.197602 0.197602 0.197602
6495.826172 0.000000 2098.044189 0.000000 0.798124 0.000000 0.602494 0.195157 0.195157 0.195157
6504.763184 0.000000 2105.043945 0.000000 0.945578 0.000000 0.325395 0.197228 0.197228 0.197228
6487.890625 0.000000 2165.463867 0.000000 0.717122 0.000000 0.696947 0.193936 0.193936 0.193936
6630.230957 0.000000 2241.419678 0.000000 0.626184 0.000000 0.779675 0.192410 0.192410 0.192410
6600.407715 0.000000 2210.702881 0.000000 0.916006 0.000000 0.401165 0.196393 0.196393 0.196393
6629.432617 0.000000 2213.917725 0.000000 0.865877 0.000000 0.500257 0.195815 0.195815 0.195815
6627.765137 0.000000 2228.737793 0.000000 0.710646 0.000000 0.703549 0.193376 0.193376 0.193376
6637.434082 0.000000 2232.619873 0.000000 0.759101 0.000000 0.650973 0.194071 0.194071 0.194071
6592.514160 0.000000 2218.971436 0.000000 0.823471 0.000000 0.567358 0.194653 0.194653 0.194653
6840.550781 0.000000 1896.843506 0.000000 0.649626 0.000000 0.760254 0.193531 0.193531 0.193531
6700.083496 0.000000 2053.498535 0.000000 0.764725 0.000000 0.644357 0.194057 0.194057 0.194057
6724.032715 0.000000 2065.049072 0.000000 0.797817 0.000000 0.602900 0.194103 0.194103 0.194103
6747.932617 0.000000 2053.707031 0.000000 0.865465 0.000000 0.500969 0.195503 0.195503 0.195503
6854.215332 0.000000 2082.375244 0.000000 0.718036 0.000000 0.696005 0.200967 0.200967 0.200967
6667.959473 0.000000 2420.834717 0.000000 0.931545 0.000000 0.363626 0.196469 0.196469 0.196469
6664.407715 0.000000 2380.156006 0.000000 0.880807 0.000000 0.473476 0.195813 0.195813 0.195813
6657.451172 0.000000 2441.003662 0.000000 0.714146 0.000000 0.699997 0.196027 0.196027 0.196027
6677.668945 0.000000 2438.616943 0.000000 0.887571 0.000000 0.460671 0.196056 0.196056 0.196056
6661.119141 0.000000 2445.262451 0.000000 0.810019 0.000000 0.586404 0.198547 0.198547 0.198547
6881.099609 0.000000 2462.777832 0.000000 0.656283 0.000000 0.754515 0.207645 0.207645 0.207645
7080.763184 0.000000 2274.497070 0.000000 0.626167 0.000000 0.779689 0.194817 0.194817 0.194817
7133.392090 0.000000 2304.048340 0.000000 0.862289 0.000000 0.506417 0.201581 0.201581 0.201581
7149.375000 0.000000 2340.781006 0.000000 0.596701 0.000000 0.802464 0.195387 0.195387 0.195387
6997.208496 0.000000 2468.707275 0.000000 0.919858 0.000000 0.392252 0.196226 0.196226 0.196226
6995.007324 0.000000 2446.906494 0.000000 0.606471 0.000000 0.795105 0.191968 0.191968 0.191968
7009.947754 0.000000 2478.301758 0.000000 0.646424 0.000000 0.762978 0.192195 0.192195 0.192195
7017.322754 0.000000 2477.103760 0.000000 0.841381 0.000000 0.540443 0.194655 0.194655 0.194655
6807.836426 0.000000 2535.925293 0.000000 0.910340 0.000000 0.413861 0.223391 0.223391 0.223391
6904.639160 0.000000 2490.284912 0.000000 0.631503 0.000000 0.775374 0.206292 0.206292 0.206292
6875.678223 0.000000 2546.811035 0.000000 0.870063 0.000000 0.492940 0.227119 0.227119 0.227119
6932.968750 0.000000 2537.437500 0.000000 0.635287 0.000000 0.772277 0.203516 0.203516 0.203516
6968.065918 0.000000 2510.675049 0.000000 0.761537 0.000000 0.648122 0.193575 0.193575 0.193575
6939.635742 0.000000 2508.362793 0.000000 0.910992 0.000000 0.412424 0.211025 0.211025 0.211025
7004.793945 0.000000 2488.154297 0.000000 0.892730 0.000000 0.450593 0.199162 0.199162 0.199162
6999.890625 0.000000 2504.370117 0.000000 0.928124 0.000000 0.372271 0.196884 0.196884 0.196884
6980.957520 0.000000 2525.159668 0.000000 0.739521 0.000000 0.673134 0.206203 0.206203 0.206203
6936.795410 0.000000 2569.708984 0.000000 0.807651 0.000000 0.589660 0.222347 0.222347 0.222347
7043.505371 0.000000 2528.738770 0.000000 0.694554 0.000000 0.719440 0.200598 0.200598 0.200598
7217.272949 0.000000 2349.484375 0.000000 0.933048 0.000000 0.359753 0.199121 0.199121 0.199121
7206.535645 0.000000 2345.367432 0.000000 0.737591 0.000000 0.675248 0.195389 0.195389 0.195389
"}
object={
	name="rainforest_generator_2_2"
	clamp_to_water_level=no
	render_under_water=no
	generated_content=yes
	layer="semidynamic_medium"
	pdxmesh="tree_rainforest_003_mesh"
	count=127
	transform="137.063751 0.000000 1216.633911 0.000000 0.989435 0.000000 -0.144980 0.230689 0.230689 0.230689
153.680984 0.000000 1219.949341 0.000000 0.988870 0.000000 0.148784 0.323517 0.323517 0.323517
161.448898 0.000000 1209.468628 0.000000 0.987236 0.000000 0.159265 0.270591 0.270591 0.270591
144.244339 0.000000 1215.369751 0.000000 0.958312 0.000000 -0.285724 0.280410 0.280410 0.280410
156.947968 0.000000 1216.243652 0.000000 0.999574 0.000000 0.029185 0.307152 0.307152 0.307152
187.502258 0.000000 1198.169189 0.000000 0.993422 0.000000 0.114509 0.276054 0.276054 0.276054
161.478546 0.000000 1216.193359 0.000000 0.952847 0.000000 -0.303452 0.314732 0.314732 0.314732
163.500244 0.000000 1213.756470 0.000000 0.997368 0.000000 -0.072510 0.383909 0.383909 0.383909
155.558884 0.000000 1222.061157 0.000000 0.999822 0.000000 0.018846 0.372095 0.372095 0.372095
157.684845 0.000000 1220.926514 0.000000 0.963370 0.000000 -0.268175 0.419860 0.419860 0.419860
149.500031 0.000000 1216.355591 0.000000 0.994605 0.000000 0.103738 0.392061 0.392061 0.392061
183.381226 0.000000 1200.198730 0.000000 0.967439 0.000000 -0.253104 0.419548 0.419548 0.419548
197.119217 0.000000 1202.606079 0.000000 0.999382 0.000000 0.035148 0.249197 0.249197 0.249197
210.190613 0.000000 1195.694092 0.000000 0.996298 0.000000 -0.085961 0.262902 0.262902 0.262902
213.555710 0.000000 1190.256958 0.000000 0.998848 0.000000 -0.047983 0.348366 0.348366 0.348366
197.924332 0.000000 1201.811279 0.000000 0.997051 0.000000 -0.076743 0.405869 0.405869 0.405869
691.759033 0.000000 1104.567993 0.000000 0.995602 0.000000 -0.093687 0.325052 0.325052 0.325052
694.158875 0.000000 1105.262939 0.000000 0.990860 0.000000 -0.134891 0.290565 0.290565 0.290565
690.395020 0.000000 1103.219727 0.000000 0.986382 0.000000 -0.164473 0.360694 0.360694 0.360694
644.948608 0.000000 1129.802612 0.000000 0.999175 0.000000 -0.040624 0.292484 0.292484 0.292484
649.795410 0.000000 1129.711914 0.000000 0.998461 0.000000 0.055461 0.221111 0.221111 0.221111
541.392151 0.000000 1965.142212 0.000000 0.982634 0.000000 0.185556 0.250638 0.250638 0.250638
546.857544 0.000000 1949.597656 0.000000 0.984935 0.000000 0.172925 0.231456 0.231456 0.231456
557.537659 0.000000 1960.858398 0.000000 0.998341 0.000000 0.057575 0.295179 0.295179 0.295179
546.177551 0.000000 1947.401855 0.000000 0.997440 0.000000 -0.071503 0.272844 0.272844 0.272844
7411.634277 0.000000 494.602875 0.000000 0.986931 0.000000 -0.161142 0.209021 0.209021 0.209021
7441.722656 0.000000 504.052338 0.000000 0.965088 0.000000 -0.261927 0.219501 0.219501 0.219501
6385.519043 0.000000 1644.376465 0.000000 0.976121 0.000000 0.217227 0.198497 0.198497 0.198497
6376.832520 0.000000 1698.032349 0.000000 0.995243 0.000000 0.097421 0.199245 0.199245 0.199245
6410.351562 0.000000 1658.925781 0.000000 0.973769 0.000000 -0.227540 0.202092 0.202092 0.202092
6512.205566 0.000000 1750.989990 0.000000 0.999633 0.000000 -0.027097 0.200217 0.200217 0.200217
6404.458496 0.000000 1805.481567 0.000000 0.995975 0.000000 -0.089637 0.200672 0.200672 0.200672
6465.318848 0.000000 1789.904053 0.000000 0.980801 0.000000 -0.195012 0.201299 0.201299 0.201299
6513.272949 0.000000 1784.640503 0.000000 0.999986 0.000000 -0.005275 0.200041 0.200041 0.200041
6554.979980 0.000000 1792.848389 0.000000 0.995633 0.000000 0.093355 0.199171 0.199171 0.199171
6572.760254 0.000000 1789.520752 0.000000 0.994647 0.000000 0.103335 0.199095 0.199095 0.199095
6544.971680 0.000000 1800.192627 0.000000 0.974101 0.000000 -0.226114 0.201936 0.201936 0.201936
6340.458496 0.000000 1861.965942 0.000000 0.970985 0.000000 0.239140 0.198372 0.198372 0.198372
6350.007324 0.000000 1838.390259 0.000000 0.993486 0.000000 0.113951 0.199187 0.199187 0.199187
6356.089355 0.000000 1852.316895 0.000000 0.952966 0.000000 -0.303079 0.202229 0.202229 0.202229
6283.959473 0.000000 1912.475220 0.000000 0.975866 0.000000 0.218372 0.198489 0.198489 0.198489
6373.982422 0.000000 1914.246216 0.000000 0.991828 0.000000 0.127585 0.199042 0.199042 0.199042
6347.959473 0.000000 1912.475220 0.000000 0.990972 0.000000 -0.134071 0.201041 0.201041 0.201041
6266.368164 0.000000 1972.394653 0.000000 0.955514 0.000000 0.294945 0.197758 0.197758 0.197758
6257.272949 0.000000 2010.578003 0.000000 0.969254 0.000000 -0.246062 0.201676 0.201676 0.201676
6283.959473 0.000000 1968.959595 0.000000 0.992956 0.000000 -0.118485 0.200934 0.200934 0.200934
6278.215332 0.000000 1969.406372 0.000000 0.963452 0.000000 0.267881 0.197901 0.197901 0.197901
6394.368164 0.000000 1972.394653 0.000000 0.981834 0.000000 0.189743 0.198713 0.198713 0.198713
6399.487305 0.000000 1950.696411 0.000000 0.997227 0.000000 -0.074423 0.200511 0.200511 0.200511
6273.318848 0.000000 2015.841553 0.000000 0.995311 0.000000 0.096724 0.199299 0.199299 0.199299
6354.127930 0.000000 1990.229126 0.000000 0.957986 0.000000 -0.286816 0.202251 0.202251 0.202251
6361.505859 0.000000 2030.724854 0.000000 0.999164 0.000000 -0.040879 0.200337 0.200337 0.200337
6440.832520 0.000000 1811.001099 0.000000 0.998276 0.000000 -0.058694 0.200440 0.200440 0.200440
6435.765137 0.000000 1833.347290 0.000000 0.975576 0.000000 0.219663 0.198258 0.198258 0.198258
6412.552734 0.000000 1833.694092 0.000000 0.964454 0.000000 0.264251 0.197797 0.197797 0.197797
6512.205566 0.000000 1863.958740 0.000000 0.984818 0.000000 0.173593 0.198563 0.198563 0.198563
6468.458496 0.000000 1861.965942 0.000000 0.995176 0.000000 0.098103 0.199215 0.199215 0.199215
6501.982422 0.000000 1857.761841 0.000000 0.988810 0.000000 0.149183 0.198804 0.198804 0.198804
6527.487305 0.000000 1837.727661 0.000000 0.965235 0.000000 -0.261385 0.202146 0.202146 0.202146
6518.816895 0.000000 1808.750732 0.000000 0.954476 0.000000 0.298286 0.197694 0.197694 0.197694
6489.621582 0.000000 1855.374878 0.000000 0.994369 0.000000 -0.105975 0.200822 0.200822 0.200822
6461.212891 0.000000 1889.376099 0.000000 0.988968 0.000000 0.148129 0.198849 0.198849 0.198849
6436.045898 0.000000 1869.259277 0.000000 0.999950 0.000000 0.010001 0.199919 0.199919 0.199919
6496.032227 0.000000 1900.922241 0.000000 0.962015 0.000000 0.272998 0.197895 0.197895 0.197895
6490.074219 0.000000 1894.500854 0.000000 0.995238 0.000000 0.097475 0.199232 0.199232 0.199232
6464.098633 0.000000 1870.933350 0.000000 0.997127 0.000000 0.075748 0.199375 0.199375 0.199375
6483.771973 0.000000 1886.609863 0.000000 0.975231 0.000000 0.221189 0.198163 0.198163 0.198163
6559.758301 0.000000 1837.659668 0.000000 0.999217 0.000000 -0.039560 0.200341 0.200341 0.200341
6532.763672 0.000000 1843.692261 0.000000 0.994960 0.000000 0.100269 0.199160 0.199160 0.199160
6408.407715 0.000000 1928.281128 0.000000 0.998806 0.000000 -0.048859 0.200348 0.200348 0.200348
6490.979980 0.000000 2018.785889 0.000000 0.992766 0.000000 -0.120069 0.200856 0.200856 0.200856
6519.638184 0.000000 1992.696533 0.000000 0.999773 0.000000 0.021326 0.199851 0.199851 0.199851
6472.407715 0.000000 1984.765503 0.000000 0.963323 0.000000 -0.268346 0.201933 0.201933 0.201933
6294.478027 0.000000 2068.330811 0.000000 0.963730 0.000000 0.266878 0.198078 0.198078 0.198078
6284.978516 0.000000 2090.657959 0.000000 0.981723 0.000000 -0.190316 0.201458 0.201458 0.201458
6330.807129 0.000000 2096.576416 0.000000 0.959848 0.000000 0.280522 0.198048 0.198048 0.198048
6303.453613 0.000000 2106.652100 0.000000 0.983037 0.000000 -0.183406 0.201404 0.201404 0.201404
6305.210449 0.000000 2134.795166 0.000000 0.995248 0.000000 0.097376 0.199294 0.199294 0.199294
6286.873047 0.000000 2097.968994 0.000000 0.956818 0.000000 -0.290689 0.202320 0.202320 0.202320
6295.491699 0.000000 2090.553467 0.000000 0.972705 0.000000 -0.232046 0.201812 0.201812 0.201812
6385.519043 0.000000 2152.735840 0.000000 0.956215 0.000000 0.292665 0.197887 0.197887 0.197887
6412.978516 0.000000 2034.173462 0.000000 0.989957 0.000000 0.141366 0.199008 0.199008 0.199008
6495.758301 0.000000 2063.597168 0.000000 0.998396 0.000000 0.056620 0.199590 0.199590 0.199590
6512.541992 0.000000 2112.507080 0.000000 0.966018 0.000000 0.258473 0.197748 0.197748 0.197748
6525.512207 0.000000 2146.432373 0.000000 0.965349 0.000000 -0.260964 0.201911 0.201911 0.201911
6545.256836 0.000000 2181.121094 0.000000 0.998147 0.000000 -0.060845 0.200532 0.200532 0.200532
6641.272949 0.000000 2180.031250 0.000000 0.961023 0.000000 0.276467 0.197972 0.197972 0.197972
6623.758301 0.000000 2176.565918 0.000000 0.996082 0.000000 0.088430 0.199304 0.199304 0.199304
6612.089355 0.000000 2191.223145 0.000000 0.989626 0.000000 -0.143670 0.201188 0.201188 0.201188
6591.958008 0.000000 2223.789551 0.000000 0.957371 0.000000 0.288862 0.197439 0.197439 0.197439
6618.122559 0.000000 2213.698975 0.000000 0.957301 0.000000 -0.289093 0.202416 0.202416 0.202416
6848.254883 0.000000 1911.125244 0.000000 0.960712 0.000000 -0.277547 0.202247 0.202247 0.202247
6846.270020 0.000000 1924.900146 0.000000 0.982226 0.000000 0.187700 0.198374 0.198374 0.198374
6705.272949 0.000000 2067.062500 0.000000 0.965364 0.000000 -0.260908 0.202241 0.202241 0.202241
6735.272949 0.000000 2055.355957 0.000000 0.953600 0.000000 -0.301077 0.202901 0.202901 0.202901
6742.478027 0.000000 2068.330811 0.000000 0.999618 0.000000 -0.027639 0.200252 0.200252 0.200252
6727.979980 0.000000 2075.572754 0.000000 0.999916 0.000000 0.012970 0.199883 0.199883 0.199883
6746.709961 0.000000 2070.477539 0.000000 0.978230 0.000000 0.207524 0.198121 0.198121 0.198121
6749.237305 0.000000 2066.959717 0.000000 0.987063 0.000000 0.160333 0.198533 0.198533 0.198533
6847.487305 0.000000 2063.665283 0.000000 0.999995 0.000000 -0.003187 0.200022 0.200022 0.200022
6862.953125 0.000000 2087.409180 0.000000 0.960826 0.000000 0.277151 0.207469 0.207469 0.207469
6854.330566 0.000000 2045.534302 0.000000 0.999740 0.000000 0.022782 0.215967 0.215967 0.215967
6665.400879 0.000000 2219.009766 0.000000 0.956545 0.000000 0.291584 0.197784 0.197784 0.197784
6679.890625 0.000000 2221.948242 0.000000 0.972889 0.000000 -0.231272 0.201661 0.201661 0.201661
6879.826172 0.000000 2211.012939 0.000000 0.980058 0.000000 0.198712 0.198502 0.198502 0.198502
6676.968750 0.000000 2424.468750 0.000000 0.984283 0.000000 0.176598 0.198781 0.198781 0.198781
6662.215332 0.000000 2421.281494 0.000000 0.964408 0.000000 -0.264420 0.202539 0.202539 0.202539
7081.385742 0.000000 2292.293213 0.000000 0.986149 0.000000 0.165859 0.198954 0.198954 0.198954
7123.007324 0.000000 2333.937744 0.000000 0.995541 0.000000 -0.094333 0.203746 0.203746 0.203746
7009.210449 0.000000 2417.217041 0.000000 0.998629 0.000000 -0.052338 0.200405 0.200405 0.200405
6990.875488 0.000000 2417.105713 0.000000 0.999712 0.000000 -0.023981 0.200192 0.200192 0.200192
6967.107910 0.000000 2474.029541 0.000000 0.982747 0.000000 -0.184954 0.205816 0.205816 0.205816
6985.203613 0.000000 2464.528809 0.000000 0.999371 0.000000 0.035458 0.199668 0.199668 0.199668
6805.502930 0.000000 2533.631592 0.000000 0.958884 0.000000 0.283797 0.213775 0.213775 0.213775
6853.119141 0.000000 2501.746826 0.000000 0.997151 0.000000 0.075434 0.225264 0.225264 0.225264
6865.360840 0.000000 2531.472900 0.000000 0.977397 0.000000 0.211413 0.208236 0.208236 0.208236
6864.186523 0.000000 2504.463867 0.000000 0.997395 0.000000 0.072136 0.218678 0.218678 0.218678
6913.884766 0.000000 2536.364990 0.000000 0.988350 0.000000 0.152195 0.198608 0.198608 0.198608
6970.462402 0.000000 2502.382568 0.000000 0.978076 0.000000 0.208247 0.208272 0.208272 0.208272
7013.432617 0.000000 2496.339600 0.000000 0.996580 0.000000 -0.082631 0.207035 0.207035 0.207035
6940.793945 0.000000 2544.638672 0.000000 0.968167 0.000000 -0.250304 0.207665 0.207665 0.207665
6940.431641 0.000000 2549.304688 0.000000 0.978029 0.000000 -0.208470 0.228133 0.228133 0.228133
6968.473633 0.000000 2549.927734 0.000000 0.999986 0.000000 0.005199 0.222899 0.222899 0.222899
7045.464844 0.000000 2546.578857 0.000000 0.999557 0.000000 0.029759 0.211422 0.211422 0.211422
7231.487305 0.000000 2346.087158 0.000000 0.977597 0.000000 0.210485 0.199598 0.199598 0.199598
7250.817383 0.000000 2346.303223 0.000000 0.956870 0.000000 -0.290518 0.202465 0.202465 0.202465
7261.237305 0.000000 2349.381592 0.000000 0.994469 0.000000 -0.105029 0.204993 0.204993 0.204993
"}
object={
	name="rainforest_generator_2_3"
	clamp_to_water_level=no
	render_under_water=no
	generated_content=yes
	layer="semidynamic_medium"
	pdxmesh="tree_rainforest_004_mesh"
	count=139
	transform="178.842560 0.000000 1204.041870 0.000000 0.949016 0.000000 -0.315227 0.307823 0.307823 0.307823
179.016068 0.000000 1207.022949 0.000000 0.671589 0.000000 -0.740924 0.318019 0.318019 0.318019
147.640488 0.000000 1211.483643 0.000000 0.602775 0.000000 -0.797911 0.370189 0.370189 0.370189
156.838379 0.000000 1211.239258 0.000000 0.929962 0.000000 -0.367655 0.283734 0.283734 0.283734
149.452606 0.000000 1208.154785 0.000000 0.778666 0.000000 -0.627438 0.314762 0.314762 0.314762
157.614136 0.000000 1217.899780 0.000000 0.868172 0.000000 -0.496263 0.325400 0.325400 0.325400
138.416428 0.000000 1217.856079 0.000000 0.897454 0.000000 -0.441108 0.392486 0.392486 0.392486
146.930222 0.000000 1210.034546 0.000000 0.682891 0.000000 -0.730520 0.365947 0.365947 0.365947
150.696182 0.000000 1222.486572 0.000000 0.659968 0.000000 -0.751293 0.370028 0.370028 0.370028
150.619598 0.000000 1219.692993 0.000000 0.925081 0.000000 -0.379770 0.427425 0.427425 0.427425
158.521881 0.000000 1219.617676 0.000000 0.698581 0.000000 -0.715531 0.452953 0.452953 0.452953
186.750610 0.000000 1200.659302 0.000000 0.876545 0.000000 -0.481320 0.438362 0.438362 0.438362
181.096512 0.000000 1200.082275 0.000000 0.859103 0.000000 -0.511803 0.441045 0.441045 0.441045
185.471191 0.000000 1202.511108 0.000000 0.895847 0.000000 -0.444362 0.435177 0.435177 0.435177
151.342743 0.000000 1210.912354 0.000000 0.701906 0.000000 -0.712269 0.457393 0.457393 0.457393
159.121521 0.000000 1217.432129 0.000000 0.923487 0.000000 -0.383630 0.428899 0.428899 0.428899
152.429367 0.000000 1210.105347 0.000000 0.950278 0.000000 -0.311402 0.422215 0.422215 0.422215
188.561111 0.000000 1205.675781 0.000000 0.724119 0.000000 -0.689675 0.458139 0.458139 0.458139
215.674011 0.000000 1192.128052 0.000000 0.865594 0.000000 -0.500746 0.343630 0.343630 0.343630
642.268860 0.000000 1126.636963 0.000000 0.939647 0.000000 -0.342146 0.254041 0.254041 0.254041
692.122803 0.000000 1110.868286 0.000000 0.846048 0.000000 -0.533107 0.433075 0.433075 0.433075
904.614319 0.000000 1312.669434 0.000000 0.882938 0.000000 -0.469490 0.328206 0.328206 0.328206
904.993164 0.000000 1302.267334 0.000000 0.854822 0.000000 -0.518921 0.395790 0.395790 0.395790
905.352478 0.000000 1300.750244 0.000000 0.800354 0.000000 -0.599528 0.393998 0.393998 0.393998
547.764954 0.000000 1946.316040 0.000000 0.796536 0.000000 -0.604591 0.286531 0.286531 0.286531
557.814819 0.000000 1957.014893 0.000000 0.858013 0.000000 -0.513629 0.313213 0.313213 0.313213
546.967773 0.000000 1955.211426 0.000000 0.705692 0.000000 -0.708519 0.352186 0.352186 0.352186
518.028809 0.000000 1999.882690 0.000000 0.890055 0.000000 -0.455853 0.247709 0.247709 0.247709
7404.662598 0.000000 502.455200 0.000000 0.664188 0.000000 -0.747566 0.207694 0.207694 0.207694
7413.519043 0.000000 478.500427 0.000000 0.871342 0.000000 -0.490677 0.239728 0.239728 0.239728
7423.273438 0.000000 463.266052 0.000000 0.799401 0.000000 -0.600798 0.290300 0.290300 0.290300
7434.564941 0.000000 454.423920 0.000000 0.873877 0.000000 -0.486147 0.284433 0.284433 0.284433
6357.705078 0.000000 1721.398926 0.000000 0.801394 0.000000 -0.598137 0.204402 0.204402 0.204402
6370.900879 0.000000 1694.595947 0.000000 0.646348 0.000000 -0.763042 0.206718 0.206718 0.206718
6404.047852 0.000000 1646.396973 0.000000 0.876659 0.000000 -0.481112 0.204260 0.204260 0.204260
6495.758301 0.000000 1724.690918 0.000000 0.771332 0.000000 -0.636433 0.205081 0.205081 0.205081
6463.958008 0.000000 1771.914673 0.000000 0.753707 0.000000 -0.657210 0.205371 0.205371 0.205371
6466.500488 0.000000 1770.759644 0.000000 0.726925 0.000000 -0.686717 0.205669 0.205669 0.205669
6473.203613 0.000000 1786.716431 0.000000 0.849355 0.000000 -0.527822 0.204026 0.204026 0.204026
6525.658691 0.000000 1786.331421 0.000000 0.700776 0.000000 -0.713381 0.206445 0.206445 0.206445
6509.943359 0.000000 1753.370605 0.000000 0.892770 0.000000 -0.450512 0.203675 0.203675 0.203675
6518.173828 0.000000 1757.199829 0.000000 0.940088 0.000000 -0.340931 0.202866 0.202866 0.202866
6537.203613 0.000000 1786.716431 0.000000 0.680437 0.000000 -0.732807 0.206878 0.206878 0.206878
6271.958008 0.000000 1884.883423 0.000000 0.879223 0.000000 -0.476411 0.203409 0.203409 0.203409
6399.958008 0.000000 1828.399048 0.000000 0.826347 0.000000 -0.563162 0.204854 0.204854 0.204854
6359.890625 0.000000 1826.557739 0.000000 0.947462 0.000000 -0.319868 0.202357 0.202357 0.202357
6377.260742 0.000000 1851.722168 0.000000 0.917569 0.000000 -0.397576 0.203011 0.203011 0.203011
6392.065918 0.000000 1889.346924 0.000000 0.626752 0.000000 -0.779219 0.206134 0.206134 0.206134
6249.563477 0.000000 1946.959717 0.000000 0.671773 0.000000 -0.740757 0.205831 0.205831 0.205831
6255.722656 0.000000 1964.788452 0.000000 0.661641 0.000000 -0.749821 0.206350 0.206350 0.206350
6271.958008 0.000000 1941.367798 0.000000 0.914601 0.000000 -0.404358 0.203170 0.203170 0.203170
6252.662598 0.000000 1971.048950 0.000000 0.658284 0.000000 -0.752769 0.206277 0.206277 0.206277
6264.065918 0.000000 2002.315674 0.000000 0.754980 0.000000 -0.655748 0.204910 0.204910 0.204910
6271.487305 0.000000 2007.180786 0.000000 0.793399 0.000000 -0.608702 0.204656 0.204656 0.204656
6238.236816 0.000000 2029.483032 0.000000 0.588078 0.000000 -0.808804 0.206821 0.206821 0.206821
6276.458496 0.000000 1974.934692 0.000000 0.683180 0.000000 -0.730250 0.206234 0.206234 0.206234
6290.127930 0.000000 1933.744751 0.000000 0.803733 0.000000 -0.594991 0.204773 0.204773 0.204773
6298.122559 0.000000 1931.277100 0.000000 0.909482 0.000000 -0.415743 0.203265 0.203265 0.203265
6370.900879 0.000000 1920.533447 0.000000 0.935169 0.000000 -0.354202 0.202757 0.202757 0.202757
6361.621582 0.000000 1968.343628 0.000000 0.851761 0.000000 -0.523931 0.204130 0.204130 0.204130
6356.089355 0.000000 2021.770020 0.000000 0.895316 0.000000 -0.445431 0.203746 0.203746 0.203746
6368.032227 0.000000 2013.890991 0.000000 0.862170 0.000000 -0.506620 0.204377 0.204377 0.204377
6404.458496 0.000000 1861.965942 0.000000 0.726363 0.000000 -0.687312 0.205581 0.205581 0.205581
6456.065918 0.000000 1832.862549 0.000000 0.618514 0.000000 -0.785774 0.206657 0.206657 0.206657
6456.550781 0.000000 1840.359131 0.000000 0.863579 0.000000 -0.504214 0.203958 0.203958 0.203958
6432.032227 0.000000 1844.437866 0.000000 0.890254 0.000000 -0.455463 0.203837 0.203837 0.203837
6463.586426 0.000000 1860.934570 0.000000 0.932833 0.000000 -0.360309 0.202945 0.202945 0.202945
6418.817383 0.000000 1837.943848 0.000000 0.639168 0.000000 -0.769067 0.207228 0.207228 0.207228
6464.254883 0.000000 1854.640869 0.000000 0.840045 0.000000 -0.542517 0.204438 0.204438 0.204438
6478.953125 0.000000 1861.471680 0.000000 0.628709 0.000000 -0.777641 0.207006 0.207006 0.207006
6473.641113 0.000000 1860.687866 0.000000 0.803070 0.000000 -0.595885 0.205100 0.205100 0.205100
6404.458496 0.000000 1918.450317 0.000000 0.609459 0.000000 -0.792817 0.206628 0.206628 0.206628
6434.900879 0.000000 1864.049072 0.000000 0.947657 0.000000 -0.319290 0.202677 0.202677 0.202677
6431.826172 0.000000 1872.106812 0.000000 0.903499 0.000000 -0.428590 0.203539 0.203539 0.203539
6444.062988 0.000000 1872.973511 0.000000 0.919353 0.000000 -0.393433 0.203230 0.203230 0.203230
6455.531250 0.000000 1874.588013 0.000000 0.624588 0.000000 -0.780955 0.207272 0.207272 0.207272
6454.173828 0.000000 1870.168579 0.000000 0.826491 0.000000 -0.562950 0.204926 0.204926 0.204926
6464.254883 0.000000 1911.125244 0.000000 0.655520 0.000000 -0.755177 0.206411 0.206411 0.206411
6487.890625 0.000000 1883.042114 0.000000 0.792923 0.000000 -0.609322 0.205398 0.205398 0.205398
6489.621582 0.000000 1911.859253 0.000000 0.606445 0.000000 -0.795125 0.207114 0.207114 0.207114
6470.215332 0.000000 1912.921997 0.000000 0.773741 0.000000 -0.633502 0.205224 0.205224 0.205224
6500.045898 0.000000 1869.259277 0.000000 0.938426 0.000000 -0.345481 0.202906 0.202906 0.202906
6478.220703 0.000000 1881.065308 0.000000 0.819706 0.000000 -0.572784 0.205101 0.205101 0.205101
6542.220703 0.000000 1824.580933 0.000000 0.731772 0.000000 -0.681549 0.206365 0.206365 0.206365
6496.032227 0.000000 1957.406616 0.000000 0.889071 0.000000 -0.457770 0.203858 0.203858 0.203858
6438.230957 0.000000 2015.482178 0.000000 0.881051 0.000000 -0.473021 0.203752 0.203752 0.203752
6409.203613 0.000000 2012.653931 0.000000 0.756346 0.000000 -0.654172 0.205430 0.205430 0.205430
6479.130859 0.000000 2016.324951 0.000000 0.637746 0.000000 -0.770247 0.206366 0.206366 0.206366
6498.900879 0.000000 1977.017822 0.000000 0.709824 0.000000 -0.704379 0.206049 0.206049 0.206049
6264.065918 0.000000 2058.800049 0.000000 0.862211 0.000000 -0.506549 0.203647 0.203647 0.203647
6381.516602 0.000000 2048.170898 0.000000 0.645157 0.000000 -0.764050 0.206730 0.206730 0.206730
6376.832520 0.000000 2036.938599 0.000000 0.814861 0.000000 -0.579656 0.204862 0.204862 0.204862
6320.205566 0.000000 2146.380615 0.000000 0.740415 0.000000 -0.672150 0.205061 0.205061 0.205061
6302.236816 0.000000 2142.451660 0.000000 0.704805 0.000000 -0.709401 0.205611 0.205611 0.205611
6320.541992 0.000000 2112.507080 0.000000 0.926341 0.000000 -0.376686 0.202748 0.202748 0.202748
6327.638184 0.000000 2162.149658 0.000000 0.629431 0.000000 -0.777057 0.206110 0.206110 0.206110
6431.453613 0.000000 2106.652100 0.000000 0.788550 0.000000 -0.614970 0.204795 0.204795 0.204795
6402.396484 0.000000 2091.783936 0.000000 0.647056 0.000000 -0.762443 0.206169 0.206169 0.206169
6586.368164 0.000000 2141.847900 0.000000 0.927263 0.000000 -0.374410 0.202731 0.202731 0.202731
6535.979980 0.000000 2132.057129 0.000000 0.907676 0.000000 -0.419672 0.203730 0.203730 0.203730
6468.458496 0.000000 2200.872314 0.000000 0.946559 0.000000 -0.322532 0.202214 0.202214 0.202214
6630.230957 0.000000 2184.935303 0.000000 0.883886 0.000000 -0.467703 0.203706 0.203706 0.203706
6607.130859 0.000000 2185.778076 0.000000 0.838393 0.000000 -0.545066 0.203958 0.203958 0.203958
6589.292480 0.000000 2215.449707 0.000000 0.948274 0.000000 -0.317454 0.202863 0.202863 0.202863
6593.451172 0.000000 2215.066162 0.000000 0.884002 0.000000 -0.467483 0.204372 0.204372 0.204372
6592.098633 0.000000 2209.839600 0.000000 0.600824 0.000000 -0.799381 0.208325 0.208325 0.208325
6746.979980 0.000000 2075.270264 0.000000 0.707447 0.000000 -0.706766 0.205291 0.205291 0.205291
6753.210449 0.000000 2078.310791 0.000000 0.837917 0.000000 -0.545797 0.204756 0.204756 0.204756
6732.552734 0.000000 2059.631592 0.000000 0.762811 0.000000 -0.646621 0.206583 0.206583 0.206583
6724.763672 0.000000 2069.629639 0.000000 0.641352 0.000000 -0.767247 0.207969 0.207969 0.207969
6684.793945 0.000000 2092.763672 0.000000 0.681589 0.000000 -0.731735 0.206250 0.206250 0.206250
6842.462402 0.000000 2050.507568 0.000000 0.746136 0.000000 -0.665794 0.220142 0.220142 0.220142
6848.514160 0.000000 2049.518311 0.000000 0.916411 0.000000 -0.400238 0.218901 0.218901 0.218901
6852.755371 0.000000 2061.310059 0.000000 0.698428 0.000000 -0.715680 0.222211 0.222211 0.222211
6866.579102 0.000000 2088.626465 0.000000 0.924075 0.000000 -0.382212 0.215079 0.215079 0.215079
6703.722656 0.000000 2247.210205 0.000000 0.659967 0.000000 -0.751295 0.205836 0.205836 0.205836
6734.007324 0.000000 2233.780762 0.000000 0.759717 0.000000 -0.650253 0.205125 0.205125 0.205125
6810.364746 0.000000 2171.967529 0.000000 0.736004 0.000000 -0.676977 0.206405 0.206405 0.206405
6615.890625 0.000000 2278.432617 0.000000 0.664808 0.000000 -0.747015 0.206739 0.206739 0.206739
6654.270020 0.000000 2433.259521 0.000000 0.933234 0.000000 -0.359270 0.205289 0.205289 0.205289
6682.074219 0.000000 2402.860107 0.000000 0.870856 0.000000 -0.491538 0.204169 0.204169 0.204169
6664.908691 0.000000 2418.243652 0.000000 0.854829 0.000000 -0.518910 0.205176 0.205176 0.205176
6673.939453 0.000000 2414.139404 0.000000 0.652587 0.000000 -0.757714 0.208157 0.208157 0.208157
6879.758301 0.000000 2458.987793 0.000000 0.653241 0.000000 -0.757150 0.225506 0.225506 0.225506
6973.212891 0.000000 2454.219971 0.000000 0.915014 0.000000 -0.403422 0.203836 0.203836 0.203836
6862.875488 0.000000 2530.074463 0.000000 0.779751 0.000000 -0.626090 0.244754 0.244754 0.244754
6848.163086 0.000000 2520.059082 0.000000 0.642229 0.000000 -0.766513 0.243898 0.243898 0.243898
6895.145508 0.000000 2503.460449 0.000000 0.931814 0.000000 -0.362935 0.226786 0.226786 0.226786
6904.473633 0.000000 2493.443359 0.000000 0.878441 0.000000 -0.477850 0.224806 0.224806 0.224806
6973.248047 0.000000 2531.314453 0.000000 0.712760 0.000000 -0.701408 0.227070 0.227070 0.227070
7027.456055 0.000000 2535.600830 0.000000 0.776731 0.000000 -0.629832 0.204933 0.204933 0.204933
6994.283691 0.000000 2486.445312 0.000000 0.923525 0.000000 -0.383539 0.207929 0.207929 0.207929
7010.857422 0.000000 2514.441406 0.000000 0.858084 0.000000 -0.513510 0.217966 0.217966 0.217966
7034.462402 0.000000 2502.382568 0.000000 0.588087 0.000000 -0.808798 0.218697 0.218697 0.218697
7185.722656 0.000000 2311.552246 0.000000 0.932488 0.000000 -0.361200 0.210062 0.210062 0.210062
7183.272949 0.000000 2337.777832 0.000000 0.876425 0.000000 -0.481539 0.204704 0.204704 0.204704
7220.365234 0.000000 2355.125732 0.000000 0.910961 0.000000 -0.412493 0.205855 0.205855 0.205855
7203.765137 0.000000 2341.706543 0.000000 0.915042 0.000000 -0.403359 0.203835 0.203835 0.203835
7205.098633 0.000000 2358.730469 0.000000 0.926298 0.000000 -0.376791 0.205474 0.205474 0.205474
"}
object={
	name="rainforest_generator_2_4"
	clamp_to_water_level=no
	render_under_water=no
	generated_content=yes
	layer="semidynamic_medium"
	pdxmesh="tree_rainforest_005_mesh"
	count=119
	transform="158.530106 0.000000 1209.631958 0.000000 0.099734 0.000000 -0.995014 0.214738 0.214738 0.214738
189.292694 0.000000 1198.730835 0.000000 0.135215 0.000000 -0.990816 0.250884 0.250884 0.250884
147.771835 0.000000 1208.797363 0.000000 0.310719 0.000000 -0.950502 0.366627 0.366627 0.366627
151.293594 0.000000 1209.736694 0.000000 0.001021 0.000000 -0.999999 0.285491 0.285491 0.285491
150.628387 0.000000 1216.199097 0.000000 0.112453 0.000000 -0.993657 0.356634 0.356634 0.356634
162.857529 0.000000 1215.300781 0.000000 0.206538 0.000000 -0.978438 0.365902 0.365902 0.365902
155.444000 0.000000 1218.436890 0.000000 0.407789 0.000000 -0.913076 0.410030 0.410030 0.410030
149.422607 0.000000 1210.526733 0.000000 0.101531 0.000000 -0.994832 0.355420 0.355420 0.355420
158.945984 0.000000 1214.635742 0.000000 0.184179 0.000000 -0.982893 0.454326 0.454326 0.454326
143.974609 0.000000 1219.731812 0.000000 0.076224 0.000000 -0.997091 0.451794 0.451794 0.451794
156.266586 0.000000 1223.539062 0.000000 0.176103 0.000000 -0.984372 0.426537 0.426537 0.426537
155.322571 0.000000 1210.641846 0.000000 0.430827 0.000000 -0.902434 0.475297 0.475297 0.475297
153.173019 0.000000 1222.686646 0.000000 0.345408 0.000000 -0.938453 0.486671 0.486671 0.486671
181.577011 0.000000 1205.117920 0.000000 0.171399 0.000000 -0.985202 0.506841 0.506841 0.506841
215.068283 0.000000 1190.682983 0.000000 0.343996 0.000000 -0.938971 0.271461 0.271461 0.271461
195.978607 0.000000 1202.389771 0.000000 0.193021 0.000000 -0.981195 0.492446 0.492446 0.492446
646.508057 0.000000 1125.294312 0.000000 0.558474 0.000000 -0.829522 0.230894 0.230894 0.230894
695.822754 0.000000 1104.496338 0.000000 0.363019 0.000000 -0.931782 0.319899 0.319899 0.319899
691.609497 0.000000 1108.552368 0.000000 0.320266 0.000000 -0.947328 0.479556 0.479556 0.479556
690.908386 0.000000 1111.968994 0.000000 0.332041 0.000000 -0.943265 0.465325 0.465325 0.465325
460.083710 0.000000 2022.467041 0.000000 0.221394 0.000000 -0.975184 0.236970 0.236970 0.236970
462.604950 0.000000 2024.530151 0.000000 0.496505 0.000000 -0.868034 0.303080 0.303080 0.303080
464.310577 0.000000 2024.548584 0.000000 0.075425 0.000000 -0.997151 0.332717 0.332717 0.332717
556.760437 0.000000 1958.973877 0.000000 0.366840 0.000000 -0.930284 0.316863 0.316863 0.316863
548.276184 0.000000 1953.715454 0.000000 0.297790 0.000000 -0.954632 0.320322 0.320322 0.320322
543.373413 0.000000 1963.901855 0.000000 0.328360 0.000000 -0.944553 0.317971 0.317971 0.317971
555.629028 0.000000 1960.859863 0.000000 0.461220 0.000000 -0.887286 0.382973 0.382973 0.382973
521.400879 0.000000 1993.072266 0.000000 0.284748 0.000000 -0.958602 0.344703 0.344703 0.344703
536.077576 0.000000 1986.349609 0.000000 0.372249 0.000000 -0.928133 0.388612 0.388612 0.388612
6484.569336 0.000000 1417.495850 0.000000 0.135491 0.000000 -0.990779 0.211821 0.211821 0.211821
6373.432617 0.000000 1705.558350 0.000000 0.404979 0.000000 -0.914326 0.208786 0.208786 0.208786
6356.968750 0.000000 1803.140747 0.000000 0.445973 0.000000 -0.895046 0.207196 0.207196 0.207196
6431.758301 0.000000 1611.722168 0.000000 0.403947 0.000000 -0.914782 0.209515 0.209515 0.209515
6506.009766 0.000000 1749.467896 0.000000 0.563887 0.000000 -0.825852 0.207642 0.207642 0.207642
6420.968750 0.000000 1803.140747 0.000000 0.544879 0.000000 -0.838515 0.207201 0.207201 0.207201
6448.541992 0.000000 1773.600830 0.000000 0.548088 0.000000 -0.836421 0.207049 0.207049 0.207049
6527.958008 0.000000 1771.914673 0.000000 0.337671 0.000000 -0.941264 0.210257 0.210257 0.210257
6518.816895 0.000000 1752.266357 0.000000 0.155756 0.000000 -0.987795 0.211653 0.211653 0.211653
6505.385742 0.000000 1783.933716 0.000000 0.311947 0.000000 -0.950100 0.209545 0.209545 0.209545
6514.584961 0.000000 1778.909912 0.000000 0.226368 0.000000 -0.974042 0.210725 0.210725 0.210725
6529.451172 0.000000 1763.191284 0.000000 0.140963 0.000000 -0.990015 0.212311 0.212311 0.212311
6553.621582 0.000000 1798.890503 0.000000 0.483042 0.000000 -0.875597 0.209320 0.209320 0.209320
6528.098633 0.000000 1757.964600 0.000000 0.564886 0.000000 -0.825169 0.208359 0.208359 0.208359
6531.505371 0.000000 1794.441772 0.000000 0.502567 0.000000 -0.864538 0.208473 0.208473 0.208473
6539.786133 0.000000 1756.068604 0.000000 0.141519 0.000000 -0.989936 0.212663 0.212663 0.212663
6249.563477 0.000000 1890.475342 0.000000 0.076040 0.000000 -0.997105 0.210262 0.210262 0.210262
6246.893555 0.000000 1883.431763 0.000000 0.041489 0.000000 -0.999139 0.211454 0.211454 0.211454
6333.248047 0.000000 1909.986450 0.000000 0.264030 0.000000 -0.964515 0.210414 0.210414 0.210414
6327.107910 0.000000 1909.185669 0.000000 0.103036 0.000000 -0.994678 0.211541 0.211541 0.211541
6343.979980 0.000000 1906.119629 0.000000 0.492660 0.000000 -0.870222 0.208170 0.208170 0.208170
6345.203613 0.000000 1899.685181 0.000000 0.549568 0.000000 -0.835449 0.207530 0.207530 0.207530
6246.230957 0.000000 1958.997803 0.000000 0.577717 0.000000 -0.816237 0.206913 0.206913 0.206913
6236.793945 0.000000 1979.794922 0.000000 0.459478 0.000000 -0.888189 0.207916 0.207916 0.207916
6242.900879 0.000000 1977.017822 0.000000 0.217444 0.000000 -0.976073 0.209786 0.209786 0.209786
6294.478027 0.000000 1955.362061 0.000000 0.084961 0.000000 -0.996384 0.211128 0.211128 0.211128
6273.017578 0.000000 1947.161865 0.000000 0.305255 0.000000 -0.952271 0.209756 0.209756 0.209756
6281.063965 0.000000 1950.930786 0.000000 0.561670 0.000000 -0.827361 0.207663 0.207663 0.207663
6367.453613 0.000000 1937.198853 0.000000 0.026566 0.000000 -0.999647 0.211180 0.211180 0.211180
6385.272949 0.000000 1954.093628 0.000000 0.226863 0.000000 -0.973927 0.209381 0.209381 0.209381
6344.407715 0.000000 1928.281128 0.000000 0.394920 0.000000 -0.918715 0.208724 0.208724 0.208724
6350.873047 0.000000 1928.515869 0.000000 0.254748 0.000000 -0.967008 0.209835 0.209835 0.209835
6380.062988 0.000000 1929.457886 0.000000 0.021978 0.000000 -0.999758 0.211987 0.211987 0.211987
6406.215332 0.000000 1856.437622 0.000000 0.072149 0.000000 -0.997394 0.211224 0.211224 0.211224
6490.979980 0.000000 1849.332764 0.000000 0.480892 0.000000 -0.876780 0.208141 0.208141 0.208141
6514.789551 0.000000 1819.587280 0.000000 0.435471 0.000000 -0.900203 0.208530 0.208530 0.208530
6409.203613 0.000000 1899.685181 0.000000 0.122775 0.000000 -0.992435 0.210843 0.210843 0.210843
6479.130859 0.000000 1903.356201 0.000000 0.000068 0.000000 -1.000000 0.212548 0.212548 0.212548
6486.478027 0.000000 1898.877686 0.000000 0.351465 0.000000 -0.936201 0.209529 0.209529 0.209529
6494.530273 0.000000 1887.444458 0.000000 0.338987 0.000000 -0.940791 0.209633 0.209633 0.209633
6465.017578 0.000000 1890.677490 0.000000 0.079358 0.000000 -0.996846 0.211728 0.211728 0.211728
6538.351562 0.000000 1828.378906 0.000000 0.163164 0.000000 -0.986599 0.211767 0.211767 0.211767
6432.032227 0.000000 1957.406616 0.000000 0.477833 0.000000 -0.878451 0.207900 0.207900 0.207900
6495.453613 0.000000 1937.198853 0.000000 0.292378 0.000000 -0.956303 0.209861 0.209861 0.209861
6479.130859 0.000000 1959.840576 0.000000 0.185883 0.000000 -0.982572 0.210883 0.210883 0.210883
6435.765137 0.000000 2002.800415 0.000000 0.265071 0.000000 -0.964229 0.210243 0.210243 0.210243
6257.519043 0.000000 2039.767090 0.000000 0.140015 0.000000 -0.990149 0.209998 0.209998 0.209998
6273.451172 0.000000 2045.613159 0.000000 0.456957 0.000000 -0.889489 0.207252 0.207252 0.207252
6292.089355 0.000000 2078.254395 0.000000 0.207018 0.000000 -0.978337 0.210033 0.210033 0.210033
6333.512207 0.000000 2033.463623 0.000000 0.236672 0.000000 -0.971590 0.210141 0.210141 0.210141
6409.400879 0.000000 2049.556641 0.000000 0.327563 0.000000 -0.944829 0.208493 0.208493 0.208493
6465.451172 0.000000 2045.613159 0.000000 0.196766 0.000000 -0.980451 0.208910 0.208910 0.208910
6516.365234 0.000000 2129.188232 0.000000 0.384410 0.000000 -0.923162 0.209103 0.209103 0.209103
6586.807129 0.000000 2209.545166 0.000000 0.217226 0.000000 -0.976121 0.211981 0.211981 0.211981
6637.516602 0.000000 2217.624023 0.000000 0.529002 0.000000 -0.848621 0.208096 0.208096 0.208096
6614.478027 0.000000 2237.783936 0.000000 0.477852 0.000000 -0.878440 0.209372 0.209372 0.209372
6636.062988 0.000000 2211.879639 0.000000 0.433279 0.000000 -0.901260 0.208829 0.208829 0.208829
6615.491699 0.000000 2203.522217 0.000000 0.454657 0.000000 -0.890666 0.208367 0.208367 0.208367
6603.786133 0.000000 2207.943604 0.000000 0.261214 0.000000 -0.965281 0.211253 0.211253 0.211253
6676.968750 0.000000 2085.562500 0.000000 0.384977 0.000000 -0.922926 0.208511 0.208511 0.208511
6717.292480 0.000000 2045.996460 0.000000 0.462231 0.000000 -0.886760 0.208574 0.208574 0.208574
6700.062988 0.000000 2042.426636 0.000000 0.220400 0.000000 -0.975410 0.211615 0.211615 0.211615
6696.015625 0.000000 2041.066040 0.000000 0.155134 0.000000 -0.987893 0.212011 0.212011 0.212011
6746.074219 0.000000 2063.953857 0.000000 0.373417 0.000000 -0.927664 0.210975 0.210975 0.210975
6731.929688 0.000000 2045.443359 0.000000 0.518879 0.000000 -0.854848 0.209726 0.209726 0.209726
6742.937012 0.000000 2047.864868 0.000000 0.411780 0.000000 -0.911283 0.212936 0.212936 0.212936
6726.424805 0.000000 2053.797607 0.000000 0.290157 0.000000 -0.956979 0.211790 0.211790 0.211790
6724.755371 0.000000 2061.310059 0.000000 0.503493 0.000000 -0.863999 0.209506 0.209506 0.209506
6862.604980 0.000000 2081.014404 0.000000 0.271143 0.000000 -0.962539 0.226670 0.226670 0.226670
6814.236816 0.000000 2198.936035 0.000000 0.539753 0.000000 -0.841823 0.207869 0.207869 0.207869
6818.015137 0.000000 2166.901855 0.000000 0.498254 0.000000 -0.867031 0.209037 0.209037 0.209037
6833.519043 0.000000 2209.220215 0.000000 0.214216 0.000000 -0.976786 0.209810 0.209810 0.209810
6618.122559 0.000000 2270.183350 0.000000 0.028187 0.000000 -0.999603 0.212709 0.212709 0.212709
6667.929688 0.000000 2384.349609 0.000000 0.194334 0.000000 -0.980936 0.211845 0.211845 0.211845
6686.530273 0.000000 2452.288086 0.000000 0.420654 0.000000 -0.907221 0.210357 0.210357 0.210357
6660.047852 0.000000 2437.178223 0.000000 0.268342 0.000000 -0.963324 0.215792 0.215792 0.215792
7081.204590 0.000000 2295.936279 0.000000 0.466202 0.000000 -0.884678 0.211026 0.211026 0.211026
6696.763184 0.000000 2500.434570 0.000000 0.083488 0.000000 -0.996509 0.221854 0.221854 0.221854
6817.910645 0.000000 2527.635254 0.000000 0.464698 0.000000 -0.885469 0.234961 0.234961 0.234961
6867.771973 0.000000 2507.937988 0.000000 0.230527 0.000000 -0.973066 0.211359 0.211359 0.211359
6895.663086 0.000000 2495.324463 0.000000 0.482156 0.000000 -0.876085 0.214793 0.214793 0.214793
6851.820801 0.000000 2499.117920 0.000000 0.136434 0.000000 -0.990649 0.245164 0.245164 0.245164
6884.759766 0.000000 2506.688721 0.000000 0.032570 0.000000 -0.999469 0.246615 0.246615 0.246615
6913.318848 0.000000 2524.200928 0.000000 0.261073 0.000000 -0.965319 0.208482 0.208482 0.208482
6956.662598 0.000000 2535.892578 0.000000 0.458393 0.000000 -0.888750 0.209565 0.209565 0.209565
6950.535645 0.000000 2514.820557 0.000000 0.465782 0.000000 -0.884899 0.229588 0.229588 0.229588
6921.084961 0.000000 2496.130371 0.000000 0.587400 0.000000 -0.809296 0.227828 0.227828 0.227828
6931.443848 0.000000 2535.232178 0.000000 0.330456 0.000000 -0.943821 0.239627 0.239627 0.239627
7203.104004 0.000000 2324.401367 0.000000 0.420206 0.000000 -0.907429 0.214172 0.214172 0.214172
7270.230957 0.000000 2354.388428 0.000000 0.579512 0.000000 -0.814964 0.214917 0.214917 0.214917
"}
