object={
	name="african_lighthouse_01"
	clamp_to_water_level=no
	render_under_water=no
	generated_content=no
	layer="static"
	entity="african_lighthouse_01_entity"
	count=62
	transform="5083.022461 0.000000 983.427490 0.000000 -0.449265 0.000000 0.893399 1.000000 1.000000 1.000000
4516.262695 0.000000 704.778625 0.000000 0.000000 0.000000 1.000000 1.000000 1.000000 1.000000
4594.850098 0.000000 696.780884 0.000000 0.000000 0.000000 1.000000 1.000000 1.000000 1.000000
4659.352539 0.000000 701.776245 0.000000 0.000000 0.000000 1.000000 1.000000 1.000000 1.000000
4735.966309 0.000000 734.966248 0.000000 0.000000 0.000000 1.000000 1.000000 1.000000 1.000000
4800.021973 0.000000 807.592468 0.000000 0.000000 0.000000 1.000000 1.000000 1.000000 1.000000
4846.810059 0.000000 907.581604 0.000000 0.000000 0.000000 1.000000 1.000000 1.000000 1.000000
4905.804688 0.000000 957.954407 0.000000 0.000000 0.000000 1.000000 1.000000 1.000000 1.000000
4904.385742 0.000000 1013.715271 0.000000 0.000000 0.000000 1.000000 1.000000 1.000000 1.000000
4893.275879 0.000000 1056.605225 0.000000 0.000000 0.000000 1.000000 1.000000 1.000000 1.000000
5024.353516 0.000000 1166.283813 0.000000 0.000000 0.000000 1.000000 1.000000 1.000000 1.000000
5005.147461 0.000000 1337.425293 0.000000 0.000000 0.000000 1.000000 1.000000 1.000000 1.000000
5011.988770 0.000000 1443.939331 0.000000 0.000000 0.000000 1.000000 1.000000 1.000000 1.000000
5267.507324 0.000000 1750.401367 0.000000 0.000000 0.000000 1.000000 1.000000 1.000000 1.000000
4439.067871 0.000000 887.422607 0.000000 0.000000 0.000000 1.000000 1.000000 1.000000 1.000000
4424.931152 0.000000 977.439270 0.000000 0.000000 0.000000 1.000000 1.000000 1.000000 1.000000
4364.284668 0.000000 1148.019775 0.000000 0.000000 0.000000 1.000000 1.000000 1.000000 1.000000
4399.101074 0.000000 1317.610352 0.000000 0.000000 0.000000 1.000000 1.000000 1.000000 1.000000
4374.570801 0.000000 1372.432861 0.000000 0.000000 0.000000 1.000000 1.000000 1.000000 1.000000
4369.720215 0.000000 1396.637451 0.000000 0.000000 0.000000 1.000000 1.000000 1.000000 1.000000
4294.065918 0.000000 1495.975464 0.000000 0.000000 0.000000 1.000000 1.000000 1.000000 1.000000
4307.823730 0.000000 1532.176392 0.000000 0.000000 0.000000 1.000000 1.000000 1.000000 1.000000
4300.023438 0.000000 1596.169922 0.000000 0.000000 0.000000 1.000000 1.000000 1.000000 1.000000
4269.224609 0.000000 1605.791992 0.000000 0.000000 0.000000 1.000000 1.000000 1.000000 1.000000
4238.125000 0.000000 1607.245605 0.000000 0.000000 0.000000 1.000000 1.000000 1.000000 1.000000
4152.014160 0.000000 1654.350586 0.000000 0.000000 0.000000 1.000000 1.000000 1.000000 1.000000
4173.166992 0.000000 1656.577515 0.000000 0.000000 0.000000 1.000000 1.000000 1.000000 1.000000
4105.840332 0.000000 1644.156006 0.000000 0.000000 0.000000 1.000000 1.000000 1.000000 1.000000
4049.853027 0.000000 1620.786621 0.000000 0.000000 0.000000 1.000000 1.000000 1.000000 1.000000
3949.599365 0.000000 1621.016724 0.000000 0.000000 0.000000 1.000000 1.000000 1.000000 1.000000
4017.682129 0.000000 1628.585571 0.000000 0.000000 0.000000 1.000000 1.000000 1.000000 1.000000
3848.776611 0.000000 1654.835083 0.000000 0.000000 0.000000 1.000000 1.000000 1.000000 1.000000
3795.980469 0.000000 1686.710815 0.000000 0.000000 0.000000 1.000000 1.000000 1.000000 1.000000
3781.392090 0.000000 1728.158569 0.000000 0.000000 0.000000 1.000000 1.000000 1.000000 1.000000
3724.674072 0.000000 1764.615112 0.000000 0.000000 0.000000 1.000000 1.000000 1.000000 1.000000
3712.511230 0.000000 1817.270386 0.000000 0.000000 0.000000 1.000000 1.000000 1.000000 1.000000
3694.821777 0.000000 1848.465698 0.000000 0.000000 0.000000 1.000000 1.000000 1.000000 1.000000
3719.500977 0.000000 1892.842773 0.000000 0.000000 0.000000 1.000000 1.000000 1.000000 1.000000
3706.188232 0.000000 1990.561279 0.000000 0.000000 0.000000 1.000000 1.000000 1.000000 1.000000
3730.225830 0.000000 2060.557617 0.000000 0.000000 0.000000 1.000000 1.000000 1.000000 1.000000
3871.148926 0.000000 2232.792969 0.000000 0.000000 0.000000 1.000000 1.000000 1.000000 1.000000
3928.415527 0.000000 2310.235352 0.000000 0.000000 0.000000 1.000000 1.000000 1.000000 1.000000
3974.821045 0.000000 2365.778809 0.000000 0.000000 0.000000 1.000000 1.000000 1.000000 1.000000
4029.229004 0.000000 2353.503418 0.000000 0.000000 0.000000 1.000000 1.000000 1.000000 1.000000
4090.176514 0.000000 2365.272461 0.000000 0.000000 0.000000 1.000000 1.000000 1.000000 1.000000
4237.758301 0.000000 2396.756104 0.000000 0.000000 0.000000 1.000000 1.000000 1.000000 1.000000
4348.776855 0.000000 2397.038818 0.000000 0.000000 0.000000 1.000000 1.000000 1.000000 1.000000
4347.016113 0.000000 2334.100098 0.000000 0.000000 0.000000 1.000000 1.000000 1.000000 1.000000
4398.249023 0.000000 2289.880127 0.000000 0.000000 0.000000 1.000000 1.000000 1.000000 1.000000
4426.521484 0.000000 2280.197266 0.000000 0.000000 0.000000 1.000000 1.000000 1.000000 1.000000
4549.776855 0.000000 2262.494873 0.000000 0.000000 0.000000 1.000000 1.000000 1.000000 1.000000
4666.434082 0.000000 2264.176514 0.000000 0.000000 0.000000 1.000000 1.000000 1.000000 1.000000
4714.918945 0.000000 2250.056641 0.000000 0.000000 0.000000 1.000000 1.000000 1.000000 1.000000
5239.836914 0.000000 1144.646851 0.000000 0.000000 0.000000 1.000000 1.000000 1.000000 1.000000
5219.456543 0.000000 1238.104126 0.000000 0.000000 0.000000 1.000000 1.000000 1.000000 1.000000
5108.977051 0.000000 1139.470215 0.000000 0.000000 0.000000 1.000000 1.000000 1.000000 1.000000
3532.363281 0.000000 1856.312012 0.000000 0.000000 0.000000 1.000000 1.000000 1.000000 1.000000
3563.129883 0.000000 1856.810425 0.000000 0.000000 0.000000 1.000000 1.000000 1.000000 1.000000
3710.396484 0.000000 2174.329346 0.000000 0.000000 0.000000 1.000000 1.000000 1.000000 1.000000
140.957184 0.000000 1088.312500 0.000000 0.000000 0.000000 1.000000 1.000000 1.000000 1.000000
692.447388 0.000000 846.685242 0.000000 0.000000 0.000000 1.000000 1.000000 1.000000 1.000000
910.618042 0.000000 803.921204 0.000000 0.000000 0.000000 1.000000 1.000000 1.000000 1.000000
"}
object={
	name="arabic_lighthouse_01"
	clamp_to_water_level=no
	render_under_water=no
	generated_content=no
	layer="static"
	entity="arabic_lighthouse_01_entity"
	count=61
	transform="4876.145996 0.000000 2161.260254 0.000000 0.114858 0.000000 0.993382 1.000000 1.000000 1.000000
5264.499023 0.000000 1782.240967 0.000000 0.000000 0.000000 1.000000 1.000000 1.000000 1.000000
5085.762207 0.000000 1788.491333 0.000000 0.000000 0.000000 1.000000 1.000000 1.000000 1.000000
5121.460449 0.000000 1748.755371 0.000000 0.000000 0.000000 1.000000 1.000000 1.000000 1.000000
5116.536621 0.000000 1803.236938 0.000000 0.000000 0.000000 1.000000 1.000000 1.000000 1.000000
5069.637695 0.000000 1860.212646 0.000000 0.000000 0.000000 1.000000 1.000000 1.000000 1.000000
5003.966309 0.000000 1866.539307 0.000000 0.000000 0.000000 1.000000 1.000000 1.000000 1.000000
4953.557617 0.000000 1946.491455 0.000000 0.000000 0.000000 1.000000 1.000000 1.000000 1.000000
5047.385254 0.000000 1924.026001 0.000000 0.000000 0.000000 1.000000 1.000000 1.000000 1.000000
5020.800293 0.000000 1964.312988 0.000000 0.000000 0.000000 1.000000 1.000000 1.000000 1.000000
4870.326660 0.000000 2147.334473 0.000000 0.000000 0.000000 1.000000 1.000000 1.000000 1.000000
4846.593262 0.000000 2196.575195 0.000000 0.000000 0.000000 1.000000 1.000000 1.000000 1.000000
4788.317383 0.000000 2251.926514 0.000000 0.000000 0.000000 1.000000 1.000000 1.000000 1.000000
4850.133301 0.000000 2331.406738 0.000000 0.000000 0.000000 1.000000 1.000000 1.000000 1.000000
4886.057617 0.000000 2263.886963 0.000000 0.000000 0.000000 1.000000 1.000000 1.000000 1.000000
5202.550293 0.000000 1833.978149 0.000000 0.000000 0.000000 1.000000 1.000000 1.000000 1.000000
5284.946289 0.000000 1870.490356 0.000000 0.000000 0.000000 1.000000 1.000000 1.000000 1.000000
5347.611328 0.000000 1900.927002 0.000000 0.000000 0.000000 1.000000 1.000000 1.000000 1.000000
5459.426758 0.000000 2032.949219 0.000000 0.000000 0.000000 1.000000 1.000000 1.000000 1.000000
5383.242676 0.000000 2128.214600 0.000000 0.000000 0.000000 1.000000 1.000000 1.000000 1.000000
5335.198730 0.000000 2114.249756 0.000000 0.000000 0.000000 1.000000 1.000000 1.000000 1.000000
5264.859375 0.000000 2120.602539 0.000000 0.000000 0.000000 1.000000 1.000000 1.000000 1.000000
5247.197754 0.000000 2114.908691 0.000000 0.000000 0.000000 1.000000 1.000000 1.000000 1.000000
5265.347656 0.000000 2163.764893 0.000000 0.000000 0.000000 1.000000 1.000000 1.000000 1.000000
5242.258301 0.000000 2197.520020 0.000000 0.000000 0.000000 1.000000 1.000000 1.000000 1.000000
5203.958984 0.000000 2216.899658 0.000000 0.000000 0.000000 1.000000 1.000000 1.000000 1.000000
5200.188477 0.000000 2200.988525 0.000000 0.000000 0.000000 1.000000 1.000000 1.000000 1.000000
5225.236328 0.000000 2150.785889 0.000000 0.000000 0.000000 1.000000 1.000000 1.000000 1.000000
4753.034180 0.000000 2488.456055 0.000000 0.000000 0.000000 1.000000 1.000000 1.000000 1.000000
4688.723633 0.000000 2469.520752 0.000000 0.000000 0.000000 1.000000 1.000000 1.000000 1.000000
4774.101562 0.000000 2490.128906 0.000000 0.000000 0.000000 1.000000 1.000000 1.000000 1.000000
4894.055176 0.000000 2531.509766 0.000000 0.000000 0.000000 1.000000 1.000000 1.000000 1.000000
4954.602051 0.000000 2504.597900 0.000000 0.000000 0.000000 1.000000 1.000000 1.000000 1.000000
5046.094727 0.000000 2529.996826 0.000000 0.000000 0.000000 1.000000 1.000000 1.000000 1.000000
4930.233887 0.000000 2616.266846 0.000000 -0.281600 0.000000 0.959532 1.000000 1.000000 1.000000
4957.640625 0.000000 2658.212402 0.000000 0.000000 0.000000 1.000000 1.000000 1.000000 1.000000
4997.518066 0.000000 2675.724365 0.000000 0.000000 0.000000 1.000000 1.000000 1.000000 1.000000
5182.826660 0.000000 2582.806885 0.000000 0.000000 0.000000 1.000000 1.000000 1.000000 1.000000
5242.901855 0.000000 2595.485596 0.000000 0.000000 0.000000 1.000000 1.000000 1.000000 1.000000
5306.761230 0.000000 2459.859863 0.000000 0.000000 0.000000 1.000000 1.000000 1.000000 1.000000
4885.161621 0.000000 2362.111572 0.000000 0.000000 0.000000 1.000000 1.000000 1.000000 1.000000
4901.695801 0.000000 2383.107178 0.000000 0.000000 0.000000 1.000000 1.000000 1.000000 1.000000
4910.398438 0.000000 2356.590576 0.000000 0.000000 0.000000 1.000000 1.000000 1.000000 1.000000
4916.250000 0.000000 2335.496094 0.000000 0.000000 0.000000 1.000000 1.000000 1.000000 1.000000
5413.836426 0.000000 2106.980225 0.000000 0.000000 0.000000 1.000000 1.000000 1.000000 1.000000
5472.753418 0.000000 2101.683838 0.000000 0.000000 0.000000 1.000000 1.000000 1.000000 1.000000
5518.373047 0.000000 2094.840576 0.000000 0.000000 0.000000 1.000000 1.000000 1.000000 1.000000
5615.383789 0.000000 2088.154785 0.000000 0.000000 0.000000 1.000000 1.000000 1.000000 1.000000
5668.238770 0.000000 2031.188599 0.000000 0.000000 0.000000 1.000000 1.000000 1.000000 1.000000
5784.609375 0.000000 1850.824829 0.000000 0.000000 0.000000 1.000000 1.000000 1.000000 1.000000
5856.092773 0.000000 1697.305542 0.000000 0.000000 0.000000 1.000000 1.000000 1.000000 1.000000
5833.995605 0.000000 1739.209473 0.000000 0.000000 0.000000 1.000000 1.000000 1.000000 1.000000
5910.369141 0.000000 1718.981201 0.000000 0.000000 0.000000 1.000000 1.000000 1.000000 1.000000
5961.108398 0.000000 1671.640259 0.000000 0.000000 0.000000 1.000000 1.000000 1.000000 1.000000
5939.110352 0.000000 1873.041504 0.000000 0.000000 0.000000 1.000000 1.000000 1.000000 1.000000
6082.512695 0.000000 1993.126709 0.000000 0.000000 0.000000 1.000000 1.000000 1.000000 1.000000
6192.682129 0.000000 1999.220581 0.000000 0.000000 0.000000 1.000000 1.000000 1.000000 1.000000
4730.231934 0.000000 2367.485596 0.000000 0.000000 0.000000 1.000000 1.000000 1.000000 1.000000
4788.995605 0.000000 2377.409424 0.000000 0.000000 0.000000 1.000000 1.000000 1.000000 1.000000
4709.010254 0.000000 2385.637939 0.000000 0.000000 0.000000 1.000000 1.000000 1.000000 1.000000
4678.598145 0.000000 2436.662354 0.000000 0.000000 0.000000 1.000000 1.000000 1.000000 1.000000
"}
object={
	name="asian_lighthouse_01"
	clamp_to_water_level=no
	render_under_water=no
	generated_content=no
	layer="static"
	entity="asian_lighthouse_01_entity"
	count=93
	transform="6876.630859 0.000000 2244.908203 0.000000 0.000000 0.000000 1.000000 1.000000 1.000000 1.000000
6216.439941 0.000000 1968.742065 0.000000 0.000000 0.000000 1.000000 1.000000 1.000000 1.000000
6246.021484 0.000000 1933.807495 0.000000 0.000000 0.000000 1.000000 1.000000 1.000000 1.000000
6244.143555 0.000000 1878.866211 0.000000 0.000000 0.000000 1.000000 1.000000 1.000000 1.000000
6319.009766 0.000000 1878.237793 0.000000 0.000000 0.000000 1.000000 1.000000 1.000000 1.000000
6336.726562 0.000000 1689.615356 0.000000 0.000000 0.000000 1.000000 1.000000 1.000000 1.000000
6481.192871 0.000000 1708.272583 0.000000 0.000000 0.000000 1.000000 1.000000 1.000000 1.000000
6468.102539 0.000000 1746.758911 0.000000 0.000000 0.000000 1.000000 1.000000 1.000000 1.000000
6393.584473 0.000000 1801.893921 0.000000 0.000000 0.000000 1.000000 1.000000 1.000000 1.000000
6376.094238 0.000000 1794.216919 0.000000 0.000000 0.000000 1.000000 1.000000 1.000000 1.000000
6378.722168 0.000000 1730.901245 0.000000 0.000000 0.000000 1.000000 1.000000 1.000000 1.000000
6407.964355 0.000000 1574.703735 0.000000 0.000000 0.000000 1.000000 1.000000 1.000000 1.000000
6381.001465 0.000000 1624.327881 0.000000 0.000000 0.000000 1.000000 1.000000 1.000000 1.000000
6269.330078 0.000000 1643.895386 0.000000 0.000000 0.000000 1.000000 1.000000 1.000000 1.000000
6315.136230 0.000000 1563.822632 0.000000 0.000000 0.000000 1.000000 1.000000 1.000000 1.000000
6370.368164 0.000000 1506.325684 0.000000 0.000000 0.000000 1.000000 1.000000 1.000000 1.000000
6393.356934 0.000000 1429.519165 0.000000 0.000000 0.000000 1.000000 1.000000 1.000000 1.000000
6480.664062 0.000000 1374.312744 0.000000 0.000000 0.000000 1.000000 1.000000 1.000000 1.000000
6504.993164 0.000000 1379.239624 0.000000 0.000000 0.000000 1.000000 1.000000 1.000000 1.000000
6494.042969 0.000000 1355.435059 0.000000 0.000000 0.000000 1.000000 1.000000 1.000000 1.000000
6709.549805 0.000000 1349.732300 0.000000 0.000000 0.000000 1.000000 1.000000 1.000000 1.000000
6616.566895 0.000000 1361.965820 0.000000 0.000000 0.000000 1.000000 1.000000 1.000000 1.000000
6564.193359 0.000000 1369.289917 0.000000 0.000000 0.000000 1.000000 1.000000 1.000000 1.000000
6542.114746 0.000000 1375.872192 0.000000 0.000000 0.000000 1.000000 1.000000 1.000000 1.000000
6590.642090 0.000000 1480.751587 0.000000 0.000000 0.000000 1.000000 1.000000 1.000000 1.000000
6534.020508 0.000000 1742.906616 0.000000 0.000000 0.000000 1.000000 1.000000 1.000000 1.000000
6557.230469 0.000000 1886.551025 0.000000 0.000000 0.000000 1.000000 1.000000 1.000000 1.000000
6522.412109 0.000000 1925.724731 0.000000 0.000000 0.000000 1.000000 1.000000 1.000000 1.000000
6531.278809 0.000000 1987.841431 0.000000 0.000000 0.000000 1.000000 1.000000 1.000000 1.000000
6606.970215 0.000000 1979.996338 0.000000 0.000000 0.000000 1.000000 1.000000 1.000000 1.000000
6581.034180 0.000000 2006.152222 0.000000 0.000000 0.000000 1.000000 1.000000 1.000000 1.000000
6666.089844 0.000000 2011.760864 0.000000 0.000000 0.000000 1.000000 1.000000 1.000000 1.000000
6689.666992 0.000000 2024.630127 0.000000 0.000000 0.000000 1.000000 1.000000 1.000000 1.000000
6750.525391 0.000000 2045.728760 0.000000 0.000000 0.000000 1.000000 1.000000 1.000000 1.000000
6798.181152 0.000000 2083.119385 0.000000 0.000000 0.000000 1.000000 1.000000 1.000000 1.000000
6854.406250 0.000000 2152.081055 0.000000 0.000000 0.000000 1.000000 1.000000 1.000000 1.000000
6885.736328 0.000000 2216.567871 0.000000 0.000000 0.000000 1.000000 1.000000 1.000000 1.000000
6821.839844 0.000000 2333.152588 0.000000 0.000000 0.000000 1.000000 1.000000 1.000000 1.000000
6836.054688 0.000000 2367.606934 0.000000 0.000000 0.000000 1.000000 1.000000 1.000000 1.000000
6891.545410 0.000000 2405.999023 0.000000 0.000000 0.000000 1.000000 1.000000 1.000000 1.000000
6803.535645 0.000000 2425.030273 0.000000 0.000000 0.000000 1.000000 1.000000 1.000000 1.000000
6775.137207 0.000000 2443.714844 0.000000 0.000000 0.000000 1.000000 1.000000 1.000000 1.000000
6855.637207 0.000000 2439.378418 0.000000 0.000000 0.000000 1.000000 1.000000 1.000000 1.000000
6950.117676 0.000000 2414.468994 0.000000 0.000000 0.000000 1.000000 1.000000 1.000000 1.000000
6976.457031 0.000000 2400.672363 0.000000 0.000000 0.000000 1.000000 1.000000 1.000000 1.000000
6965.943359 0.000000 2326.976318 0.000000 0.000000 0.000000 1.000000 1.000000 1.000000 1.000000
7029.608887 0.000000 2340.654541 0.000000 0.000000 0.000000 1.000000 1.000000 1.000000 1.000000
7051.857910 0.000000 2498.701660 0.000000 0.000000 0.000000 1.000000 1.000000 1.000000 1.000000
7054.229980 0.000000 2522.582031 0.000000 0.000000 0.000000 1.000000 1.000000 1.000000 1.000000
7111.093262 0.000000 2554.994873 0.000000 0.000000 0.000000 1.000000 1.000000 1.000000 1.000000
7012.642578 0.000000 2124.979980 0.000000 0.000000 0.000000 1.000000 1.000000 1.000000 1.000000
6850.274414 0.000000 2020.644043 0.000000 0.000000 0.000000 1.000000 1.000000 1.000000 1.000000
6829.546387 0.000000 1889.778931 0.000000 0.000000 0.000000 1.000000 1.000000 1.000000 1.000000
7063.288574 0.000000 2248.576416 0.000000 0.000000 0.000000 1.000000 1.000000 1.000000 1.000000
7077.844238 0.000000 2320.107178 0.000000 0.000000 0.000000 1.000000 1.000000 1.000000 1.000000
7152.833984 0.000000 2300.935547 0.000000 0.000000 0.000000 1.000000 1.000000 1.000000 1.000000
7167.596680 0.000000 2324.904541 0.000000 0.000000 0.000000 1.000000 1.000000 1.000000 1.000000
7219.280273 0.000000 2332.604492 0.000000 0.000000 0.000000 1.000000 1.000000 1.000000 1.000000
7259.950195 0.000000 2332.925781 0.000000 0.000000 0.000000 1.000000 1.000000 1.000000 1.000000
7306.023926 0.000000 2361.932129 0.000000 0.000000 0.000000 1.000000 1.000000 1.000000 1.000000
7321.857422 0.000000 2429.814697 0.000000 0.000000 0.000000 1.000000 1.000000 1.000000 1.000000
7287.692383 0.000000 2512.283691 0.000000 0.000000 0.000000 1.000000 1.000000 1.000000 1.000000
7319.651855 0.000000 2513.304688 0.000000 0.000000 0.000000 1.000000 1.000000 1.000000 1.000000
7280.160156 0.000000 2473.405273 0.000000 0.000000 0.000000 1.000000 1.000000 1.000000 1.000000
7249.368164 0.000000 2416.955566 0.000000 0.000000 0.000000 1.000000 1.000000 1.000000 1.000000
7180.326660 0.000000 2363.072998 0.000000 0.000000 0.000000 1.000000 1.000000 1.000000 1.000000
7360.059082 0.000000 2528.806152 0.000000 0.000000 0.000000 1.000000 1.000000 1.000000 1.000000
7408.770508 0.000000 2594.733398 0.000000 0.000000 0.000000 1.000000 1.000000 1.000000 1.000000
7348.680176 0.000000 2658.691406 0.000000 0.000000 0.000000 1.000000 1.000000 1.000000 1.000000
7627.021973 0.000000 1366.343262 0.000000 0.000000 0.000000 1.000000 1.000000 1.000000 1.000000
7745.997559 0.000000 1285.566895 0.000000 0.000000 0.000000 1.000000 1.000000 1.000000 1.000000
7569.770996 0.000000 1416.552246 0.000000 0.000000 0.000000 1.000000 1.000000 1.000000 1.000000
7422.001465 0.000000 1403.206421 0.000000 0.000000 0.000000 1.000000 1.000000 1.000000 1.000000
7023.489258 0.000000 1483.183594 0.000000 0.000000 0.000000 1.000000 1.000000 1.000000 1.000000
6929.450195 0.000000 1464.234863 0.000000 0.000000 0.000000 1.000000 1.000000 1.000000 1.000000
6949.661621 0.000000 1544.779297 0.000000 0.000000 0.000000 1.000000 1.000000 1.000000 1.000000
6902.905762 0.000000 1391.056030 0.000000 0.000000 0.000000 1.000000 1.000000 1.000000 1.000000
6841.140625 0.000000 1366.352173 0.000000 0.000000 0.000000 1.000000 1.000000 1.000000 1.000000
6945.392090 0.000000 1320.829712 0.000000 0.000000 0.000000 1.000000 1.000000 1.000000 1.000000
6894.512207 0.000000 1261.455200 0.000000 0.000000 0.000000 1.000000 1.000000 1.000000 1.000000
6731.190918 0.000000 1320.403931 0.000000 0.000000 0.000000 1.000000 1.000000 1.000000 1.000000
6708.960938 0.000000 1417.340942 0.000000 0.000000 0.000000 1.000000 1.000000 1.000000 1.000000
6775.645508 0.000000 1495.088867 0.000000 0.000000 0.000000 1.000000 1.000000 1.000000 1.000000
6812.958496 0.000000 1632.739624 0.000000 0.000000 0.000000 1.000000 1.000000 1.000000 1.000000
6759.089844 0.000000 1691.736206 0.000000 0.000000 0.000000 1.000000 1.000000 1.000000 1.000000
6881.563965 0.000000 1662.219849 0.000000 0.000000 0.000000 1.000000 1.000000 1.000000 1.000000
6949.156250 0.000000 1740.434326 0.000000 0.000000 0.000000 1.000000 1.000000 1.000000 1.000000
6971.680176 0.000000 1655.406982 0.000000 0.000000 0.000000 1.000000 1.000000 1.000000 1.000000
6909.177734 0.000000 1711.694702 0.000000 0.000000 0.000000 1.000000 1.000000 1.000000 1.000000
6882.706055 0.000000 1932.295898 0.000000 0.000000 0.000000 1.000000 1.000000 1.000000 1.000000
7082.944336 0.000000 1490.206909 0.000000 0.000000 0.000000 1.000000 1.000000 1.000000 1.000000
7109.565918 0.000000 1381.964722 0.000000 0.000000 0.000000 1.000000 1.000000 1.000000 1.000000
6453.873535 0.000000 1542.021484 0.000000 0.000000 0.000000 1.000000 1.000000 1.000000 1.000000
"}
object={
	name="bird_duck_01"
	clamp_to_water_level=yes
	render_under_water=no
	generated_content=no
	layer="environmental_effects"
	entity="duck_01_frame_entity"
	count=0
}
object={
	name="bird_eagle_01"
	clamp_to_water_level=yes
	render_under_water=no
	generated_content=no
	layer="environmental_effects"
	entity="eagle_01_frame_entity"
	count=0
}
object={
	name="bird_vulture_01"
	clamp_to_water_level=yes
	render_under_water=no
	generated_content=no
	layer="environmental_effects"
	entity="vulture_01_frame_entity"
	count=0
}
object={
	name="canyon_01"
	clamp_to_water_level=no
	render_under_water=no
	generated_content=no
	layer="massive_environment"
	pdxmesh="cliff_canyon_01_mesh"
	count=0
}
object={
	name="canyon_02"
	clamp_to_water_level=no
	render_under_water=no
	generated_content=no
	layer="massive_environment"
	pdxmesh="cliff_canyon_02_mesh"
	count=0
}
object={
	name="canyon_03"
	clamp_to_water_level=no
	render_under_water=no
	generated_content=no
	layer="massive_environment"
	pdxmesh="cliff_canyon_03_mesh"
	count=0
}
object={
	name="canyon_04"
	clamp_to_water_level=no
	render_under_water=no
	generated_content=no
	layer="massive_environment"
	pdxmesh="cliff_canyon_04_mesh"
	count=0
}
object={
	name="canyon_05"
	clamp_to_water_level=no
	render_under_water=no
	generated_content=no
	layer="massive_environment"
	pdxmesh="cliff_canyon_05_mesh"
	count=0
}
object={
	name="canyon_06"
	clamp_to_water_level=no
	render_under_water=no
	generated_content=no
	layer="massive_environment"
	pdxmesh="cliff_canyon_06_mesh"
	count=0
}
object={
	name="canyon_09"
	clamp_to_water_level=no
	render_under_water=no
	generated_content=no
	layer="massive_environment"
	pdxmesh="cliff_canyon_09_mesh"
	count=0
}
object={
	name="canyon_10"
	clamp_to_water_level=no
	render_under_water=no
	generated_content=no
	layer="massive_environment"
	pdxmesh="cliff_canyon_10_mesh"
	count=0
}
object={
	name="canyon_11"
	clamp_to_water_level=no
	render_under_water=no
	generated_content=no
	layer="massive_environment"
	pdxmesh="cliff_canyon_11_mesh"
	count=0
}
object={
	name="canyon_12"
	clamp_to_water_level=no
	render_under_water=no
	generated_content=no
	layer="massive_environment"
	pdxmesh="cliff_canyon_12_mesh"
	count=0
}
object={
	name="canyon_13"
	clamp_to_water_level=no
	render_under_water=no
	generated_content=no
	layer="massive_environment"
	pdxmesh="cliff_canyon_13_mesh"
	count=0
}
object={
	name="canyon_14"
	clamp_to_water_level=no
	render_under_water=yes
	generated_content=no
	layer="massive_environment"
	pdxmesh="cliff_canyon_14_mesh"
	count=0
}
object={
	name="canyon_15"
	clamp_to_water_level=no
	render_under_water=no
	generated_content=no
	layer="massive_environment"
	pdxmesh="cliff_canyon_15_mesh"
	count=0
}
object={
	name="canyon_16"
	clamp_to_water_level=no
	render_under_water=yes
	generated_content=no
	layer="massive_environment"
	pdxmesh="cliff_canyon_16_mesh"
	count=0
}
object={
	name="european_lighthouse_01"
	clamp_to_water_level=no
	render_under_water=yes
	generated_content=no
	layer="static"
	entity="european_lighthouse_01_entity"
	count=155
	transform="3983.865234 0.000000 2899.802734 0.000000 0.000000 0.000000 1.000000 1.000000 1.000000 1.000000
4010.626221 0.000000 2763.270020 0.000000 0.000000 0.000000 1.000000 1.000000 1.000000 1.000000
4134.586914 0.000000 2825.192627 -0.000000 0.145418 -0.000000 0.989370 1.000000 1.000000 1.000000
4090.277344 -0.000977 2782.131592 -0.000000 -0.000000 -0.000000 1.000000 1.000000 1.000000 1.000000
0.000000 0.000000 0.000000 0.000000 0.000000 0.000000 1.000000 1.000000 1.000000 1.000000
4928.818848 0.000000 2622.555420 0.000000 0.236626 0.000000 0.971601 1.000000 1.000000 1.000000
7258.162598 0.000000 2886.965332 0.000000 0.000000 0.000000 1.000000 1.000000 1.000000 1.000000
7343.291016 0.000000 3046.316650 0.000000 0.000000 0.000000 1.000000 1.000000 1.000000 1.000000
7493.180664 0.000000 3045.245605 0.000000 0.000000 0.000000 1.000000 1.000000 1.000000 1.000000
7632.352051 0.000000 3047.615723 0.000000 0.000000 0.000000 1.000000 1.000000 1.000000 1.000000
7739.482910 0.000000 3133.655762 0.000000 0.000000 0.000000 1.000000 1.000000 1.000000 1.000000
7790.386719 0.000000 2904.530518 0.000000 0.000000 0.000000 1.000000 1.000000 1.000000 1.000000
7634.405273 0.000000 2756.921387 0.000000 0.000000 0.000000 1.000000 1.000000 1.000000 1.000000
7976.326172 0.000000 3072.635986 0.000000 0.000000 0.000000 1.000000 1.000000 1.000000 1.000000
8184.429688 0.000000 3183.197266 0.000000 0.000000 0.000000 1.000000 1.000000 1.000000 1.000000
7932.961426 0.000000 366.030640 0.000000 0.000000 0.000000 1.000000 1.000000 1.000000 1.000000
7987.994141 0.000000 388.531189 0.000000 0.000000 0.000000 1.000000 1.000000 1.000000 1.000000
8068.439941 0.000000 520.130859 0.000000 0.000000 0.000000 1.000000 1.000000 1.000000 1.000000
8078.834473 0.000000 647.179138 0.000000 0.000000 0.000000 1.000000 1.000000 1.000000 1.000000
7471.240723 0.000000 534.425903 0.000000 0.000000 0.000000 1.000000 1.000000 1.000000 1.000000
7431.539551 0.000000 573.216492 0.000000 0.000000 0.000000 1.000000 1.000000 1.000000 1.000000
7542.561523 0.000000 706.914429 0.000000 0.000000 0.000000 1.000000 1.000000 1.000000 1.000000
7594.633789 0.000000 881.297913 0.000000 0.000000 0.000000 1.000000 1.000000 1.000000 1.000000
7587.622559 0.000000 938.858459 0.000000 0.000000 0.000000 1.000000 1.000000 1.000000 1.000000
7453.611328 0.000000 1066.792603 0.000000 0.000000 0.000000 1.000000 1.000000 1.000000 1.000000
7212.035645 0.000000 1258.913452 0.000000 0.000000 0.000000 1.000000 1.000000 1.000000 1.000000
6806.148438 0.000000 1047.257446 0.000000 0.000000 0.000000 1.000000 1.000000 1.000000 1.000000
6685.511230 0.000000 986.748657 0.000000 0.000000 0.000000 1.000000 1.000000 1.000000 1.000000
6720.008301 0.000000 698.643555 0.000000 0.000000 0.000000 1.000000 1.000000 1.000000 1.000000
7321.909180 0.000000 591.903809 0.000000 0.000000 0.000000 1.000000 1.000000 1.000000 1.000000
7870.031738 0.000000 1005.230774 0.000000 0.000000 0.000000 1.000000 1.000000 1.000000 1.000000
7923.311035 0.000000 1103.234253 0.000000 0.000000 0.000000 1.000000 1.000000 1.000000 1.000000
8155.312500 0.000000 1070.307251 0.000000 0.000000 0.000000 1.000000 1.000000 1.000000 1.000000
7337.815430 0.000000 1278.237793 0.000000 0.000000 0.000000 1.000000 1.000000 1.000000 1.000000
1934.775146 0.000000 2197.997559 0.000000 0.000000 0.000000 1.000000 1.000000 1.000000 1.000000
2043.458862 0.000000 2195.625488 0.000000 0.000000 0.000000 1.000000 1.000000 1.000000 1.000000
2088.119629 0.000000 2224.514160 0.000000 0.000000 0.000000 1.000000 1.000000 1.000000 1.000000
2155.687500 0.000000 2208.403076 0.000000 0.000000 0.000000 1.000000 1.000000 1.000000 1.000000
2209.550781 0.000000 2158.690430 0.000000 0.000000 0.000000 1.000000 1.000000 1.000000 1.000000
2243.445801 0.000000 2249.451172 0.000000 0.000000 0.000000 1.000000 1.000000 1.000000 1.000000
2288.655518 0.000000 2296.203613 0.000000 0.000000 0.000000 1.000000 1.000000 1.000000 1.000000
2318.098145 0.000000 2316.485352 0.000000 0.000000 0.000000 1.000000 1.000000 1.000000 1.000000
2366.025391 0.000000 2397.306641 0.000000 0.000000 0.000000 1.000000 1.000000 1.000000 1.000000
2356.949219 0.000000 2433.631104 0.000000 0.000000 0.000000 1.000000 1.000000 1.000000 1.000000
2388.927002 0.000000 2446.060791 0.000000 0.000000 0.000000 1.000000 1.000000 1.000000 1.000000
2457.577148 0.000000 2503.188232 0.000000 0.000000 0.000000 1.000000 1.000000 1.000000 1.000000
2483.670410 0.000000 2510.041504 0.000000 0.000000 0.000000 1.000000 1.000000 1.000000 1.000000
2495.377441 0.000000 2530.640869 0.000000 0.000000 0.000000 1.000000 1.000000 1.000000 1.000000
2486.389404 0.000000 2545.831055 0.000000 0.000000 0.000000 1.000000 1.000000 1.000000 1.000000
2505.399414 0.000000 2578.833252 0.000000 0.000000 0.000000 1.000000 1.000000 1.000000 1.000000
2601.266357 0.000000 2570.250488 0.000000 0.000000 0.000000 1.000000 1.000000 1.000000 1.000000
2617.634277 0.000000 2622.688232 0.000000 0.000000 0.000000 1.000000 1.000000 1.000000 1.000000
2735.860352 0.000000 2640.888916 0.000000 0.000000 0.000000 1.000000 1.000000 1.000000 1.000000
2627.706055 0.000000 2752.069336 0.000000 0.000000 0.000000 1.000000 1.000000 1.000000 1.000000
2746.293213 0.000000 2687.914062 0.000000 0.000000 0.000000 1.000000 1.000000 1.000000 1.000000
2885.019043 0.000000 2658.860352 0.000000 0.000000 0.000000 1.000000 1.000000 1.000000 1.000000
2821.854004 0.000000 2805.271729 0.000000 0.000000 0.000000 1.000000 1.000000 1.000000 1.000000
2776.141113 0.000000 3031.616699 0.000000 0.000000 0.000000 1.000000 1.000000 1.000000 1.000000
3038.572754 0.000000 3098.457275 0.000000 0.000000 0.000000 1.000000 1.000000 1.000000 1.000000
2937.313232 0.000000 3181.744385 0.000000 0.000000 0.000000 1.000000 1.000000 1.000000 1.000000
2909.953125 0.000000 3219.501953 0.000000 0.000000 0.000000 1.000000 1.000000 1.000000 1.000000
2870.214355 0.000000 3329.946777 0.000000 0.000000 0.000000 1.000000 1.000000 1.000000 1.000000
2881.004395 0.000000 3404.673340 0.000000 0.000000 0.000000 1.000000 1.000000 1.000000 1.000000
3580.572998 0.000000 3208.847656 0.000000 0.000000 0.000000 1.000000 1.000000 1.000000 1.000000
3637.076904 0.000000 3291.987793 0.000000 0.000000 0.000000 1.000000 1.000000 1.000000 1.000000
3557.105957 0.000000 3293.319092 0.000000 0.000000 0.000000 1.000000 1.000000 1.000000 1.000000
3966.989990 0.000000 2759.954102 0.000000 0.000000 0.000000 1.000000 1.000000 1.000000 1.000000
3986.282715 0.000000 2705.751709 0.000000 0.000000 0.000000 1.000000 1.000000 1.000000 1.000000
2270.399414 0.000000 2544.478760 0.000000 0.000000 0.000000 1.000000 1.000000 1.000000 1.000000
2233.207520 0.000000 2625.518311 0.000000 0.000000 0.000000 1.000000 1.000000 1.000000 1.000000
2163.177979 0.000000 2637.726562 0.000000 0.000000 0.000000 1.000000 1.000000 1.000000 1.000000
3968.143066 0.000000 2370.470215 0.000000 0.000000 0.000000 1.000000 1.000000 1.000000 1.000000
3928.009521 0.000000 2401.568848 0.000000 0.000000 0.000000 1.000000 1.000000 1.000000 1.000000
3892.805420 0.000000 2397.350830 0.000000 0.000000 0.000000 1.000000 1.000000 1.000000 1.000000
3879.844727 0.000000 2442.924316 0.000000 0.000000 0.000000 1.000000 1.000000 1.000000 1.000000
3894.631348 0.000000 2479.315918 0.000000 0.000000 0.000000 1.000000 1.000000 1.000000 1.000000
3885.568848 0.000000 2554.843506 0.000000 0.000000 0.000000 1.000000 1.000000 1.000000 1.000000
3906.491943 0.000000 2571.670410 0.000000 0.000000 0.000000 1.000000 1.000000 1.000000 1.000000
4014.129150 0.000000 2569.659424 0.000000 0.000000 0.000000 1.000000 1.000000 1.000000 1.000000
4054.901611 0.000000 2567.759033 0.000000 0.000000 0.000000 1.000000 1.000000 1.000000 1.000000
4064.407715 0.000000 2639.934570 0.000000 0.000000 0.000000 1.000000 1.000000 1.000000 1.000000
4025.498779 0.000000 2676.052246 0.000000 0.000000 0.000000 1.000000 1.000000 1.000000 1.000000
4052.071289 0.000000 2748.868164 0.000000 0.000000 0.000000 1.000000 1.000000 1.000000 1.000000
4095.884277 0.000000 2869.069824 0.000000 0.000000 0.000000 1.000000 1.000000 1.000000 1.000000
4035.302246 0.000000 2950.300049 0.000000 0.000000 0.000000 1.000000 1.000000 1.000000 1.000000
4021.190918 0.000000 3034.988770 0.000000 0.000000 0.000000 1.000000 1.000000 1.000000 1.000000
3934.338135 0.000000 2917.465820 0.000000 0.000000 0.000000 1.000000 1.000000 1.000000 1.000000
4208.221191 0.000000 2856.043945 0.000000 0.000000 0.000000 1.000000 1.000000 1.000000 1.000000
4125.302246 0.000000 2791.307617 0.000000 0.000000 0.000000 1.000000 1.000000 1.000000 1.000000
4098.380371 0.000000 2741.231934 0.000000 0.000000 0.000000 1.000000 1.000000 1.000000 1.000000
4184.045898 0.000000 2813.492920 0.000000 0.000000 0.000000 1.000000 1.000000 1.000000 1.000000
4291.287598 0.000000 2887.748291 0.000000 0.000000 0.000000 1.000000 1.000000 1.000000 1.000000
4280.916992 0.000000 2945.112305 0.000000 0.000000 0.000000 1.000000 1.000000 1.000000 1.000000
4336.748535 0.000000 2997.814209 0.000000 0.000000 0.000000 1.000000 1.000000 1.000000 1.000000
4346.256836 0.000000 3035.984375 0.000000 0.000000 0.000000 1.000000 1.000000 1.000000 1.000000
4204.171875 0.000000 3096.495605 0.000000 0.000000 0.000000 1.000000 1.000000 1.000000 1.000000
4422.258789 0.000000 3343.789062 0.000000 0.000000 0.000000 1.000000 1.000000 1.000000 1.000000
4861.896484 0.000000 3416.140625 0.000000 0.000000 0.000000 1.000000 1.000000 1.000000 1.000000
5036.849609 0.000000 3331.328613 0.000000 0.000000 0.000000 1.000000 1.000000 1.000000 1.000000
4930.704590 0.000000 3240.653809 0.000000 0.000000 0.000000 1.000000 1.000000 1.000000 1.000000
4387.802734 0.000000 2930.463623 0.000000 0.000000 0.000000 1.000000 1.000000 1.000000 1.000000
4348.395508 0.000000 2903.502441 0.000000 0.000000 0.000000 1.000000 1.000000 1.000000 1.000000
4342.782715 0.000000 2882.057129 0.000000 0.000000 0.000000 1.000000 1.000000 1.000000 1.000000
4407.447266 0.000000 2895.326904 0.000000 0.000000 0.000000 1.000000 1.000000 1.000000 1.000000
4418.725098 0.000000 2923.137451 0.000000 0.000000 0.000000 1.000000 1.000000 1.000000 1.000000
4511.229004 0.000000 2971.241699 0.000000 0.000000 0.000000 1.000000 1.000000 1.000000 1.000000
4524.830078 0.000000 2898.558105 0.000000 0.000000 0.000000 1.000000 1.000000 1.000000 1.000000
4576.293457 0.000000 2938.034912 0.000000 0.000000 0.000000 1.000000 1.000000 1.000000 1.000000
4597.095703 0.000000 3004.600098 0.000000 0.000000 0.000000 1.000000 1.000000 1.000000 1.000000
4535.622559 0.000000 3007.610840 0.000000 0.000000 0.000000 1.000000 1.000000 1.000000 1.000000
4501.735840 0.000000 3033.887695 0.000000 0.000000 0.000000 1.000000 1.000000 1.000000 1.000000
4519.757324 0.000000 3050.754639 0.000000 0.000000 0.000000 1.000000 1.000000 1.000000 1.000000
4559.336914 0.000000 3070.886475 0.000000 0.000000 0.000000 1.000000 1.000000 1.000000 1.000000
4595.523926 0.000000 3086.078125 0.000000 0.000000 0.000000 1.000000 1.000000 1.000000 1.000000
4580.482910 0.000000 3191.824463 0.000000 0.000000 0.000000 1.000000 1.000000 1.000000 1.000000
4605.218262 0.000000 3267.018799 0.000000 0.000000 0.000000 1.000000 1.000000 1.000000 1.000000
4670.870605 0.000000 3258.702637 0.000000 0.000000 0.000000 1.000000 1.000000 1.000000 1.000000
4760.983887 0.000000 3079.339355 0.000000 0.000000 0.000000 1.000000 1.000000 1.000000 1.000000
4681.648926 0.000000 3061.316406 0.000000 0.000000 0.000000 1.000000 1.000000 1.000000 1.000000
4791.357910 0.000000 2645.030273 0.000000 0.000000 0.000000 1.000000 1.000000 1.000000 1.000000
4838.363770 0.000000 2622.747559 0.000000 0.000000 0.000000 1.000000 1.000000 1.000000 1.000000
4864.596680 0.000000 2595.009033 0.000000 0.000000 0.000000 1.000000 1.000000 1.000000 1.000000
4942.691895 0.000000 2662.855469 0.000000 0.000000 0.000000 1.000000 1.000000 1.000000 1.000000
4747.163574 0.000000 2571.297607 0.000000 0.000000 0.000000 1.000000 1.000000 1.000000 1.000000
4729.302246 0.000000 2549.943604 0.000000 0.000000 0.000000 1.000000 1.000000 1.000000 1.000000
4658.992676 0.000000 2491.775879 0.000000 0.000000 0.000000 1.000000 1.000000 1.000000 1.000000
4635.032715 0.000000 2473.165771 0.000000 0.000000 0.000000 1.000000 1.000000 1.000000 1.000000
4657.562500 0.000000 2441.193604 0.000000 0.000000 0.000000 1.000000 1.000000 1.000000 1.000000
4626.654785 0.000000 2446.896729 0.000000 0.000000 0.000000 1.000000 1.000000 1.000000 1.000000
4686.397949 0.000000 2377.448730 0.000000 0.000000 0.000000 1.000000 1.000000 1.000000 1.000000
4048.930420 0.000000 2388.935547 0.000000 0.000000 0.000000 1.000000 1.000000 1.000000 1.000000
4079.541260 0.000000 2411.050293 0.000000 0.000000 0.000000 1.000000 1.000000 1.000000 1.000000
4127.806152 0.000000 2438.107666 0.000000 0.000000 0.000000 1.000000 1.000000 1.000000 1.000000
4118.950684 0.000000 2496.936279 0.000000 0.000000 0.000000 1.000000 1.000000 1.000000 1.000000
4194.430664 0.000000 2570.083740 0.000000 0.000000 0.000000 1.000000 1.000000 1.000000 1.000000
4234.924316 0.000000 2558.682861 0.000000 0.000000 0.000000 1.000000 1.000000 1.000000 1.000000
4322.233887 0.000000 2586.330811 0.000000 0.000000 0.000000 1.000000 1.000000 1.000000 1.000000
4348.877441 0.000000 2539.388672 0.000000 0.000000 0.000000 1.000000 1.000000 1.000000 1.000000
4309.726562 0.000000 2554.903564 0.000000 0.000000 0.000000 1.000000 1.000000 1.000000 1.000000
4288.155273 0.000000 2447.865479 0.000000 0.000000 0.000000 1.000000 1.000000 1.000000 1.000000
4423.172852 0.000000 2489.851318 0.000000 0.000000 0.000000 1.000000 1.000000 1.000000 1.000000
4461.226562 0.000000 2419.404541 0.000000 0.000000 0.000000 1.000000 1.000000 1.000000 1.000000
4439.000977 0.000000 2388.294678 0.000000 0.000000 0.000000 1.000000 1.000000 1.000000 1.000000
4374.604004 0.000000 2419.278076 0.000000 0.000000 0.000000 1.000000 1.000000 1.000000 1.000000
4695.193359 0.000000 2348.308594 0.000000 0.000000 0.000000 1.000000 1.000000 1.000000 1.000000
4461.197266 0.000000 2525.514648 0.000000 0.000000 0.000000 1.000000 1.000000 1.000000 1.000000
4513.882324 0.000000 2471.621826 0.000000 0.000000 0.000000 1.000000 1.000000 1.000000 1.000000
4404.842285 0.000000 2574.422363 0.000000 0.000000 0.000000 1.000000 1.000000 1.000000 1.000000
4378.269531 0.000000 2608.306885 0.000000 0.000000 0.000000 1.000000 1.000000 1.000000 1.000000
4435.156738 0.000000 2588.248779 0.000000 0.000000 0.000000 1.000000 1.000000 1.000000 1.000000
4464.836914 0.000000 2558.255127 0.000000 0.000000 0.000000 1.000000 1.000000 1.000000 1.000000
4578.972168 0.000000 2430.582031 0.000000 0.000000 0.000000 1.000000 1.000000 1.000000 1.000000
4609.278809 0.000000 2378.601318 0.000000 0.000000 0.000000 1.000000 1.000000 1.000000 1.000000
4571.350586 0.000000 2412.223145 0.000000 0.000000 0.000000 1.000000 1.000000 1.000000 1.000000
4650.796875 0.000000 2386.696045 0.000000 0.000000 0.000000 1.000000 1.000000 1.000000 1.000000
"}
object={
	name="latin_lighthouse_01"
	clamp_to_water_level=no
	render_under_water=no
	generated_content=no
	layer="static"
	entity="latin_lighthouse_01_entity"
	count=82
	transform="2630.008057 0.000000 1763.036011 0.000000 -0.955233 0.000000 0.295854 1.000000 1.000000 1.000000
2483.722656 0.000000 180.054718 0.000000 0.000000 0.000000 1.000000 1.000000 1.000000 1.000000
2536.550781 0.000000 197.808105 0.000000 0.000000 0.000000 1.000000 1.000000 1.000000 1.000000
2563.168701 0.000000 301.773438 0.000000 0.946846 0.000000 0.321687 1.000000 1.000000 1.000000
2802.546143 0.000000 644.808960 0.000000 0.000000 0.000000 1.000000 1.000000 1.000000 1.000000
2791.579590 0.000000 671.896179 0.000000 0.000000 0.000000 1.000000 1.000000 1.000000 1.000000
2838.333496 0.000000 684.382690 0.000000 0.000000 0.000000 1.000000 1.000000 1.000000 1.000000
2911.860840 0.000000 756.613831 0.000000 0.000000 0.000000 1.000000 1.000000 1.000000 1.000000
2993.274902 0.000000 870.732422 0.000000 0.000000 0.000000 1.000000 1.000000 1.000000 1.000000
3035.437012 0.000000 953.553711 0.000000 0.000000 0.000000 1.000000 1.000000 1.000000 1.000000
3137.283447 0.000000 981.555054 0.000000 0.000000 0.000000 1.000000 1.000000 1.000000 1.000000
3170.265381 0.000000 1031.990479 0.000000 0.000000 0.000000 1.000000 1.000000 1.000000 1.000000
3207.864258 0.000000 1163.228882 0.000000 0.000000 0.000000 1.000000 1.000000 1.000000 1.000000
3250.423828 0.000000 1258.992920 0.000000 0.000000 0.000000 1.000000 1.000000 1.000000 1.000000
3300.520264 0.000000 1354.674683 0.000000 0.000000 0.000000 1.000000 1.000000 1.000000 1.000000
3255.853516 0.000000 1398.008179 0.000000 0.000000 0.000000 1.000000 1.000000 1.000000 1.000000
3142.006836 0.000000 1449.764771 0.000000 0.000000 0.000000 1.000000 1.000000 1.000000 1.000000
3071.651855 0.000000 1482.700684 0.000000 0.000000 0.000000 1.000000 1.000000 1.000000 1.000000
2954.348145 0.000000 1524.327393 0.000000 0.000000 0.000000 1.000000 1.000000 1.000000 1.000000
2921.858887 0.000000 1612.267578 0.000000 0.000000 0.000000 1.000000 1.000000 1.000000 1.000000
2770.750488 0.000000 1671.612061 0.000000 0.000000 0.000000 1.000000 1.000000 1.000000 1.000000
2657.066406 0.000000 1756.454712 0.000000 0.000000 0.000000 1.000000 1.000000 1.000000 1.000000
2462.985840 0.000000 1763.274170 0.000000 0.000000 0.000000 1.000000 1.000000 1.000000 1.000000
2496.719727 0.000000 1777.583374 0.000000 0.000000 0.000000 1.000000 1.000000 1.000000 1.000000
2453.240234 0.000000 1792.151123 0.000000 0.000000 0.000000 1.000000 1.000000 1.000000 1.000000
2407.201904 0.000000 1770.567505 0.000000 0.000000 0.000000 1.000000 1.000000 1.000000 1.000000
2278.927002 0.000000 1729.844482 0.000000 0.000000 0.000000 1.000000 1.000000 1.000000 1.000000
2330.632080 0.000000 1605.498047 0.000000 0.000000 0.000000 1.000000 1.000000 1.000000 1.000000
2296.348633 0.000000 1548.698853 0.000000 0.000000 0.000000 1.000000 1.000000 1.000000 1.000000
2270.500244 0.000000 1356.420166 0.000000 0.000000 0.000000 1.000000 1.000000 1.000000 1.000000
2344.259766 0.000000 1230.326050 0.000000 0.000000 0.000000 1.000000 1.000000 1.000000 1.000000
2354.479248 0.000000 1193.394043 0.000000 0.000000 0.000000 1.000000 1.000000 1.000000 1.000000
2452.256348 0.000000 1122.188599 0.000000 0.000000 0.000000 1.000000 1.000000 1.000000 1.000000
2497.752441 0.000000 1053.603882 0.000000 0.000000 0.000000 1.000000 1.000000 1.000000 1.000000
2490.226074 0.000000 925.476990 0.000000 0.000000 0.000000 1.000000 1.000000 1.000000 1.000000
2464.471436 0.000000 729.985168 0.000000 0.000000 0.000000 1.000000 1.000000 1.000000 1.000000
2423.896729 0.000000 556.651489 0.000000 0.000000 0.000000 1.000000 1.000000 1.000000 1.000000
2393.669922 0.000000 449.808380 0.000000 0.000000 0.000000 1.000000 1.000000 1.000000 1.000000
2438.152100 0.000000 496.085388 0.000000 0.000000 0.000000 1.000000 1.000000 1.000000 1.000000
2373.127686 0.000000 361.973450 0.000000 0.000000 0.000000 1.000000 1.000000 1.000000 1.000000
2199.618164 0.000000 1743.140137 0.000000 0.000000 0.000000 1.000000 1.000000 1.000000 1.000000
2129.311279 0.000000 1778.304688 0.000000 0.000000 0.000000 1.000000 1.000000 1.000000 1.000000
2047.290649 0.000000 1825.184937 0.000000 0.000000 0.000000 1.000000 1.000000 1.000000 1.000000
1943.290894 0.000000 1885.275391 0.000000 0.000000 0.000000 1.000000 1.000000 1.000000 1.000000
1921.303101 0.000000 1880.744019 0.000000 0.000000 0.000000 1.000000 1.000000 1.000000 1.000000
1820.337646 0.000000 1898.756104 0.000000 0.000000 0.000000 1.000000 1.000000 1.000000 1.000000
1697.342896 0.000000 1989.482544 0.000000 0.000000 0.000000 1.000000 1.000000 1.000000 1.000000
1602.109375 0.000000 2117.988770 0.000000 0.000000 0.000000 1.000000 1.000000 1.000000 1.000000
1568.436890 0.000000 2164.220703 0.000000 0.000000 0.000000 1.000000 1.000000 1.000000 1.000000
2114.903809 0.000000 1872.900146 0.000000 0.000000 0.000000 1.000000 1.000000 1.000000 1.000000
2084.551514 0.000000 1899.802856 0.000000 0.000000 0.000000 1.000000 1.000000 1.000000 1.000000
2009.850098 0.000000 1946.206787 0.000000 0.000000 0.000000 1.000000 1.000000 1.000000 1.000000
1939.220093 0.000000 1935.265259 0.000000 0.000000 0.000000 1.000000 1.000000 1.000000 1.000000
1865.463501 0.000000 2031.111572 0.000000 0.000000 0.000000 1.000000 1.000000 1.000000 1.000000
2778.083008 0.000000 695.625488 0.000000 0.000000 0.000000 1.000000 1.000000 1.000000 1.000000
2566.868164 0.000000 84.170784 0.000000 0.000000 0.000000 1.000000 1.000000 1.000000 1.000000
2401.710938 0.000000 169.273880 0.000000 0.000000 0.000000 1.000000 1.000000 1.000000 1.000000
2378.385742 0.000000 246.583527 0.000000 0.000000 0.000000 1.000000 1.000000 1.000000 1.000000
2735.105713 0.000000 193.345016 0.000000 0.000000 0.000000 1.000000 1.000000 1.000000 1.000000
2418.806885 0.000000 622.880127 0.000000 0.000000 0.000000 1.000000 1.000000 1.000000 1.000000
2470.389648 0.000000 812.407776 0.000000 0.000000 0.000000 1.000000 1.000000 1.000000 1.000000
2273.363770 0.000000 1441.763306 0.000000 0.000000 0.000000 1.000000 1.000000 1.000000 1.000000
2271.470947 0.000000 1683.802490 0.000000 0.000000 0.000000 1.000000 1.000000 1.000000 1.000000
2969.008301 0.000000 1469.052612 0.000000 0.000000 0.000000 1.000000 1.000000 1.000000 1.000000
2706.937012 0.000000 1834.344604 0.000000 0.000000 0.000000 1.000000 1.000000 1.000000 1.000000
2699.483887 0.000000 1813.527344 0.000000 0.000000 0.000000 1.000000 1.000000 1.000000 1.000000
2616.392334 0.000000 1918.006836 0.000000 0.000000 0.000000 1.000000 1.000000 1.000000 1.000000
2599.026611 0.000000 1934.160767 0.000000 0.000000 0.000000 1.000000 1.000000 1.000000 1.000000
2531.586182 0.000000 1927.834106 0.000000 0.000000 0.000000 1.000000 1.000000 1.000000 1.000000
2495.467773 0.000000 1930.494263 0.000000 0.000000 0.000000 1.000000 1.000000 1.000000 1.000000
2399.556885 0.000000 1935.778320 0.000000 0.000000 0.000000 1.000000 1.000000 1.000000 1.000000
2405.093994 0.000000 1977.824707 0.000000 0.000000 0.000000 1.000000 1.000000 1.000000 1.000000
2337.843750 0.000000 1926.937744 0.000000 0.000000 0.000000 1.000000 1.000000 1.000000 1.000000
2326.805908 0.000000 1970.749512 0.000000 0.000000 0.000000 1.000000 1.000000 1.000000 1.000000
2204.479980 0.000000 2015.768433 0.000000 0.000000 0.000000 1.000000 1.000000 1.000000 1.000000
2160.495361 0.000000 2018.343262 0.000000 0.000000 0.000000 1.000000 1.000000 1.000000 1.000000
2113.829346 0.000000 1980.909424 0.000000 0.000000 0.000000 1.000000 1.000000 1.000000 1.000000
2090.138428 0.000000 1919.419800 0.000000 0.000000 0.000000 1.000000 1.000000 1.000000 1.000000
2144.238281 0.000000 1877.895386 0.000000 0.000000 0.000000 1.000000 1.000000 1.000000 1.000000
2201.385010 0.000000 1856.589844 0.000000 0.000000 0.000000 1.000000 1.000000 1.000000 1.000000
2207.422607 0.000000 1697.395264 0.000000 0.000000 0.000000 1.000000 1.000000 1.000000 1.000000
2609.693359 0.000000 123.340691 0.000000 0.000000 0.000000 1.000000 1.000000 1.000000 1.000000
"}
object={
	name="rockformation_granite_03"
	clamp_to_water_level=no
	render_under_water=yes
	generated_content=no
	layer="massive_environment"
	pdxmesh="rockformation_06_mesh"
	count=0
}
object={
	name="rockformation_granite_04"
	clamp_to_water_level=no
	render_under_water=yes
	generated_content=no
	layer="massive_environment"
	pdxmesh="rockformation_07_mesh"
	count=0
}
object={
	name="rockformation_granite_05"
	clamp_to_water_level=no
	render_under_water=yes
	generated_content=no
	layer="massive_environment"
	pdxmesh="rockformation_08_mesh"
	count=0
}
object={
	name="rockformation_granite_06"
	clamp_to_water_level=no
	render_under_water=yes
	generated_content=no
	layer="massive_environment"
	pdxmesh="rockformation_09_mesh"
	count=0
}
object={
	name="rockformation_sandstone_01"
	clamp_to_water_level=no
	render_under_water=yes
	generated_content=no
	layer="massive_environment"
	pdxmesh="rockformation_sandstone_01_mesh"
	count=0
}
object={
	name="rockformation_sandstone_03"
	clamp_to_water_level=no
	render_under_water=yes
	generated_content=no
	layer="massive_environment"
	pdxmesh="rockformation_sandstone_03_mesh"
	count=0
}
object={
	name="rockformation_sandstone_06"
	clamp_to_water_level=no
	render_under_water=yes
	generated_content=no
	layer="massive_environment"
	pdxmesh="rockformation_sandstone_06_mesh"
	count=0
}
object={
	name="rubber_lodge_01"
	clamp_to_water_level=yes
	render_under_water=no
	generated_content=no
	layer="farms_dynamic"
	pdxmesh="rubber_lodge_01_mesh"
	count=0
}
object={
	name="seagull_01"
	clamp_to_water_level=yes
	render_under_water=no
	generated_content=no
	layer="environmental_effects"
	entity="seagull_port_entity"
	count=1
	transform="8191.812012 0.000000 3251.912354 0.000000 0.000000 0.000000 1.000000 1.000000 1.000000 1.000000
"}
object={
	name="smoke_chimney_01"
	clamp_to_water_level=yes
	render_under_water=no
	generated_content=no
	layer="environmental_effects"
	entity="smoke_chimney_01"
	count=0
}
object={
	name="whale_01"
	clamp_to_water_level=yes
	render_under_water=yes
	generated_content=no
	layer="environmental_effects"
	entity="whale_entity"
	count=0
}
object={
	name="whale_white_01"
	clamp_to_water_level=yes
	render_under_water=yes
	generated_content=no
	layer="environmental_effects"
	entity="whale_white_entity"
	count=0
}
